1 0.670261 0.130567 0.013072 0.010095
1 0.670261 0.145708 0.013072 0.010095
1 0.089051 0.189874 0.013072 0.010095
1 0.088889 0.213849 0.013072 0.010095
1 0.088889 0.228994 0.013072 0.010095
1 0.089051 0.244135 0.013072 0.010095
0 0.623529 0.258015 0.635294 0.015141
1 0.089051 0.274417 0.013072 0.010095
0 0.623529 0.288301 0.635294 0.015141
1 0.089051 0.303441 0.013072 0.010095
1 0.088889 0.327416 0.013072 0.010095
1 0.088889 0.341927 0.013072 0.010095
0 0.594118 0.340665 0.694118 0.013879
0 0.538725 0.355179 0.146078 0.012617
0 0.866340 0.355179 0.149673 0.012617
0 0.323734 0.385464 0.267729 0.017667
0 0.576675 0.385464 0.232435 0.017667
0 0.818464 0.385464 0.245425 0.017667
0 0.323734 0.415750 0.267729 0.017667
0 0.576675 0.415750 0.232435 0.017667
0 0.818464 0.415750 0.245425 0.017667
0 0.565523 0.446032 0.751307 0.017667
0 0.565523 0.476318 0.751307 0.017667
0 0.565523 0.506604 0.751307 0.017667
0 0.565523 0.536886 0.751307 0.017667
0 0.305882 0.568431 0.164706 0.015141
0 0.523734 0.567172 0.197141 0.017667
0 0.729616 0.567172 0.208905 0.017667
1 0.865359 0.552659 0.013072 0.010095
1 0.865359 0.567800 0.013072 0.010095
0 0.306087 0.606290 0.232435 0.015141
0 0.535498 0.606290 0.220670 0.015141
0 0.794935 0.606290 0.292484 0.015141
1 0.230882 0.636571 0.014706 0.011357
1 0.325000 0.636573 0.014706 0.011357
1 0.583823 0.636571 0.014706 0.011357
1 0.760294 0.636571 0.014706 0.011357
0 0.870588 0.636572 0.141176 0.015141
0 0.504902 0.651086 0.425490 0.013879
0 0.406863 0.665596 0.268627 0.012617
0 0.664706 0.665596 0.105882 0.012617
0 0.888235 0.665596 0.105882 0.012617
1 0.230882 0.696512 0.014706 0.011357
1 0.230882 0.711653 0.014706 0.011357
0 0.437255 0.727426 0.066667 0.015141
0 0.507843 0.727426 0.043137 0.015141
0 0.590196 0.727426 0.090196 0.015141
0 0.743137 0.727426 0.066667 0.015141
0 0.813725 0.727426 0.043137 0.015141
0 0.896078 0.727426 0.090196 0.015141
0 0.476471 0.742572 0.152941 0.015144
0 0.641176 0.742572 0.152941 0.015144
0 0.835294 0.742572 0.211765 0.015144
0 0.786601 0.772222 0.309150 0.013879
0 0.444935 0.786736 0.263072 0.012617
0 0.824510 0.786736 0.233333 0.012617
0 0.818464 0.854875 0.245425 0.017667
0 0.359028 0.885161 0.338317 0.017667
1 0.594771 0.886420 0.013072 0.010095
1 0.700654 0.886420 0.013072 0.010095
1 0.830065 0.886420 0.013072 0.010095
0 0.835294 0.901565 0.211765 0.015141
0 0.835294 0.916706 0.211765 0.015141
0 0.359028 0.946992 0.338317 0.015141
0 0.611969 0.946992 0.161846 0.015141
0 0.766217 0.931848 0.088644 0.015141
0 0.893627 0.931848 0.095098 0.015141
0 0.868301 0.946992 0.145752 0.015141