0 0.830229 0.089686 0.221895 0.032828
0 0.512582 0.127565 0.857190 0.017678
0 0.282557 0.157869 0.397141 0.017678
0 0.712582 0.157869 0.457190 0.017678
0 0.282557 0.188174 0.397141 0.017678
0 0.282557 0.218474 0.397141 0.017678
0 0.712582 0.188174 0.457190 0.017678
0 0.712582 0.218474 0.457190 0.017678
0 0.512582 0.248778 0.857190 0.017678
0 0.311969 0.279083 0.455964 0.017678
0 0.741993 0.279083 0.398366 0.017678
1 0.423529 0.310014 0.013072 0.010101
1 0.494118 0.310014 0.013072 0.010101
0 0.876471 0.310647 0.129412 0.015150
1 0.811765 0.325797 0.013072 0.010101
1 0.894118 0.325797 0.013072 0.010101
1 0.105882 0.356101 0.013072 0.010101
0 0.341176 0.356102 0.164706 0.015150
1 0.552941 0.356101 0.013072 0.010101
0 0.835294 0.356102 0.211765 0.015150
1 0.105882 0.371251 0.013072 0.010101
1 0.552941 0.371251 0.013072 0.010101
0 0.829412 0.371252 0.223529 0.015150
1 0.105882 0.386402 0.013072 0.010101
0 0.458824 0.386402 0.141176 0.015150
1 0.552941 0.386402 0.013072 0.010101
0 0.823529 0.386402 0.235294 0.015150
1 0.105882 0.401556 0.013072 0.010101
1 0.552941 0.401556 0.013072 0.010101
1 0.729412 0.401556 0.013072 0.010101
1 0.105882 0.416706 0.013072 0.010101
1 0.552941 0.416706 0.013072 0.010101
1 0.729412 0.416706 0.013072 0.010101
1 0.105882 0.431856 0.013072 0.010101
0 0.441176 0.431857 0.176471 0.015150
1 0.552941 0.431856 0.013072 0.010101
1 0.729412 0.431856 0.013072 0.010101
1 0.105882 0.447010 0.013072 0.010101
0 0.382353 0.447011 0.294118 0.015150
0 0.857000 0.447011 0.168353 0.015150
0 0.553145 0.476051 0.208905 0.017678
0 0.800817 0.476051 0.280719 0.017678
1 0.458824 0.493727 0.013072 0.010101
0 0.817647 0.492465 0.247059 0.015150
1 0.105882 0.507615 0.013072 0.010101
0 0.388235 0.507616 0.094118 0.015150
0 0.264706 0.522766 0.341176 0.015150
1 0.458824 0.508878 0.013072 0.010101
0 0.852941 0.507616 0.176471 0.015150
1 0.458824 0.524028 0.013072 0.010101
1 0.105882 0.539182 0.013072 0.010101
1 0.458824 0.539182 0.013072 0.010101
0 0.800000 0.537920 0.282353 0.015150
1 0.105882 0.554332 0.013072 0.010101
1 0.458824 0.554332 0.013072 0.010101
0 0.823529 0.553070 0.235294 0.015150
1 0.105882 0.568220 0.013072 0.010101
0 0.582353 0.568220 0.717647 0.015150
0 0.317647 0.597264 0.447059 0.017678
0 0.870588 0.583374 0.141176 0.015150
0 0.164706 0.673020 0.141176 0.017678
0 0.305882 0.673020 0.141176 0.017678
0 0.458824 0.673020 0.164706 0.017678
1 0.668626 0.674283 0.013072 0.010101
0 0.794118 0.704584 0.294118 0.015150
1 0.529412 0.719737 0.013072 0.010101
1 0.741176 0.719737 0.013072 0.010101
1 0.105882 0.734888 0.013072 0.010101
1 0.211765 0.734888 0.013072 0.010101
1 0.341176 0.734888 0.013072 0.010101
1 0.529412 0.734888 0.013072 0.010101
1 0.741176 0.734888 0.013072 0.010101
1 0.882353 0.734888 0.013072 0.010101
1 0.105882 0.750038 0.013072 0.010101
1 0.211765 0.750038 0.013072 0.010101
1 0.341176 0.750038 0.013072 0.010101
1 0.529412 0.750038 0.013072 0.010101
0 0.794118 0.750039 0.294118 0.015150
0 0.517647 0.779083 0.847059 0.017678
1 0.588235 0.795492 0.013072 0.010101
1 0.658824 0.795492 0.013072 0.010101
0 0.374065 0.810647 0.169518 0.015150
0 0.423734 0.854838 0.561846 0.017678
0 0.824346 0.854838 0.233660 0.017678
0 0.423734 0.885142 0.561846 0.017678
0 0.824346 0.885142 0.233660 0.017678
0 0.475688 0.916706 0.457938 0.015150
0 0.824346 0.915446 0.233660 0.017678
0 0.824346 0.945747 0.233660 0.017678