0 0.431699 0.085860 0.124837 0.015152
0 0.631699 0.085860 0.124837 0.015152
0 0.737908 0.085860 0.040523 0.015152
0 0.222917 0.119951 0.328186 0.017678
0 0.576675 0.119951 0.373611 0.017678
0 0.853758 0.119951 0.174837 0.017678
0 0.222917 0.150252 0.328186 0.017678
0 0.576675 0.150252 0.373611 0.017678
0 0.853758 0.150252 0.174837 0.017678
0 0.369975 0.180556 0.622304 0.017678
0 0.723529 0.180556 0.079085 0.017678
0 0.305065 0.210861 0.492484 0.017678
0 0.605882 0.210861 0.102614 0.017678
0 0.711765 0.210861 0.102614 0.017678
0 0.240564 0.241161 0.363480 0.017678
0 0.541381 0.241161 0.232435 0.017678
0 0.711969 0.241161 0.103023 0.017678
1 0.830065 0.240530 0.013072 0.010101
1 0.888889 0.240530 0.013072 0.010101
1 0.174508 0.257575 0.013072 0.010101
1 0.174508 0.272725 0.013072 0.010101
1 0.174508 0.287879 0.013072 0.010101
1 0.609802 0.257575 0.013072 0.010101
1 0.609802 0.287879 0.013072 0.010101
0 0.700000 0.318180 0.458823 0.015150
1 0.174508 0.333965 0.013072 0.010101
0 0.741176 0.348484 0.376471 0.015150
1 0.830065 0.385099 0.013072 0.010101
1 0.888889 0.385099 0.013072 0.010101
1 0.303920 0.401515 0.013072 0.010101
1 0.468626 0.401515 0.013072 0.010101
1 0.162743 0.416665 0.013072 0.010101
1 0.198038 0.438761 0.013072 0.010101
1 0.433332 0.438761 0.013072 0.010101
1 0.598038 0.438761 0.013072 0.010101
1 0.833332 0.438761 0.013072 0.010101
1 0.136763 0.529039 0.013072 0.010101
0 0.293505 0.484848 0.281127 0.015150
0 0.505882 0.484848 0.141176 0.015150
0 0.629616 0.484848 0.103023 0.015150
1 0.747059 0.484847 0.013072 0.010101
1 0.876471 0.484847 0.013072 0.010101
0 0.293505 0.499998 0.281127 0.015150
0 0.505882 0.499998 0.141176 0.015150
0 0.629616 0.499998 0.103023 0.015150
1 0.747059 0.499998 0.013072 0.010101
1 0.876471 0.499998 0.013072 0.010101
0 0.293505 0.515148 0.281127 0.015150
0 0.505882 0.515148 0.141176 0.015150
0 0.629616 0.515148 0.103023 0.015150
1 0.747059 0.515148 0.013072 0.010101
1 0.876471 0.515148 0.013072 0.010101
0 0.293505 0.530299 0.281127 0.015150
0 0.505882 0.530299 0.141176 0.015150
0 0.629616 0.530299 0.103023 0.015150
1 0.747059 0.530298 0.013072 0.010101
1 0.876471 0.530298 0.013072 0.010101
0 0.882353 0.545453 0.117647 0.015150
0 0.882353 0.560607 0.117647 0.015150
0 0.882353 0.575757 0.117647 0.015150
0 0.882353 0.590907 0.117647 0.015150
0 0.882353 0.606061 0.117647 0.015150
0 0.882353 0.621212 0.117647 0.015150
0 0.882353 0.636362 0.117647 0.015150
0 0.882353 0.651516 0.117647 0.015150
0 0.728799 0.666666 0.116422 0.015150
0 0.882353 0.681816 0.117647 0.015150
0 0.469975 0.696970 0.116422 0.015150
0 0.882353 0.696970 0.117647 0.015150
0 0.469975 0.712121 0.116422 0.015150
0 0.882353 0.712121 0.117647 0.015150
0 0.469975 0.727271 0.116422 0.015150
0 0.882353 0.727271 0.117647 0.015150
0 0.469975 0.742425 0.116422 0.015150
0 0.882353 0.742425 0.117647 0.015150
0 0.469975 0.757575 0.116422 0.015150
0 0.882353 0.757575 0.117647 0.015150
1 0.766667 0.772725 0.013072 0.010101
1 0.766667 0.787879 0.013072 0.010101
0 0.882353 0.787879 0.117647 0.015150
0 0.882353 0.803030 0.117647 0.015150
0 0.882353 0.818180 0.117647 0.015150
0 0.882353 0.833334 0.117647 0.015150
0 0.882353 0.848484 0.117647 0.015150
0 0.882353 0.863635 0.117647 0.015150
0 0.882353 0.878789 0.117647 0.015150
0 0.882353 0.893939 0.117647 0.015150
0 0.882353 0.909089 0.117647 0.015150