0 0.518464 0.157870 0.845425 0.017677
0 0.518464 0.188174 0.845425 0.017678
1 0.125817 0.232678 0.013072 0.010101
1 0.300654 0.232678 0.013072 0.010101
1 0.418301 0.232678 0.013072 0.010101
1 0.535948 0.232678 0.013072 0.010101
1 0.641830 0.232678 0.013072 0.010101
1 0.125815 0.249407 0.013072 0.010101
0 0.705882 0.249407 0.047059 0.013888
1 0.125815 0.295492 0.013072 0.010101
0 0.497386 0.295493 0.464052 0.015150
1 0.726471 0.337158 0.013072 0.010101
0 0.914706 0.250039 0.052941 0.015150
0 0.879575 0.295493 0.123203 0.015150
0 0.364910 0.369992 0.538317 0.017678
0 0.364910 0.400292 0.538317 0.017678
0 0.789052 0.385142 0.304248 0.047979
0 0.518464 0.430597 0.845425 0.017678
0 0.717647 0.484888 0.070588 0.030304
0 0.800000 0.484888 0.047059 0.030304
0 0.894118 0.484888 0.094118 0.030304
0 0.705882 0.545497 0.047059 0.030304
0 0.835294 0.545497 0.164706 0.030304