0 0.870109 0.113635 0.142134 0.015150
0 0.523529 0.128789 0.835294 0.015150
1 0.934640 0.172980 0.013072 0.010101
0 0.764706 0.287879 0.352941 0.030303
0 0.241176 0.333333 0.364706 0.030303
0 0.694118 0.333333 0.494118 0.030303
0 0.111765 0.810606 0.105882 0.015153
0 0.229412 0.810606 0.129412 0.015153
0 0.388235 0.810606 0.188235 0.015153
0 0.664910 0.810606 0.361846 0.015153
0 0.894118 0.810606 0.094118 0.015153
0 0.111765 0.840910 0.105882 0.015153
0 0.229412 0.840910 0.129412 0.015153
0 0.388235 0.840910 0.188235 0.015153
0 0.664910 0.840910 0.361846 0.015153
0 0.894118 0.840910 0.094118 0.015153
0 0.111765 0.871214 0.105882 0.015153
0 0.229412 0.871214 0.129412 0.015153
0 0.388235 0.871214 0.188235 0.015153
0 0.664910 0.871214 0.361846 0.015153
0 0.894118 0.871214 0.094118 0.015153
0 0.111765 0.901518 0.105882 0.015153
0 0.229412 0.901518 0.129412 0.015153
0 0.388235 0.901518 0.188235 0.015153
0 0.664910 0.901518 0.361846 0.015153
0 0.894118 0.901518 0.094118 0.015153