0 0.393505 0.127525 0.669363 0.017678
0 0.836111 0.127525 0.210131 0.017678
0 0.864706 0.159089 0.152941 0.015150
0 0.882353 0.227271 0.117647 0.015150
0 0.882353 0.242425 0.117647 0.015150
0 0.661765 0.257575 0.229412 0.015150
0 0.882353 0.272725 0.117647 0.015150
0 0.882353 0.287879 0.117647 0.015150
0 0.882353 0.303030 0.117647 0.015150
0 0.882353 0.318180 0.117647 0.015150
0 0.882353 0.333334 0.117647 0.015150
0 0.729412 0.363635 0.104575 0.015150
0 0.728799 0.378789 0.116422 0.015150
0 0.728799 0.393939 0.116422 0.015150
0 0.729412 0.409089 0.104575 0.015150
0 0.728799 0.424243 0.116422 0.015150
0 0.728799 0.439393 0.116422 0.015150
0 0.728799 0.454544 0.116422 0.015150
0 0.728799 0.469698 0.116422 0.015150
0 0.728799 0.484848 0.116422 0.015150
0 0.728799 0.499998 0.116422 0.015150
0 0.728799 0.515152 0.116422 0.015150
0 0.728799 0.545453 0.116422 0.015150
0 0.728799 0.560607 0.116422 0.015150
0 0.728799 0.575757 0.116422 0.015150
0 0.728799 0.590907 0.116422 0.015150
0 0.728799 0.606061 0.116422 0.015150
0 0.728799 0.621212 0.116422 0.015150
0 0.728799 0.636362 0.116422 0.015150
0 0.729412 0.666666 0.104575 0.015150
0 0.728799 0.696970 0.116422 0.015150
0 0.728799 0.712121 0.116422 0.015150
0 0.728799 0.742425 0.116422 0.015150
0 0.487255 0.757575 0.272549 0.015150
0 0.364706 0.772725 0.517647 0.015150
0 0.728799 0.772725 0.116422 0.015150
0 0.882353 0.787879 0.117647 0.015150
0 0.882353 0.818180 0.117647 0.015150