0 0.300204 0.127565 0.291258 0.017678
0 0.611969 0.127565 0.326552 0.017678
0 0.464910 0.157869 0.620670 0.017678
0 0.464910 0.188174 0.620670 0.017678
0 0.859641 0.127565 0.163072 0.017678
1 0.194771 0.204583 0.013072 0.010101
1 0.194771 0.219737 0.013072 0.010101
1 0.194771 0.234572 0.013072 0.010101
1 0.928105 0.492465 0.013072 0.010101
0 0.724183 0.575797 0.104575 0.015150
0 0.724183 0.598525 0.104575 0.015150
0 0.888889 0.636402 0.104575 0.015150
0 0.888889 0.681857 0.104575 0.015150
0 0.888889 0.734888 0.104575 0.015150
0 0.888889 0.765193 0.104575 0.015150
0 0.394322 0.918599 0.479493 0.041665
0 0.700204 0.930594 0.126552 0.017675
0 0.853758 0.930594 0.174837 0.017675