0 0.352941 0.068180 0.205229 0.015150
0 0.300817 0.098484 0.477451 0.015150
0 0.300817 0.159093 0.477451 0.075759
0 0.300817 0.219698 0.477451 0.015150
0 0.171405 0.249998 0.218627 0.015150
0 0.394118 0.249998 0.220261 0.015150
0 0.523529 0.249998 0.032026 0.015150
0 0.300817 0.304294 0.477451 0.088384
0 0.641176 0.098484 0.193464 0.015150
0 0.841176 0.098484 0.193464 0.015150
0 0.641176 0.128789 0.196732 0.015150
0 0.840359 0.128789 0.195098 0.015150
0 0.641176 0.159089 0.196732 0.015150
0 0.840359 0.159089 0.195098 0.015150
0 0.641176 0.189393 0.196732 0.015150
0 0.840359 0.189393 0.195098 0.015150
0 0.641176 0.219698 0.196732 0.015150
0 0.840359 0.219698 0.195098 0.015150
0 0.641176 0.249998 0.196732 0.015150
0 0.777288 0.249998 0.042157 0.015150
0 0.869771 0.249998 0.136274 0.015150
0 0.777288 0.280302 0.042157 0.015150
0 0.869771 0.280302 0.136274 0.015150
0 0.777288 0.310607 0.042157 0.015150
0 0.869771 0.310607 0.136274 0.015150
0 0.777288 0.340907 0.042157 0.015150
0 0.869771 0.340907 0.136274 0.015150
1 0.577778 0.279421 0.016340 0.012626
1 0.636601 0.279421 0.016340 0.012626
1 0.695425 0.279421 0.016340 0.012626
0 0.641176 0.333334 0.196732 0.060605
0 0.083170 0.386362 0.042157 0.015150
0 0.211765 0.386362 0.208497 0.015150
0 0.083170 0.416669 0.042157 0.015153
0 0.211765 0.416666 0.208497 0.015150
0 0.388235 0.386362 0.137908 0.015150
0 0.388235 0.416669 0.137908 0.015153
0 0.523529 0.386362 0.126144 0.015150
0 0.523529 0.416669 0.126144 0.015153
0 0.658824 0.386362 0.137908 0.015150
0 0.658824 0.416669 0.137908 0.015153
0 0.794118 0.386362 0.126144 0.015150
0 0.794118 0.416669 0.126144 0.015153
0 0.899183 0.386362 0.077451 0.015150
0 0.899183 0.416669 0.077451 0.015153