0 0.882353 0.090907 0.117647 0.015150
1 0.766667 0.128788 0.013072 0.010101
0 0.882353 0.128789 0.117647 0.015150
0 0.411765 0.151516 0.211765 0.015150
1 0.621569 0.152147 0.013072 0.010101
1 0.715686 0.152147 0.013072 0.010101
0 0.505882 0.174243 0.400000 0.015150
0 0.728799 0.219698 0.116422 0.015150
0 0.882353 0.257575 0.117647 0.015150
0 0.728799 0.280302 0.116422 0.015150
1 0.692157 0.310290 0.013072 0.010101
1 0.868627 0.310290 0.013072 0.010101
0 0.352941 0.333334 0.235294 0.030304
0 0.605882 0.333334 0.152941 0.030304
0 0.882353 0.340907 0.117647 0.015150
0 0.641381 0.412878 0.220670 0.022726
0 0.882353 0.416666 0.117647 0.015150
0 0.641381 0.450756 0.220670 0.022726
0 0.882353 0.454544 0.117647 0.015150
0 0.335294 0.469698 0.223529 0.015150
0 0.736601 0.469698 0.409150 0.015150
0 0.258211 0.500001 0.210539 0.015153
0 0.776471 0.500001 0.094118 0.015153
1 0.841830 0.499998 0.013072 0.010101
0 0.494812 0.515152 0.513807 0.015150
0 0.881373 0.515152 0.119608 0.015150
0 0.501348 0.530302 0.500735 0.015150
0 0.881373 0.530302 0.119608 0.015150