0 0.323529 0.248778 0.529412 0.047979
0 0.764706 0.265193 0.352941 0.015150
0 0.323529 0.301812 0.529412 0.032828
0 0.764706 0.310650 0.352941 0.015152
0 0.500000 0.347266 0.882353 0.032828
0 0.500000 0.392721 0.882353 0.032828
0 0.500000 0.438176 0.882353 0.032828
0 0.570588 0.507619 0.247059 0.015150
1 0.929412 0.525925 0.013072 0.010101
0 0.123529 0.557282 0.035294 0.015150
0 0.170266 0.557282 0.034650 0.015150
0 0.223529 0.557282 0.047059 0.015150
0 0.358824 0.557282 0.035294 0.015150
0 0.405560 0.557282 0.034650 0.015150
0 0.458824 0.557282 0.047059 0.015150
0 0.570588 0.557282 0.035294 0.015150
0 0.617325 0.557282 0.034650 0.015150
0 0.670588 0.557282 0.047059 0.015150
0 0.794118 0.557282 0.035294 0.015150
0 0.840855 0.557282 0.034650 0.015150
0 0.894118 0.557282 0.047059 0.015150
0 0.123529 0.587583 0.035294 0.015150
0 0.170266 0.587583 0.034650 0.015150
0 0.223529 0.587583 0.047059 0.015150
0 0.358824 0.587583 0.035294 0.015150
0 0.405560 0.587583 0.034650 0.015150
0 0.458824 0.587583 0.047059 0.015150
0 0.570588 0.587583 0.035294 0.015150
0 0.617325 0.587583 0.034650 0.015150
0 0.670588 0.587583 0.047059 0.015150
0 0.794118 0.587583 0.035294 0.015150
0 0.840855 0.587583 0.034650 0.015150
0 0.894118 0.587583 0.047059 0.015150
0 0.870588 0.659133 0.141176 0.015150
0 0.858824 0.674283 0.164706 0.015150
0 0.870588 0.689438 0.141176 0.015150
1 0.929412 0.704587 0.013072 0.010101
1 0.065359 0.784135 0.013072 0.010101
0 0.829412 0.808169 0.223529 0.020115
0 0.352941 0.857366 0.423529 0.017678
0 0.753758 0.857366 0.374837 0.017678
0 0.541176 0.917974 0.800000 0.017678