1 0.766667 0.089644 0.013072 0.010101
0 0.882353 0.090907 0.117647 0.015150
0 0.882353 0.113635 0.117647 0.015150
0 0.882353 0.136362 0.117647 0.015150
0 0.882353 0.159089 0.117647 0.015150
0 0.882353 0.181816 0.117647 0.015150
0 0.882353 0.204544 0.117647 0.015150
0 0.882353 0.227271 0.117647 0.015150
0 0.882353 0.249998 0.117647 0.015150
0 0.882353 0.287879 0.117647 0.015150
1 0.218301 0.332071 0.013072 0.010101
1 0.371242 0.332071 0.013072 0.010101
1 0.524998 0.332071 0.013072 0.010101
0 0.588235 0.333334 0.094118 0.015150
0 0.882353 0.333334 0.117647 0.015150
0 0.882353 0.356061 0.117647 0.015150
0 0.882353 0.378789 0.117647 0.015150
0 0.882353 0.401516 0.117647 0.015150
0 0.882353 0.424243 0.117647 0.015150
0 0.882353 0.446970 0.117647 0.015150
0 0.882353 0.469698 0.117647 0.015150
0 0.882353 0.492425 0.117647 0.015150
0 0.882353 0.515152 0.117647 0.015150
0 0.728799 0.560607 0.116422 0.015150
0 0.728799 0.583334 0.116422 0.015150
0 0.728799 0.606061 0.116422 0.015150
0 0.882353 0.628789 0.117647 0.015150
0 0.882353 0.651516 0.117647 0.015150
0 0.728799 0.674243 0.116422 0.015150
0 0.728799 0.696970 0.116422 0.015150
0 0.728799 0.719698 0.116422 0.015150
0 0.728799 0.742424 0.116422 0.015152
0 0.728799 0.765152 0.116422 0.015150
0 0.882353 0.803030 0.117647 0.015150
0 0.882353 0.825757 0.117647 0.015150