0 0.263072 0.082107 0.408497 0.017677
0 0.688235 0.082107 0.035294 0.017677
0 0.756209 0.082107 0.081046 0.017677
1 0.186601 0.143979 0.016340 0.012626
1 0.186601 0.204583 0.016340 0.012626
0 0.458824 0.243729 0.164706 0.017678
0 0.569975 0.243729 0.034069 0.017678
0 0.458824 0.270862 0.164706 0.017678
0 0.569975 0.270862 0.034069 0.017678
0 0.458824 0.298010 0.164706 0.017678
0 0.569975 0.298010 0.034069 0.017678
0 0.458824 0.325157 0.164706 0.017678
0 0.569975 0.325157 0.034069 0.017678
1 0.186601 0.348524 0.016340 0.012626
1 0.796405 0.401556 0.016340 0.012626
0 0.405882 0.425547 0.129412 0.017678
1 0.796405 0.454583 0.016340 0.012626
1 0.114052 0.524660 0.016340 0.012626
0 0.565523 0.524030 0.280719 0.017678
0 0.841176 0.524030 0.176471 0.017678
0 0.793423 0.554333 0.175082 0.017677
1 0.114052 0.577692 0.016340 0.012626
0 0.783170 0.652820 0.292484 0.017678
0 0.783170 0.683121 0.292484 0.017678
0 0.811765 0.721002 0.235294 0.017678
1 0.908170 0.757615 0.016340 0.012626
0 0.412582 0.781607 0.421895 0.017678
0 0.829412 0.781607 0.200000 0.017678
0 0.412582 0.842211 0.421895 0.017678
0 0.829412 0.842211 0.200000 0.017678
0 0.412582 0.872516 0.421895 0.017678
0 0.829412 0.872516 0.200000 0.017678
0 0.347876 0.902820 0.292484 0.017678
0 0.594118 0.902820 0.058824 0.017678
0 0.829412 0.902820 0.200000 0.017678