1 0.492157 0.053029 0.013072 0.010101
1 0.574510 0.053029 0.013072 0.010101
1 0.656861 0.053029 0.013072 0.010101
0 0.700000 0.053030 0.058824 0.015150
0 0.882353 0.053030 0.117647 0.015150
0 0.882353 0.068180 0.117647 0.015150
0 0.882353 0.083334 0.117647 0.015150
0 0.882353 0.098484 0.117647 0.015150
0 0.882353 0.113635 0.117647 0.015150
0 0.882353 0.128789 0.117647 0.015150
0 0.882353 0.143939 0.117647 0.015150
0 0.882353 0.159089 0.117647 0.015150
0 0.882353 0.174243 0.117647 0.015150
0 0.728799 0.204544 0.116422 0.015150
0 0.728799 0.219698 0.116422 0.015150
0 0.728799 0.234848 0.116422 0.015150
0 0.882353 0.249998 0.117647 0.015150
0 0.882353 0.265152 0.117647 0.015150
0 0.728799 0.280302 0.116422 0.015150
0 0.728799 0.295453 0.116422 0.015150
0 0.728799 0.310607 0.116422 0.015150
0 0.728799 0.325757 0.116422 0.015150
0 0.728799 0.340907 0.116422 0.015150
0 0.882353 0.356061 0.117647 0.015150
0 0.882353 0.371212 0.117647 0.015150
0 0.882353 0.386362 0.117647 0.015150
1 0.766667 0.402147 0.013072 0.010101
0 0.882353 0.401516 0.117647 0.015150
0 0.388235 0.416666 0.211765 0.013890
1 0.623203 0.417928 0.013072 0.010101
1 0.717320 0.417928 0.013072 0.010101
0 0.482353 0.431820 0.400000 0.013890
0 0.728799 0.447117 0.116422 0.014893
0 0.882353 0.477271 0.117647 0.015150
0 0.728799 0.492425 0.116422 0.015150
1 0.677124 0.520831 0.013072 0.010101
1 0.841830 0.520831 0.013072 0.010101
0 0.358824 0.541668 0.247059 0.022727
0 0.617647 0.541668 0.152941 0.022727
0 0.882353 0.545453 0.117647 0.015150
0 0.641381 0.608584 0.220670 0.025251
0 0.882353 0.613634 0.117647 0.015150
0 0.641381 0.646465 0.220670 0.025251
0 0.882353 0.651516 0.117647 0.015150
0 0.333047 0.666666 0.225574 0.015150
0 0.735294 0.666666 0.411765 0.015150
0 0.250489 0.695707 0.201636 0.017678
0 0.776675 0.695707 0.091258 0.017678
1 0.841830 0.695707 0.013072 0.010101
0 0.492360 0.712121 0.518711 0.015150
0 0.878922 0.712121 0.124510 0.015150
0 0.498896 0.727271 0.505639 0.015150
0 0.878922 0.727271 0.124510 0.015150