1 0.747712 0.128513 0.013072 0.010101
1 0.747712 0.142716 0.013072 0.010101
1 0.092157 0.189433 0.013072 0.010101
1 0.092157 0.204583 0.013072 0.010101
1 0.092157 0.219737 0.013072 0.010101
1 0.092157 0.234888 0.013072 0.010101
0 0.853926 0.234257 0.174502 0.013888
1 0.092157 0.250038 0.013072 0.010101
0 0.891605 0.250039 0.099144 0.015150
0 0.652941 0.265193 0.576471 0.015150
1 0.092157 0.280973 0.013072 0.010101
1 0.092157 0.310015 0.013072 0.010101
1 0.092157 0.325797 0.013072 0.010101
0 0.594118 0.325797 0.694118 0.015150
0 0.476961 0.339685 0.199020 0.012625
0 0.837255 0.339685 0.207843 0.012625
0 0.311969 0.369992 0.267729 0.017678
0 0.564910 0.369992 0.232435 0.017678
0 0.812582 0.369992 0.257190 0.017678
0 0.311969 0.400292 0.267729 0.017678
0 0.564910 0.400292 0.232435 0.017678
0 0.812582 0.400292 0.257190 0.017678
0 0.559641 0.430597 0.763072 0.017678
0 0.559641 0.460901 0.763072 0.017678
0 0.559641 0.491201 0.763072 0.017678
0 0.559641 0.521506 0.763072 0.017678
0 0.294118 0.553070 0.164706 0.015150
0 0.511969 0.553073 0.197140 0.015153
0 0.723734 0.553073 0.220670 0.015153
1 0.868627 0.537919 0.013072 0.010101
1 0.868627 0.552438 0.013072 0.010101
0 0.282557 0.582110 0.208905 0.017678
0 0.494118 0.582110 0.211765 0.017678
0 0.771405 0.582110 0.339542 0.017678
1 0.218301 0.613674 0.013072 0.010101
1 0.324183 0.613674 0.013072 0.010101
1 0.524183 0.613674 0.013072 0.010101
1 0.712418 0.613674 0.013072 0.010101
0 0.852941 0.613675 0.176471 0.015150
0 0.491503 0.628198 0.428758 0.013888
0 0.387418 0.642717 0.236928 0.012625
0 0.652941 0.642717 0.105882 0.012625
0 0.888235 0.642717 0.105882 0.012625
1 0.218301 0.673967 0.013072 0.010101
1 0.218301 0.688802 0.013072 0.010101
0 0.437255 0.704584 0.066667 0.015150
0 0.507843 0.704584 0.043137 0.015150
0 0.590196 0.704584 0.090196 0.015150
0 0.743137 0.704584 0.066667 0.015150
0 0.813725 0.704584 0.043137 0.015150
0 0.896078 0.704584 0.090196 0.015150
0 0.511765 0.720371 0.152941 0.013890
0 0.670588 0.720371 0.141176 0.013890
0 0.847059 0.720371 0.188235 0.013890
0 0.744771 0.749407 0.392810 0.013888
0 0.449183 0.763930 0.301634 0.012625
0 0.827288 0.763930 0.227778 0.012625
0 0.811765 0.839685 0.258824 0.017675
0 0.354779 0.871254 0.346814 0.015153
1 0.550980 0.871251 0.013072 0.010101
1 0.633333 0.871251 0.013072 0.010101
1 0.774510 0.871251 0.013072 0.010101
0 0.837908 0.886402 0.206536 0.015150
0 0.830556 0.901556 0.221242 0.015150
0 0.331863 0.931859 0.300980 0.015153
0 0.570792 0.931859 0.173611 0.015153
0 0.747059 0.916706 0.105882 0.015150
0 0.891013 0.916706 0.100327 0.015150
0 0.840033 0.931857 0.202288 0.015150