5 0.229412 0.025252 0.341176 0.030304
0 0.305270 0.189396 0.492892 0.015153
0 0.305270 0.212121 0.492892 0.030304
0 0.617647 0.189393 0.129412 0.015150
0 0.750000 0.189393 0.123529 0.015150
0 0.879412 0.189393 0.123529 0.015150
0 0.652941 0.219696 0.200000 0.015153
0 0.847059 0.219696 0.188235 0.015153
0 0.275858 0.280305 0.434069 0.015153
0 0.275858 0.303030 0.434069 0.030304
1 0.453595 0.325756 0.013072 0.010101
0 0.752941 0.265152 0.235294 0.015150
0 0.744118 0.280302 0.252941 0.015150
0 0.773073 0.295453 0.195029 0.015150
0 0.753104 0.310607 0.234969 0.015150
1 0.657516 0.325756 0.013072 0.010101
1 0.788889 0.325756 0.013072 0.010101
1 0.900654 0.325756 0.013072 0.010101
0 0.275858 0.356060 0.434069 0.015153
0 0.275858 0.378789 0.434069 0.030304
1 0.453595 0.401515 0.013072 0.010101
0 0.752941 0.340907 0.235294 0.015150
0 0.744118 0.356061 0.252941 0.015150
0 0.773073 0.371212 0.195029 0.015150
0 0.753104 0.386362 0.234969 0.015150
1 0.657516 0.401515 0.013072 0.010101
1 0.788889 0.401515 0.013072 0.010101
1 0.900654 0.401515 0.013072 0.010101
0 0.275858 0.431819 0.434069 0.015153
0 0.275858 0.454547 0.434069 0.030304
0 0.752941 0.416666 0.235294 0.015150
0 0.744118 0.431816 0.252941 0.015150
0 0.772710 0.446970 0.195756 0.015150
0 0.753104 0.462121 0.234969 0.015150
1 0.657516 0.477270 0.013072 0.010101
1 0.788889 0.477270 0.013072 0.010101
1 0.900654 0.477270 0.013072 0.010101
0 0.275858 0.507578 0.434069 0.015153
0 0.275858 0.530302 0.434069 0.030304
0 0.752941 0.492425 0.235294 0.015150
0 0.744118 0.507575 0.252941 0.015150
0 0.772710 0.522725 0.195756 0.015150
0 0.753543 0.537879 0.234090 0.015150
1 0.657516 0.553029 0.013072 0.010101
1 0.788889 0.553032 0.013072 0.010101
1 0.900654 0.553029 0.013072 0.010101
0 0.275858 0.696970 0.434069 0.030304
0 0.611765 0.696970 0.235294 0.030304
0 0.835294 0.696970 0.211765 0.030304
0 0.275858 0.727275 0.434069 0.030304
0 0.611765 0.727275 0.235294 0.030304
0 0.835294 0.727275 0.211765 0.030304
0 0.275858 0.757579 0.434069 0.030304
0 0.611765 0.757579 0.235294 0.030304
0 0.835294 0.757579 0.211765 0.030304
1 0.934640 0.794193 0.013072 0.010101
1 0.383007 0.825756 0.013072 0.010101
1 0.112418 0.840907 0.013072 0.010101
1 0.383007 0.840907 0.013072 0.010101
1 0.630065 0.840907 0.013072 0.010101
0 0.835294 0.840907 0.211765 0.015150
0 0.523529 0.856061 0.835294 0.015150
0 0.523529 0.871212 0.835294 0.015150
1 0.112418 0.901515 0.013072 0.010101
0 0.600000 0.901516 0.682353 0.015150
0 0.523529 0.916666 0.835294 0.015150