0 0.882353 0.083334 0.117647 0.015150
0 0.882353 0.113635 0.117647 0.015150
0 0.882353 0.128789 0.117647 0.015150
0 0.882353 0.143939 0.117647 0.015150
0 0.882353 0.159089 0.117647 0.015150
0 0.882353 0.174243 0.117647 0.015150
0 0.882353 0.189393 0.117647 0.015150
0 0.882353 0.204544 0.117647 0.015150
0 0.882353 0.219698 0.117647 0.015150
0 0.717647 0.234848 0.117647 0.015150
0 0.661765 0.249998 0.229412 0.015150
0 0.882353 0.265152 0.117647 0.015150
0 0.882353 0.280302 0.117647 0.015150
0 0.882353 0.295453 0.117647 0.015150
0 0.882353 0.310607 0.117647 0.015150
0 0.728799 0.340907 0.116422 0.015150
0 0.728799 0.371212 0.116422 0.015150
0 0.728799 0.401516 0.116422 0.015150
0 0.728799 0.416666 0.116422 0.015150
0 0.728799 0.446970 0.116422 0.015150
0 0.728799 0.462121 0.116422 0.015150
0 0.728799 0.477271 0.116422 0.015150
0 0.728799 0.507575 0.116422 0.015150
0 0.728799 0.537879 0.116422 0.015150
0 0.728799 0.553030 0.116422 0.015150
0 0.728799 0.568180 0.116422 0.015150
0 0.503595 0.583334 0.239869 0.015150
0 0.364706 0.598484 0.517647 0.015150
0 0.728799 0.598484 0.116422 0.015150
0 0.882353 0.613634 0.117647 0.015150
0 0.882353 0.643939 0.117647 0.015150