0 0.286589 0.094736 0.072260 0.022727
0 0.493279 0.094736 0.281232 0.022727
0 0.429412 0.125040 0.411765 0.022727
0 0.411765 0.155345 0.447059 0.022727
0 0.382353 0.185645 0.505882 0.022726
0 0.282353 0.223526 0.305882 0.022726
0 0.476471 0.223526 0.058824 0.022726
0 0.576471 0.223526 0.117647 0.022726
0 0.247059 0.261405 0.235294 0.022729
0 0.447059 0.261405 0.141176 0.022729
0 0.582353 0.261405 0.105882 0.022729
1 0.702288 0.128828 0.016340 0.012626
1 0.702288 0.149029 0.016340 0.012626
1 0.702288 0.169232 0.016340 0.012626
1 0.702288 0.189433 0.016340 0.012626
0 0.835294 0.380093 0.211765 0.017678
0 0.811765 0.407871 0.164706 0.017678
0 0.922917 0.407871 0.034069 0.017678
0 0.811765 0.433121 0.164706 0.017678
0 0.922917 0.433121 0.034069 0.017678
1 0.737582 0.459005 0.016340 0.012626
0 0.405882 0.498780 0.105882 0.017678
0 0.487623 0.498780 0.034069 0.017678
0 0.629412 0.498780 0.105882 0.017678
0 0.711152 0.498780 0.034069 0.017678
0 0.405882 0.524030 0.105882 0.017678
0 0.487623 0.524030 0.034069 0.017678
0 0.629412 0.524030 0.105882 0.017678
0 0.711152 0.524030 0.034069 0.017678
0 0.405882 0.549283 0.105882 0.017678
0 0.487623 0.549283 0.034069 0.017678
0 0.629412 0.549283 0.105882 0.017678
0 0.711152 0.549283 0.034069 0.017678
0 0.405882 0.582116 0.105882 0.017678
0 0.487623 0.582116 0.034069 0.017678
0 0.629412 0.582116 0.105882 0.017678
0 0.711152 0.582116 0.034069 0.017678
0 0.811765 0.609888 0.164706 0.017678
0 0.922917 0.609888 0.034069 0.017678
0 0.811765 0.635143 0.164706 0.017678
0 0.922917 0.635143 0.034069 0.017678
0 0.811765 0.660393 0.164706 0.017678
0 0.922917 0.660393 0.034069 0.017678
0 0.811765 0.685647 0.164706 0.017678
0 0.922917 0.685647 0.034069 0.017678
0 0.811765 0.710902 0.164706 0.017678
0 0.922917 0.710902 0.034069 0.017678
0 0.811765 0.736152 0.164706 0.017678
0 0.922917 0.736152 0.034069 0.017678
0 0.811765 0.761406 0.164706 0.017678
0 0.922917 0.761406 0.034069 0.017678
0 0.811765 0.786657 0.164706 0.017678
0 0.922917 0.786657 0.034069 0.017678
0 0.811765 0.811911 0.164706 0.017678
0 0.922917 0.811911 0.034069 0.017678
0 0.811765 0.844734 0.164706 0.017678
0 0.922917 0.844734 0.034069 0.017678
0 0.811765 0.872516 0.164706 0.017678
0 0.922917 0.872516 0.034069 0.017678
0 0.547059 0.897770 0.105882 0.017678
0 0.628799 0.897770 0.034069 0.017678
1 0.737582 0.899663 0.016340 0.012626
1 0.855229 0.899663 0.016340 0.012626