0 0.431699 0.085860 0.124837 0.015152
0 0.631699 0.085860 0.124837 0.015152
0 0.737908 0.085860 0.040523 0.015152
0 0.222917 0.119951 0.328186 0.017678
0 0.576675 0.119951 0.373611 0.017678
0 0.852941 0.119951 0.176471 0.017678
0 0.222917 0.150252 0.328186 0.017678
0 0.576675 0.150252 0.373611 0.017678
0 0.852941 0.150252 0.176471 0.017678
0 0.369975 0.180556 0.622304 0.017678
0 0.723529 0.180556 0.079085 0.017678
0 0.305270 0.210861 0.492892 0.017678
0 0.605882 0.210861 0.102614 0.017678
0 0.711765 0.210861 0.102614 0.017678
0 0.234681 0.241161 0.351716 0.017678
0 0.529616 0.241161 0.232435 0.017678
0 0.705882 0.241161 0.114379 0.017678
1 0.818301 0.241162 0.013072 0.010101
1 0.877124 0.241162 0.013072 0.010101
1 0.162743 0.257575 0.013072 0.010101
1 0.256861 0.257575 0.013072 0.010101
1 0.692155 0.257575 0.013072 0.010101
1 0.162743 0.272725 0.013072 0.010101
1 0.409802 0.272725 0.013072 0.010101
0 0.764706 0.310607 0.352941 0.015150
1 0.162743 0.333333 0.013072 0.010101
0 0.829412 0.348484 0.223529 0.015150
1 0.818301 0.400253 0.013072 0.010101
1 0.877124 0.400253 0.013072 0.010101
1 0.350979 0.416665 0.013072 0.010101
1 0.562743 0.416665 0.013072 0.010101
1 0.162743 0.431816 0.013072 0.010101
1 0.398038 0.454543 0.013072 0.010101
1 0.715685 0.454543 0.013072 0.010101
1 0.398038 0.469697 0.013072 0.010101
1 0.715685 0.469697 0.013072 0.010101
1 0.136763 0.564395 0.013072 0.010101
0 0.294118 0.522725 0.279902 0.015150
0 0.505882 0.522725 0.141176 0.015150
0 0.629616 0.522725 0.103023 0.015150
1 0.748039 0.522725 0.013072 0.010101
1 0.877451 0.522725 0.013072 0.010101
0 0.294118 0.537876 0.279902 0.015150
0 0.505882 0.537876 0.141176 0.015150
0 0.629616 0.537876 0.103023 0.015150
1 0.748039 0.537875 0.013072 0.010101
1 0.877451 0.537875 0.013072 0.010101
0 0.294118 0.553026 0.279902 0.015150
0 0.505882 0.553026 0.141176 0.015150
0 0.629616 0.553026 0.103023 0.015150
1 0.748039 0.553025 0.013072 0.010101
1 0.877451 0.553025 0.013072 0.010101
0 0.294118 0.568176 0.279902 0.015150
0 0.505882 0.568176 0.141176 0.015150
0 0.629616 0.568176 0.103023 0.015150
1 0.748039 0.568176 0.013072 0.010101
1 0.877451 0.568176 0.013072 0.010101
0 0.882353 0.590907 0.117647 0.015150
0 0.882353 0.613634 0.117647 0.015150
0 0.882353 0.636362 0.117647 0.015150
0 0.882353 0.659089 0.117647 0.015150
0 0.882353 0.681816 0.117647 0.015150
0 0.882353 0.704544 0.117647 0.015150
0 0.882353 0.727271 0.117647 0.015150
0 0.882353 0.749998 0.117647 0.015150
0 0.728799 0.772725 0.116422 0.015150
0 0.882353 0.795453 0.117647 0.015150
0 0.493505 0.818183 0.116422 0.015152
0 0.882353 0.818180 0.117647 0.015150
0 0.493505 0.840910 0.116422 0.015152
0 0.882353 0.840907 0.117647 0.015150
0 0.493505 0.863638 0.116422 0.015152
0 0.882353 0.863635 0.117647 0.015150
0 0.493505 0.886365 0.116422 0.015152
0 0.882353 0.886362 0.117647 0.015150
0 0.493505 0.909092 0.116422 0.015152
0 0.882353 0.909089 0.117647 0.015150
1 0.766667 0.939393 0.013072 0.010101