1 0.073688 0.140688 0.026560 0.023274
1 0.073701 0.168405 0.026559 0.023273
0 0.276471 0.237121 0.434312 0.020455
0 0.163400 0.281756 0.203922 0.020454
0 0.382354 0.282261 0.231371 0.020455
0 0.281210 0.322159 0.440194 0.020455
0 0.719117 0.239583 0.434312 0.020454
0 0.719770 0.281755 0.434312 0.020455
0 0.721404 0.322412 0.434312 0.020455
0 0.847220 0.423421 0.190194 0.018182
0 0.502124 0.521402 0.883330 0.020455
0 0.279412 0.556629 0.434312 0.020455
0 0.720097 0.556376 0.434312 0.020455
0 0.279412 0.592992 0.434312 0.020455
0 0.280393 0.628599 0.434312 0.020455
0 0.721404 0.628472 0.434312 0.020455
0 0.847547 0.691856 0.190196 0.018182
0 0.159314 0.793624 0.190195 0.018182
0 0.603921 0.794129 0.673528 0.018182
0 0.722058 0.884153 0.440194 0.071970
0 0.153759 0.911427 0.188234 0.018182
0 0.375654 0.911427 0.245096 0.018182
5 0.376143 0.954292 0.111763 0.045454
5 0.500654 0.961617 0.111765 0.045454
5 0.623856 0.967425 0.111765 0.045454