0 0.277493 0.307125 0.447101 0.021853
0 0.618181 0.307125 0.183123 0.021853
0 0.860011 0.307125 0.199054 0.021853
0 0.274714 0.357679 0.447102 0.053953
0 0.576185 0.340269 0.102330 0.021853
0 0.681577 0.340269 0.102330 0.021853
0 0.858047 0.340269 0.199056 0.021853
0 0.615400 0.375623 0.183124 0.021854
1 0.070261 0.423611 0.019608 0.015152
1 0.158497 0.423611 0.019608 0.015152
0 0.446897 0.421237 0.106618 0.019886
1 0.540850 0.423611 0.019608 0.015152
1 0.746732 0.423611 0.019608 0.015152
1 0.070261 0.469066 0.019608 0.015152
1 0.070261 0.503157 0.019608 0.015152
1 0.540850 0.469066 0.019608 0.015152
1 0.540850 0.503157 0.019608 0.015152
0 0.146766 0.626516 0.233661 0.056085
0 0.322878 0.612278 0.111113 0.031319
0 0.441653 0.612889 0.112201 0.032886
0 0.559301 0.626200 0.115471 0.056085
0 0.795141 0.625800 0.350221 0.055623
0 0.146579 0.683737 0.233662 0.055282
0 0.323868 0.670759 0.111113 0.030516
0 0.442408 0.670715 0.112203 0.031688
0 0.559709 0.683421 0.115471 0.055282
0 0.795550 0.683019 0.350221 0.054823
0 0.146579 0.738831 0.233662 0.053678
0 0.323868 0.725855 0.111113 0.028912
0 0.442061 0.724804 0.112201 0.028072
0 0.559709 0.738516 0.115471 0.053678
0 0.795550 0.737714 0.350221 0.054019
0 0.146579 0.795709 0.233662 0.056085
0 0.323868 0.781811 0.111113 0.028110
0 0.442061 0.780301 0.112201 0.025663
0 0.559709 0.795393 0.115471 0.056085
0 0.795550 0.794591 0.350221 0.056427
0 0.146579 0.856314 0.233662 0.056085
0 0.323868 0.841556 0.111113 0.027307
0 0.442061 0.840906 0.112201 0.025663
0 0.559709 0.855998 0.115471 0.056085
0 0.795550 0.855196 0.350221 0.056427