0 0.216127 0.115830 0.330883 0.020903
0 0.469804 0.115729 0.139706 0.022556
0 0.638040 0.116052 0.180773 0.023106
2 0.744979 0.121024 0.019980 0.015439
2 0.793278 0.120948 0.019980 0.015439
2 0.852907 0.121399 0.019980 0.015439
2 0.910925 0.121362 0.019980 0.015438
0 0.282854 0.175611 0.504703 0.052388
1 0.548813 0.158904 0.020335 0.014773
1 0.607369 0.159662 0.019801 0.014773
1 0.665747 0.159662 0.020869 0.014773
0 0.854959 0.152422 0.233131 0.024832
2 0.547823 0.196981 0.019980 0.015439
2 0.793812 0.196981 0.019980 0.015439
1 0.039388 0.227342 0.020335 0.014773
1 0.038859 0.242562 0.020335 0.014773
1 0.146881 0.227135 0.020335 0.014773
0 0.546265 0.224859 0.372484 0.017045
0 0.891720 0.223866 0.138482 0.017045
0 0.295589 0.290980 0.482845 0.023657
0 0.737703 0.291100 0.354658 0.025309
0 0.211051 0.328099 0.330884 0.023106
0 0.465095 0.328751 0.131127 0.022418
0 0.642465 0.328826 0.161521 0.021591
2 0.755194 0.333303 0.019980 0.015439
2 0.804392 0.333303 0.019980 0.015439
0 0.910647 0.329819 0.117958 0.019111
0 0.291961 0.384919 0.482846 0.053409
1 0.549440 0.370802 0.019801 0.014773
1 0.607788 0.371559 0.019801 0.014773
1 0.666700 0.371559 0.019266 0.014773
0 0.862783 0.366543 0.219342 0.023657
2 0.550489 0.408226 0.019980 0.015439
2 0.794873 0.408226 0.019979 0.015439
1 0.039566 0.439463 0.020335 0.014773
1 0.039037 0.454683 0.020335 0.014773
1 0.147059 0.439256 0.020335 0.014773
0 0.545900 0.437439 0.366379 0.017045
0 0.895179 0.436446 0.137257 0.017045
0 0.294473 0.501927 0.482844 0.023657
0 0.759356 0.506611 0.408846 0.014842
0 0.207913 0.539239 0.330883 0.023106
0 0.462879 0.539891 0.131127 0.022418
0 0.647105 0.540157 0.161521 0.023657
2 0.754758 0.545158 0.019980 0.015439
2 0.803422 0.545158 0.019980 0.015439
0 0.911464 0.539780 0.115820 0.023244
0 0.291621 0.597795 0.482845 0.053409
1 0.548383 0.583504 0.020335 0.014773
1 0.607474 0.583504 0.018732 0.014773
1 0.666565 0.583504 0.020335 0.014773
0 0.861439 0.578294 0.217203 0.022418
2 0.548876 0.620778 0.019980 0.015439
2 0.794330 0.620778 0.019980 0.015439
1 0.038853 0.651310 0.020335 0.014774
1 0.038325 0.666530 0.020335 0.014774
1 0.146346 0.651102 0.020335 0.014773
0 0.545997 0.648734 0.365464 0.017045
0 0.893591 0.649950 0.137257 0.017045
0 0.292296 0.713360 0.482846 0.023657
0 0.757179 0.718043 0.408848 0.014841
0 0.204664 0.751484 0.330885 0.023106
0 0.459629 0.752136 0.131127 0.022418
0 0.637202 0.752376 0.180773 0.020352
2 0.754956 0.757653 0.019980 0.015439
2 0.803619 0.758066 0.019980 0.015439
0 0.908214 0.752025 0.115820 0.023244
0 0.288056 0.807987 0.482845 0.053409
1 0.549821 0.795316 0.020335 0.014773
1 0.607278 0.795316 0.018732 0.014773
1 0.668002 0.795040 0.020335 0.015324
0 0.860605 0.790081 0.217203 0.022418
2 0.547949 0.833538 0.019980 0.015439
2 0.793938 0.833125 0.019980 0.015439
1 0.039329 0.870961 0.020335 0.014773
1 0.038800 0.886181 0.020335 0.014773
1 0.146821 0.870754 0.020335 0.014773
0 0.544690 0.868819 0.367070 0.017045
0 0.892931 0.867826 0.137257 0.017045
0 0.294595 0.927073 0.488971 0.025129
0 0.766734 0.930799 0.408582 0.017045