0 0.349467 0.081689 0.620825 0.021854
0 0.796560 0.082043 0.270685 0.021854
1 0.052521 0.182110 0.026934 0.020813
0 0.796272 0.252706 0.270685 0.019773
1 0.052898 0.275682 0.026934 0.020812
1 0.051318 0.645508 0.026934 0.020813
1 0.052898 0.703963 0.026934 0.020812
0 0.158039 0.703144 0.080802 0.019773
0 0.835327 0.702326 0.257219 0.021853
1 0.503020 0.736161 0.015168 0.010963
1 0.576797 0.736111 0.015170 0.010965
1 0.503268 0.754419 0.015170 0.010965
1 0.576797 0.754419 0.015170 0.010965
1 0.051962 0.795454 0.026934 0.020812
1 0.434640 0.795455 0.026935 0.020813
0 0.833980 0.936022 0.270685 0.019773
5 0.411765 0.984425 0.083493 0.021853
5 0.510091 0.983780 0.083495 0.021853
5 0.610053 0.983856 0.083495 0.021853