0 0.273265 0.713590 0.425247 0.021780
0 0.620692 0.713274 0.210786 0.021780
0 0.862114 0.713747 0.196078 0.021780
0 0.404412 0.792929 0.685052 0.021780
0 0.863972 0.791035 0.192402 0.021780
1 0.049021 0.840782 0.016116 0.013083
1 0.461438 0.840909 0.016118 0.013083
0 0.167891 0.910986 0.210786 0.021780
1 0.303922 0.901515 0.016116 0.013083
1 0.303922 0.916193 0.016116 0.013083
0 0.479779 0.912248 0.189953 0.021780
0 0.662174 0.912880 0.164217 0.021780
1 0.754901 0.916414 0.016116 0.013083
1 0.851960 0.916414 0.016116 0.013083
3 0.518382 0.953914 0.359069 0.026515