0 0.510661 0.100317 0.900491 0.074811
1 0.049021 0.188131 0.016116 0.013083
1 0.303922 0.188384 0.016116 0.013083
0 0.814953 0.188605 0.295343 0.015152
1 0.050001 0.219445 0.016116 0.013083
1 0.304903 0.219192 0.016116 0.013083
0 0.830271 0.219855 0.264706 0.015152
0 0.510621 0.285764 0.906620 0.099621
0 0.765315 0.373106 0.073289 0.042235
0 0.844444 0.373359 0.073289 0.041477
0 0.922221 0.373106 0.073289 0.041477
1 0.050001 0.447727 0.016116 0.013083
1 0.324511 0.447727 0.016116 0.013083
0 0.772469 0.447917 0.264706 0.021780
0 0.508783 0.502083 0.905395 0.074432
0 0.509723 0.606787 0.902208 0.075758
1 0.049021 0.674242 0.016116 0.013083
1 0.148040 0.675000 0.016116 0.013083
0 0.315194 0.674240 0.212745 0.016667
0 0.579412 0.673864 0.137255 0.016667
1 0.656862 0.674242 0.016116 0.013083
1 0.834313 0.674242 0.016116 0.013083
0 0.508455 0.727525 0.900981 0.074809
0 0.276471 0.809596 0.437012 0.015720
0 0.438235 0.884091 0.121327 0.015720
0 0.284478 0.930050 0.432110 0.015720
0 0.747794 0.825221 0.432111 0.056439
0 0.747549 0.883838 0.428190 0.015720
0 0.748203 0.929040 0.430150 0.015720
5 0.080883 0.953602 0.085785 0.022727
5 0.171159 0.953442 0.085786 0.022727
5 0.261437 0.953915 0.085786 0.022727