0 0.225969 0.146642 0.362998 0.016782
0 0.553287 0.146642 0.270956 0.015184
0 0.823726 0.146642 0.245101 0.015184
0 0.155127 0.198986 0.217178 0.022376
0 0.382130 0.198187 0.212007 0.022376
0 0.596723 0.198587 0.188221 0.021577
0 0.825277 0.198986 0.246135 0.020778
0 0.187187 0.396285 0.268887 0.036402
0 0.496924 0.396390 0.290605 0.036302
0 0.750299 0.397173 0.156161 0.027171
0 0.900255 0.396773 0.081700 0.024773
0 0.186670 0.436864 0.267853 0.038000
0 0.497958 0.437903 0.288538 0.037569
0 0.751850 0.437929 0.153059 0.027171
0 0.899221 0.437130 0.081700 0.023974
0 0.186670 0.479219 0.267853 0.036402
0 0.497441 0.478547 0.287503 0.037655
0 0.752884 0.478286 0.153059 0.029568
0 0.900255 0.477087 0.079632 0.025572
0 0.185119 0.521796 0.266819 0.037555
0 0.497959 0.521700 0.288537 0.037655
0 0.752884 0.523038 0.148922 0.029568
0 0.900772 0.518642 0.080666 0.025572
0 0.187704 0.567390 0.288537 0.020778
0 0.917205 0.561573 0.034933 0.021750
0 0.474172 0.653697 0.296810 0.020778
0 0.793735 0.653297 0.313357 0.019978
0 0.473655 0.689658 0.295776 0.020778
0 0.792700 0.690458 0.313357 0.019179
0 0.356793 0.867467 0.450903 0.087106
5 0.357827 0.978548 0.113760 0.031166
5 0.499510 0.978947 0.111692 0.030367
5 0.632919 0.978148 0.109623 0.031966