0 0.873341 0.941713 0.188747 0.017261
1 0.091502 0.215960 0.014706 0.011364
1 0.091505 0.244686 0.014706 0.011364
1 0.091502 0.262058 0.014706 0.011364
2 0.091505 0.177784 0.014706 0.011364
2 0.157683 0.177784 0.014706 0.011364
3 0.145042 0.431097 0.128583 0.016107
0 0.357413 0.431097 0.286899 0.016107
0 0.654082 0.431097 0.297176 0.016107
0 0.860446 0.431097 0.106291 0.016107
1 0.926528 0.431096 0.014706 0.011364
3 0.145042 0.450782 0.128583 0.016107
0 0.357413 0.450782 0.286899 0.016107
0 0.654082 0.450782 0.297176 0.016107
0 0.860446 0.450782 0.106291 0.016107
1 0.926528 0.450782 0.014706 0.011364
3 0.145042 0.470468 0.128583 0.016107
0 0.357413 0.470468 0.286899 0.016107
0 0.654082 0.470468 0.297176 0.016107
0 0.860446 0.470468 0.106291 0.016107
1 0.926528 0.470467 0.014706 0.011364
3 0.145042 0.490153 0.128583 0.016107
0 0.357413 0.490153 0.286899 0.016107
0 0.654082 0.490153 0.297176 0.016107
0 0.860446 0.490153 0.106291 0.016107
1 0.926528 0.490153 0.014706 0.011364
0 0.184828 0.135695 0.247990 0.022388
1 0.319977 0.133586 0.014706 0.011364
0 0.668573 0.135695 0.602252 0.022388
0 0.524815 0.295537 0.887869 0.018653
2 0.092869 0.529524 0.014706 0.011364
2 0.297387 0.529524 0.014706 0.011364
0 0.523900 0.580818 0.886031 0.018771
2 0.830609 0.603203 0.014706 0.011364
2 0.892371 0.603203 0.014706 0.011364
2 0.829245 0.628453 0.014706 0.011364
2 0.893735 0.628453 0.014706 0.011364
0 0.651963 0.667761 0.083335 0.022388
1 0.726314 0.669144 0.014706 0.011364
0 0.816955 0.668395 0.084877 0.022388
1 0.909538 0.650812 0.014706 0.011364
1 0.909273 0.669145 0.014706 0.011364
0 0.651936 0.704694 0.083242 0.022388
1 0.726332 0.707023 0.014706 0.011364
0 0.816973 0.704694 0.084877 0.022388
1 0.909556 0.689145 0.014706 0.011364
1 0.909291 0.707023 0.014706 0.011364
1 0.503271 0.650816 0.014706 0.011364
1 0.503271 0.688693 0.014706 0.011364
2 0.090415 0.760225 0.014706 0.011364
2 0.152176 0.760225 0.014706 0.011364
0 0.579657 0.773925 0.767160 0.016681
0 0.195163 0.345227 0.228559 0.017999
3 0.574828 0.346943 0.074343 0.021725
3 0.852490 0.344751 0.233863 0.018951
0 0.674874 0.345234 0.107804 0.017985
0 0.425739 0.345227 0.211765 0.017999