3 0.812301 0.333930 0.066178 0.022655
0 0.676271 0.332972 0.176471 0.017412
0 0.749066 0.381982 0.204413 0.017866
0 0.195371 0.381589 0.270621 0.018653
0 0.489203 0.381499 0.281047 0.018832
3 0.914015 0.383289 0.112747 0.022412
0 0.461005 0.332972 0.224650 0.017412
0 0.914015 0.332745 0.112747 0.017866
0 0.691531 0.286269 0.443229 0.020735
1 0.927008 0.284335 0.014706 0.011364
0 0.259980 0.284821 0.399838 0.016471
0 0.873341 0.941713 0.188747 0.017261
0 0.613650 0.429861 0.710366 0.019885
0 0.429949 0.665724 0.330884 0.022323
1 0.627745 0.665523 0.014706 0.011364
0 0.157381 0.663934 0.194641 0.018744
0 0.426271 0.849490 0.235294 0.022323
1 0.582118 0.851153 0.014706 0.011364
0 0.618680 0.760172 0.189134 0.019715
0 0.746125 0.896717 0.198531 0.017866
0 0.195371 0.896324 0.270621 0.018653
0 0.487767 0.896234 0.281047 0.018832
3 0.912383 0.898024 0.109482 0.022412
0 0.775537 0.849490 0.227943 0.022323
0 0.180665 0.847700 0.241209 0.018744
1 0.922191 0.851153 0.014706 0.011364
1 0.070683 0.429860 0.014706 0.011364
1 0.070681 0.412495 0.014706 0.011364
2 0.070683 0.793894 0.014706 0.011364
2 0.120791 0.793894 0.014706 0.011364
2 0.306363 0.793894 0.014706 0.011364
2 0.363306 0.793894 0.014706 0.011364
2 0.070794 0.814592 0.014706 0.011364
0 0.611783 0.814592 0.712699 0.019885
0 0.196091 0.332268 0.272060 0.016932
0 0.159326 0.152311 0.198531 0.022394
1 0.275127 0.150566 0.014706 0.011364
3 0.617932 0.152183 0.068629 0.022655
0 0.443809 0.151225 0.243265 0.017412
3 0.285544 0.197513 0.450967 0.023948
0 0.775300 0.245242 0.389250 0.024105
2 0.070812 0.235451 0.014706 0.011364
2 0.070809 0.252495 0.014706 0.011364
3 0.745722 0.197513 0.443618 0.023950
3 0.461823 0.760602 0.068629 0.022655
0 0.239588 0.759644 0.359056 0.017412
3 0.285743 0.712618 0.450967 0.023948
3 0.745922 0.712617 0.443618 0.023949
0 0.238931 0.501764 0.357341 0.020222
0 0.565695 0.501341 0.269472 0.021068
0 0.842988 0.501341 0.253877 0.021068
0 0.747524 0.549191 0.198531 0.017866
0 0.196770 0.548797 0.270621 0.018653
0 0.489166 0.548708 0.281047 0.018832
3 0.913782 0.550498 0.109482 0.022412
0 0.785931 0.602176 0.369314 0.019885
1 0.415018 0.602176 0.014706 0.011364
1 0.415018 0.584811 0.014706 0.011364
0 0.175431 0.588734 0.227943 0.022323
1 0.301186 0.588537 0.014706 0.011364
0 0.821959 0.761084 0.192209 0.019852
1 0.928268 0.760254 0.014706 0.011364