0 0.199123 0.280762 0.279412 0.018653
0 0.436768 0.280672 0.181176 0.018832
3 0.575412 0.282552 0.074343 0.022232
3 0.853333 0.280672 0.232029 0.018832
0 0.676617 0.281155 0.107842 0.017866
0 0.515299 0.316986 0.911765 0.018653
1 0.296508 0.232899 0.014706 0.011364
0 0.658680 0.232827 0.625000 0.022232
0 0.199123 0.417126 0.279412 0.018653
0 0.436768 0.417036 0.181176 0.018832
3 0.575412 0.418915 0.074343 0.022232
3 0.853333 0.417036 0.232029 0.018832
0 0.676617 0.417519 0.107842 0.017866
0 0.515299 0.453349 0.911765 0.018653
1 0.296508 0.369263 0.014706 0.011364
0 0.658680 0.369191 0.625000 0.022232
2 0.718461 0.114476 0.014706 0.011364
2 0.779438 0.114476 0.014706 0.011364
0 0.155005 0.232780 0.191176 0.022327
0 0.155005 0.369143 0.191176 0.022327
0 0.876805 0.949979 0.188747 0.017261