0 0.873341 0.941713 0.188747 0.017261
2 0.070489 0.492383 0.014706 0.011364
2 0.136987 0.492383 0.014706 0.011364
2 0.306103 0.492383 0.014706 0.011364
1 0.928268 0.405527 0.014706 0.011364
3 0.211765 0.280229 0.305882 0.022232
3 0.533729 0.280229 0.305882 0.022232
0 0.609315 0.183599 0.180204 0.022323
3 0.738136 0.183599 0.071038 0.022323
0 0.171966 0.183599 0.226925 0.022323
0 0.405216 0.183599 0.222252 0.022323
1 0.928268 0.180866 0.014706 0.011364
0 0.832992 0.183599 0.097359 0.022323
0 0.246164 0.230841 0.375322 0.022232
3 0.485055 0.230841 0.073047 0.022232
3 0.814973 0.230751 0.311227 0.022412
0 0.591571 0.231234 0.107841 0.021446
0 0.246164 0.367431 0.375322 0.022232
3 0.483966 0.367431 0.073047 0.022232
3 0.753674 0.367341 0.433825 0.022412
2 0.354573 0.403056 0.014706 0.011364
2 0.236926 0.403056 0.014706 0.011364
2 0.069941 0.403056 0.014706 0.011364
0 0.246164 0.453529 0.375322 0.022232
3 0.485296 0.453529 0.073529 0.022232
3 0.814973 0.453439 0.311227 0.022412
0 0.591571 0.453922 0.107841 0.021446
0 0.205884 0.554012 0.250000 0.018653
0 0.434963 0.553922 0.178106 0.018832
3 0.574171 0.555802 0.073047 0.022232
3 0.852739 0.553922 0.232029 0.018832
0 0.676024 0.554405 0.107842 0.017866
1 0.872281 0.515371 0.014706 0.011364
0 0.683834 0.404522 0.470606 0.022323
0 0.397056 0.318123 0.166665 0.020318
1 0.500815 0.320076 0.014706 0.011364
1 0.246732 0.320179 0.014706 0.011364
0 0.142156 0.317120 0.166665 0.022323