0 0.186396 0.660743 0.023674 0.613972
0 0.186552 0.222630 0.023674 0.248776
0 0.186552 0.000000 0.023674 0.248775
0 0.255682 0.042891 0.023674 0.613972
0 0.351801 0.913603 0.023674 0.116422
0 0.351801 0.792891 0.023674 0.112746
0 0.351801 0.712621 0.023674 0.040441
0 0.351801 0.669729 0.023674 0.040441
0 0.351801 0.623160 0.023674 0.042892
0 0.351801 0.405635 0.023674 0.384806
0 0.351801 0.151345 0.023674 0.116422
0 0.351801 0.000000 0.023674 0.232845
0 0.351801 0.000000 0.023674 0.120098
0 0.607323 0.712010 0.023674 0.040441
0 0.607323 0.622549 0.023674 0.042892
0 0.607323 0.669118 0.023674 0.040441
0 0.383682 0.913603 0.023674 0.116422
0 0.415563 0.913603 0.023674 0.116422
0 0.447444 0.913603 0.023674 0.116422
0 0.479326 0.913603 0.023674 0.116422
0 0.511207 0.913603 0.023674 0.116422
0 0.544352 0.913603 0.023676 0.116422
0 0.574971 0.913603 0.023674 0.116422
0 0.383682 0.000000 0.023674 0.120098
0 0.415563 0.000000 0.023674 0.120098
0 0.447444 0.000000 0.023674 0.120098
0 0.479326 0.000000 0.023674 0.120098
0 0.511207 0.000000 0.023674 0.120098
0 0.544352 0.000000 0.023676 0.120098
0 0.574971 0.000000 0.023674 0.120098
0 0.383682 0.792891 0.023674 0.112746
0 0.415563 0.792891 0.023674 0.112746
0 0.447444 0.792891 0.023674 0.112746
0 0.479326 0.792891 0.023674 0.112746
0 0.511207 0.792891 0.023674 0.112746
0 0.544352 0.792891 0.023676 0.112746
0 0.574971 0.792891 0.023674 0.112746
0 0.383682 0.712621 0.023674 0.040441
0 0.415563 0.712621 0.023674 0.040441
0 0.447444 0.712621 0.023674 0.040441
0 0.479326 0.712621 0.023674 0.040441
0 0.511207 0.712621 0.023674 0.040441
0 0.544352 0.712621 0.023676 0.040441
0 0.574971 0.712621 0.023674 0.040441
0 0.383682 0.669729 0.023674 0.040441
0 0.415563 0.669729 0.023674 0.040441
0 0.447444 0.669729 0.023674 0.040441
0 0.479326 0.669729 0.023674 0.040441
0 0.511207 0.669729 0.023674 0.040441
0 0.544352 0.669729 0.023676 0.040441
0 0.574971 0.669729 0.023674 0.040441
0 0.383682 0.623160 0.023674 0.042892
0 0.415563 0.623160 0.023674 0.042892
0 0.447444 0.623160 0.023674 0.042892
0 0.479326 0.623160 0.023674 0.042892
0 0.511207 0.623160 0.023674 0.042892
0 0.544352 0.623160 0.023676 0.042892
0 0.574971 0.623160 0.023674 0.042892
0 0.383682 0.405635 0.023674 0.384806
0 0.415563 0.405635 0.023674 0.384806
0 0.447444 0.405635 0.023674 0.384806
0 0.479326 0.405635 0.023674 0.384806
0 0.511207 0.405635 0.023674 0.384806
0 0.544352 0.405635 0.023676 0.384806
0 0.574971 0.405635 0.023674 0.384806
0 0.383682 0.151345 0.023674 0.116422
0 0.415563 0.151345 0.023674 0.116422
0 0.447444 0.151345 0.023674 0.116422
0 0.479326 0.151345 0.023674 0.116422
0 0.511207 0.151345 0.023674 0.116422
0 0.544352 0.151345 0.023676 0.116422
0 0.574971 0.151345 0.023674 0.116422
0 0.383682 0.000000 0.023674 0.232845
0 0.415563 0.000000 0.023674 0.232845
0 0.447444 0.000000 0.023674 0.232845
0 0.479326 0.000000 0.023674 0.232845
0 0.511207 0.000000 0.023674 0.232845
0 0.544352 0.000000 0.023676 0.232845
0 0.574971 0.000000 0.023674 0.232845
0 0.606851 0.126838 0.039773 0.783090
0 0.699181 0.405230 0.023674 0.384806
0 0.699495 0.045139 0.023674 0.327206
0 0.699811 0.000000 0.023674 0.140931
5 0.742427 0.547180 0.039773 0.150735
5 0.742425 0.362337 0.039773 0.150735
5 0.742741 0.172794 0.039773 0.150735