0 0.873341 0.941713 0.188747 0.017261
2 0.678660 0.103213 0.014706 0.011364
2 0.748516 0.103213 0.014706 0.011364
0 0.513798 0.258875 0.909949 0.019798
0 0.194853 0.308074 0.272059 0.018653
0 0.432070 0.307984 0.181176 0.018832
3 0.573920 0.309864 0.074343 0.022232
3 0.852722 0.308387 0.232029 0.018026
0 0.676006 0.308467 0.107841 0.017866
0 0.700407 0.211047 0.080889 0.022652
1 0.751464 0.215659 0.014706 0.011364
0 0.847450 0.211456 0.080884 0.021833
1 0.905879 0.199832 0.014706 0.011364
1 0.905877 0.216929 0.014706 0.011364
1 0.069694 0.187827 0.014706 0.011364
1 0.069518 0.216438 0.014706 0.011364
0 0.449983 0.187827 0.404368 0.021467
0 0.448890 0.216438 0.404368 0.021467
0 0.513798 0.441838 0.909949 0.019798
0 0.194853 0.490598 0.272059 0.018653
0 0.432070 0.490508 0.181176 0.018832
3 0.573920 0.492388 0.074343 0.022232
3 0.852722 0.490911 0.232029 0.018027
0 0.676006 0.490991 0.107841 0.017866
0 0.700407 0.394010 0.080889 0.022652
1 0.751464 0.398623 0.014706 0.011364
0 0.847450 0.394419 0.080884 0.021833
1 0.905879 0.382796 0.014706 0.011364
1 0.905877 0.399893 0.014706 0.011364
1 0.069694 0.370790 0.014706 0.011364
1 0.069518 0.399403 0.014706 0.011364
0 0.449983 0.370790 0.404368 0.021467
0 0.448890 0.399403 0.404368 0.021467
0 0.513798 0.623513 0.909949 0.019798
0 0.194853 0.671950 0.272059 0.018653
0 0.432070 0.671861 0.181176 0.018832
3 0.573920 0.673740 0.074343 0.022232
3 0.852722 0.672263 0.232029 0.018027
0 0.676006 0.672343 0.107841 0.017866
0 0.700407 0.575686 0.080889 0.022652
1 0.751464 0.580297 0.014706 0.011364
0 0.847450 0.576095 0.080884 0.021833
1 0.905879 0.564470 0.014706 0.011364
1 0.905877 0.581568 0.014706 0.011364
1 0.069694 0.552466 0.014706 0.011364
1 0.069518 0.581077 0.014706 0.011364
0 0.449983 0.552466 0.404368 0.021467
0 0.448890 0.581077 0.404368 0.021467
0 0.513798 0.803850 0.909949 0.019798
0 0.194853 0.865637 0.272059 0.018653
0 0.432070 0.865547 0.181176 0.018832
3 0.573920 0.867427 0.074343 0.022232
3 0.852722 0.865950 0.232029 0.018027
0 0.676006 0.866030 0.107841 0.017866
0 0.700407 0.756022 0.080889 0.022652
1 0.751464 0.760634 0.014706 0.011364
0 0.847450 0.756431 0.080884 0.021833
1 0.905879 0.744807 0.014706 0.011364
1 0.905877 0.761904 0.014706 0.011364
1 0.069694 0.732802 0.014706 0.011364
1 0.069518 0.761414 0.014706 0.011364
0 0.449983 0.732802 0.404368 0.021467
0 0.448890 0.761414 0.404368 0.021467