0 0.828873 0.225173 0.278163 0.019881
1 0.367833 0.355193 0.014706 0.011364
1 0.367830 0.338414 0.014706 0.011364
1 0.882539 0.355193 0.014706 0.011364
1 0.882538 0.338414 0.014706 0.011364
0 0.829826 0.543355 0.282276 0.019881
1 0.367828 0.673375 0.014706 0.011364
1 0.367830 0.656596 0.014706 0.011364
1 0.879310 0.673375 0.014706 0.011364
1 0.879309 0.656596 0.014706 0.011364
1 0.066611 0.524889 0.014706 0.011364
1 0.066611 0.543354 0.014706 0.011364
1 0.066611 0.561818 0.014706 0.011364
1 0.066611 0.580282 0.014706 0.011364
1 0.066611 0.598750 0.014706 0.011364
1 0.367828 0.524889 0.014706 0.011364
1 0.367832 0.543354 0.014706 0.011364
1 0.367828 0.561818 0.014706 0.011364
1 0.367835 0.580282 0.014706 0.011364
0 0.762248 0.580282 0.409797 0.019885
0 0.512070 0.633579 0.911765 0.023120
1 0.066611 0.712390 0.014706 0.011364
1 0.066611 0.730855 0.014706 0.011364
1 0.066611 0.749320 0.014706 0.011364
1 0.066611 0.767784 0.014706 0.011364
1 0.066609 0.786253 0.014706 0.011364
1 0.367828 0.712390 0.014706 0.011364
1 0.367832 0.730855 0.014706 0.011364
1 0.367828 0.749320 0.014706 0.011364
1 0.367832 0.786253 0.014706 0.011364
0 0.761380 0.787271 0.413145 0.015396
1 0.367828 0.767784 0.014706 0.011364
2 0.747873 0.116485 0.014706 0.011364
2 0.809634 0.116485 0.014706 0.011364
1 0.069838 0.206707 0.014706 0.011364
1 0.069838 0.225172 0.014706 0.011364
1 0.069838 0.243636 0.014706 0.011364
1 0.069838 0.262100 0.014706 0.011364
1 0.069838 0.280568 0.014706 0.011364
1 0.367828 0.206707 0.014706 0.011364
1 0.367832 0.225172 0.014706 0.011364
1 0.367828 0.243636 0.014706 0.011364
1 0.367835 0.262100 0.014706 0.011364
0 0.762651 0.262100 0.410603 0.019885
0 0.515299 0.315397 0.911765 0.023120
1 0.069838 0.394208 0.014706 0.011364
1 0.069838 0.412673 0.014706 0.011364
1 0.069838 0.431138 0.014706 0.011364
1 0.069838 0.449602 0.014706 0.011364
1 0.069838 0.468071 0.014706 0.011364
1 0.367828 0.394208 0.014706 0.011364
1 0.367832 0.412673 0.014706 0.011364
1 0.367828 0.431138 0.014706 0.011364
1 0.367832 0.468071 0.014706 0.011364
0 0.762529 0.468070 0.411479 0.019885
1 0.367828 0.449602 0.014706 0.011364
0 0.695498 0.280569 0.545541 0.019885
0 0.696047 0.598751 0.546639 0.019885
0 0.206473 0.353688 0.294113 0.022391
0 0.206061 0.671885 0.294113 0.022391
0 0.667168 0.353688 0.408091 0.022391
0 0.665583 0.671885 0.408092 0.022391
0 0.876805 0.949979 0.188747 0.017261