0 0.873341 0.941713 0.188747 0.017261
1 0.423750 0.335788 0.014706 0.011364
0 0.768963 0.242934 0.207041 0.017866
0 0.504963 0.242541 0.289341 0.018653
0 0.193810 0.242451 0.303580 0.018832
0 0.263664 0.278415 0.443289 0.017232
3 0.926471 0.244241 0.080881 0.022412
0 0.138571 0.335035 0.193103 0.025234
1 0.353899 0.303682 0.014706 0.011364
0 0.281047 0.336045 0.062093 0.023163
0 0.092275 0.194645 0.100510 0.019801
1 0.363562 0.194152 0.014706 0.011364
0 0.270028 0.196066 0.100510 0.022643
1 0.363562 0.176450 0.014706 0.011364
1 0.165033 0.193515 0.014706 0.011364
0 0.437087 0.384205 0.183011 0.018653
0 0.186363 0.384116 0.288686 0.018832
3 0.574166 0.385995 0.073047 0.022232
3 0.852448 0.384116 0.232029 0.018832
0 0.674148 0.384599 0.107842 0.017866
0 0.599264 0.335414 0.213237 0.028033
1 0.247279 0.303682 0.014706 0.011364
1 0.553634 0.194194 0.014706 0.011364
1 0.683823 0.176516 0.014706 0.011364
0 0.667279 0.278907 0.349268 0.016250
1 0.452327 0.194194 0.014706 0.011364
1 0.452327 0.176516 0.014706 0.011364
0 0.833641 0.194195 0.273895 0.022234
1 0.857025 0.265783 0.014706 0.011364
1 0.379632 0.265783 0.014706 0.011364
1 0.553634 0.176516 0.014706 0.011364
1 0.353899 0.335788 0.014706 0.011364
1 0.901693 0.336643 0.014706 0.011364
1 0.831841 0.336643 0.014706 0.011364
1 0.831837 0.303682 0.014706 0.011364
0 0.751635 0.336901 0.062093 0.023163
1 0.721546 0.303682 0.014706 0.011364
1 0.423750 0.594947 0.014706 0.011364
0 0.768963 0.502093 0.207041 0.017866
0 0.504963 0.501700 0.289341 0.018653
0 0.193810 0.501611 0.303580 0.018832
0 0.263664 0.537575 0.443289 0.017232
3 0.926471 0.503400 0.080881 0.022412
0 0.138571 0.594194 0.193103 0.025234
1 0.353899 0.562841 0.014706 0.011364
0 0.281047 0.595204 0.062093 0.023163
0 0.092275 0.453804 0.100510 0.019801
1 0.363562 0.453311 0.014706 0.011364
0 0.270028 0.455225 0.100510 0.022643
1 0.363562 0.435609 0.014706 0.011364
1 0.165033 0.452674 0.014706 0.011364
0 0.437087 0.643364 0.183011 0.018653
0 0.186363 0.643275 0.288686 0.018832
3 0.574166 0.645154 0.073047 0.022232
0 0.674148 0.643758 0.107842 0.017866
0 0.599264 0.594573 0.213237 0.028033
1 0.247279 0.562841 0.014706 0.011364
1 0.553634 0.453354 0.014706 0.011364
0 0.667279 0.538066 0.349268 0.016250
1 0.452327 0.453354 0.014706 0.011364
1 0.452327 0.435607 0.014706 0.011364
1 0.857025 0.524942 0.014706 0.011364
1 0.379632 0.524942 0.014706 0.011364
1 0.553634 0.435607 0.014706 0.011364
1 0.353899 0.594947 0.014706 0.011364
1 0.901693 0.595802 0.014706 0.011364
1 0.831841 0.595802 0.014706 0.011364
1 0.831837 0.562841 0.014706 0.011364
0 0.751635 0.596060 0.062093 0.023163
1 0.721546 0.562841 0.014706 0.011364
1 0.423750 0.856311 0.014706 0.011364
0 0.768963 0.763457 0.207041 0.017866
0 0.504963 0.763064 0.289341 0.018653
0 0.193810 0.762974 0.303580 0.018832
0 0.263664 0.798938 0.443289 0.017232
3 0.926471 0.764764 0.080881 0.022412
0 0.138571 0.855557 0.193103 0.025234
1 0.353899 0.824205 0.014706 0.011364
0 0.281047 0.856568 0.062093 0.023163
0 0.092275 0.715168 0.100510 0.019801
1 0.363562 0.714674 0.014706 0.011364
0 0.270028 0.716589 0.100510 0.022643
1 0.363562 0.696972 0.014706 0.011364
1 0.165033 0.714038 0.014706 0.011364
0 0.437087 0.904728 0.183011 0.018653
0 0.186363 0.904638 0.288686 0.018832
3 0.574166 0.906518 0.073047 0.022232
3 0.852448 0.904638 0.232029 0.018832
0 0.674148 0.905121 0.107842 0.017866
0 0.599264 0.855937 0.213237 0.028033
1 0.247279 0.824205 0.014706 0.011364
1 0.553634 0.714717 0.014706 0.011364
0 0.667279 0.799429 0.349268 0.016250
1 0.452327 0.714717 0.014706 0.011364
1 0.452327 0.697039 0.014706 0.011364
1 0.857025 0.786306 0.014706 0.011364
1 0.379632 0.786306 0.014706 0.011364
1 0.553634 0.697039 0.014706 0.011364
1 0.353899 0.856311 0.014706 0.011364
1 0.901693 0.857165 0.014706 0.011364
1 0.831841 0.857165 0.014706 0.011364
1 0.831837 0.824205 0.014706 0.011364
0 0.751635 0.857424 0.062093 0.023163
1 0.721546 0.824205 0.014706 0.011364
3 0.852448 0.643275 0.232029 0.018832
1 0.683823 0.435607 0.014706 0.011364
0 0.833641 0.454933 0.273895 0.022234
1 0.683823 0.697039 0.014706 0.011364
0 0.833641 0.714718 0.273895 0.022234