0 0.873341 0.941713 0.188747 0.017261
2 0.710516 0.102025 0.014706 0.011364
2 0.773657 0.102025 0.014706 0.011364
0 0.762730 0.559695 0.202618 0.018653
0 0.523414 0.559695 0.261436 0.018653
0 0.230597 0.559900 0.299426 0.018244
0 0.253679 0.595530 0.110296 0.022323
0 0.440485 0.595530 0.095582 0.022323
3 0.921118 0.561395 0.098114 0.022412
1 0.326799 0.598340 0.014706 0.011364
1 0.510621 0.598340 0.014706 0.011364
1 0.510623 0.582864 0.014706 0.011364
2 0.149211 0.595816 0.014706 0.011364
2 0.092869 0.595816 0.014706 0.011364
0 0.762730 0.630715 0.202618 0.018653
0 0.523414 0.630715 0.261436 0.018653
0 0.230597 0.630920 0.299426 0.018244
0 0.253679 0.666551 0.110296 0.022323
0 0.440485 0.666551 0.095582 0.022323
3 0.921118 0.632415 0.098114 0.022412
1 0.326799 0.669360 0.014706 0.011364
1 0.510621 0.669360 0.014706 0.011364
1 0.510623 0.653884 0.014706 0.011364
2 0.149211 0.666836 0.014706 0.011364
2 0.092869 0.666836 0.014706 0.011364
3 0.220588 0.857932 0.323529 0.022232
0 0.847629 0.858661 0.245095 0.023307
3 0.554461 0.857932 0.323529 0.022232
0 0.586605 0.232213 0.157258 0.022323
3 0.711989 0.232572 0.071038 0.021606
0 0.168958 0.232213 0.220908 0.022323
0 0.394793 0.232213 0.205910 0.022323
1 0.922386 0.230751 0.014706 0.011364
0 0.806031 0.232213 0.097359 0.022323
0 0.286605 0.281672 0.456203 0.022232
3 0.561077 0.281672 0.083729 0.022232
3 0.796720 0.281582 0.343436 0.022412
1 0.850668 0.520178 0.014706 0.011364
0 0.762730 0.701314 0.202618 0.018653
0 0.523414 0.701314 0.261436 0.018653
0 0.230597 0.701518 0.299426 0.018244
0 0.253679 0.737149 0.110296 0.022323
0 0.440485 0.737149 0.095582 0.022323
3 0.921118 0.703014 0.098114 0.022412
1 0.326799 0.739957 0.014706 0.011364
1 0.510621 0.739957 0.014706 0.011364
1 0.510623 0.724481 0.014706 0.011364
2 0.149211 0.737423 0.014706 0.011364
2 0.092869 0.737423 0.014706 0.011364
0 0.762730 0.772334 0.202618 0.018653
0 0.523414 0.772334 0.261436 0.018653
0 0.230597 0.772539 0.299426 0.018244
0 0.253679 0.808169 0.110296 0.022323
0 0.440485 0.808169 0.095582 0.022323
3 0.921118 0.774034 0.098114 0.022412
1 0.326799 0.810977 0.014706 0.011364
1 0.510621 0.810977 0.014706 0.011364
1 0.510623 0.795501 0.014706 0.011364
2 0.149211 0.808443 0.014706 0.011364
2 0.092869 0.808443 0.014706 0.011364
0 0.733167 0.494650 0.220593 0.022323
0 0.141185 0.493345 0.159448 0.019889
1 0.851623 0.496975 0.014706 0.011364
1 0.070261 0.449665 0.014706 0.011364
0 0.370422 0.493389 0.279417 0.019801
1 0.525650 0.496982 0.014706 0.011364
1 0.069941 0.349258 0.014706 0.011364
1 0.070261 0.383349 0.014706 0.011364
1 0.545755 0.349258 0.014706 0.011364
1 0.545755 0.331068 0.014706 0.011364
1 0.069941 0.331068 0.014706 0.011364
1 0.545760 0.416807 0.014706 0.011364
0 0.749015 0.444736 0.419616 0.037013
1 0.070261 0.424380 0.014706 0.011364
1 0.310461 0.331068 0.014706 0.011364
1 0.310461 0.375775 0.014706 0.011364
1 0.310461 0.394716 0.014706 0.011364
1 0.756547 0.331068 0.014706 0.011364
1 0.756547 0.349258 0.014706 0.011364
1 0.756547 0.380368 0.014706 0.011364
1 0.545755 0.380368 0.014706 0.011364