0 0.309261 0.192367 0.500310 0.037899
0 0.515144 0.379307 0.912075 0.037126
0 0.515144 0.449941 0.912075 0.037899
2 0.747873 0.114472 0.014706 0.011364
2 0.810998 0.114472 0.014706 0.011364
1 0.908328 0.186087 0.014706 0.011364
1 0.720773 0.200931 0.014706 0.011364
1 0.908271 0.202201 0.014706 0.011364
0 0.309572 0.263388 0.500310 0.037899
1 0.908717 0.257107 0.014706 0.011364
1 0.721083 0.271949 0.014706 0.011364
1 0.908582 0.273221 0.014706 0.011364
2 0.777284 0.296294 0.014706 0.011364
2 0.840410 0.296294 0.014706 0.011364
0 0.834403 0.272926 0.122913 0.021899
0 0.640204 0.204251 0.131542 0.022327
0 0.834403 0.204744 0.122913 0.021899
0 0.640204 0.272432 0.131542 0.022327
0 0.876805 0.949979 0.188747 0.017261