0 0.717506 0.322998 0.507351 0.029788
0 0.514944 0.229985 0.911676 0.022232
0 0.254270 0.379320 0.389708 0.020465
0 0.717502 0.380078 0.507359 0.018948
1 0.805333 0.299380 0.014706 0.011364
1 0.305335 0.351939 0.014706 0.011364
0 0.199123 0.275275 0.279412 0.018653
0 0.436771 0.275185 0.181176 0.018832
3 0.578209 0.277064 0.074343 0.022232
3 0.853333 0.275185 0.232029 0.018832
0 0.679935 0.275668 0.101204 0.017866
2 0.747873 0.111631 0.014706 0.011364
2 0.810998 0.111631 0.014706 0.011364
1 0.393565 0.316760 0.014706 0.011364
1 0.206067 0.331602 0.014706 0.011364
1 0.393565 0.332874 0.014706 0.011364
0 0.717506 0.527543 0.507351 0.029788
0 0.515255 0.434530 0.911677 0.022232
0 0.254581 0.583865 0.389707 0.020465
0 0.717502 0.584623 0.507359 0.018948
1 0.805644 0.503926 0.014706 0.011364
1 0.305645 0.556485 0.014706 0.011364
0 0.199123 0.479820 0.279412 0.018653
0 0.436771 0.479730 0.181176 0.018832
3 0.578209 0.481610 0.074343 0.022232
3 0.853333 0.479730 0.232029 0.018832
0 0.679935 0.480213 0.101204 0.017866
1 0.393879 0.521306 0.014706 0.011364
1 0.206377 0.536148 0.014706 0.011364
1 0.393876 0.537419 0.014706 0.011364
0 0.320831 0.330388 0.122913 0.021899
0 0.126632 0.329895 0.131542 0.022327
0 0.322050 0.535563 0.122913 0.021899
0 0.127851 0.535070 0.131542 0.022327
0 0.876805 0.949979 0.188747 0.017261