0 0.873341 0.941713 0.188747 0.017261
1 0.907685 0.625576 0.014706 0.011364
0 0.666627 0.641319 0.083242 0.022388
1 0.723858 0.641350 0.014706 0.011364
0 0.814499 0.641319 0.084877 0.022388
1 0.907685 0.642620 0.014706 0.011364
2 0.747279 0.104867 0.014706 0.011364
2 0.805377 0.104867 0.014706 0.011364
2 0.070609 0.210226 0.014706 0.011364
2 0.070609 0.231533 0.014706 0.011364
2 0.070609 0.252840 0.014706 0.011364
2 0.512185 0.210226 0.014706 0.011364
2 0.512185 0.231533 0.014706 0.011364
0 0.581266 0.278532 0.778644 0.022975
2 0.823757 0.300888 0.014706 0.011364
2 0.651690 0.300888 0.014706 0.011364
0 0.529412 0.352364 0.882353 0.018772
0 0.216912 0.590064 0.257353 0.018653
0 0.442587 0.589974 0.173650 0.018832
3 0.575995 0.591854 0.074343 0.022232
3 0.852740 0.589974 0.232029 0.018832
0 0.676024 0.590457 0.107842 0.017866
0 0.216912 0.540414 0.257353 0.017566
0 0.471998 0.539781 0.232474 0.018832
0 0.216913 0.642462 0.257355 0.021896
0 0.386808 0.636492 0.062093 0.033837
1 0.438456 0.613638 0.014706 0.011364
1 0.438456 0.641102 0.014706 0.011364
1 0.493601 0.641102 0.014706 0.011364
2 0.376382 0.664524 0.014706 0.011364
2 0.440873 0.664524 0.014706 0.011364
0 0.806377 0.664895 0.328422 0.022975
0 0.835958 0.493820 0.266279 0.017047
2 0.100235 0.406693 0.014706 0.011364
2 0.100235 0.428476 0.014706 0.011364
2 0.100235 0.450258 0.014706 0.011364
2 0.512185 0.450258 0.014706 0.011364
2 0.512185 0.407722 0.014706 0.011364
2 0.512185 0.428476 0.014706 0.011364
2 0.100235 0.472037 0.014706 0.011364
2 0.512185 0.472037 0.014706 0.011364
2 0.100235 0.493820 0.014706 0.011364
2 0.512185 0.493820 0.014706 0.011364