1 0.044680 0.095297 0.016340 0.012626
1 0.044541 0.113301 0.016340 0.012626
1 0.165708 0.097195 0.016340 0.012626
1 0.165846 0.113301 0.016340 0.012626
1 0.234489 0.093472 0.016340 0.012626
1 0.300676 0.094438 0.016340 0.012626
0 0.192404 0.164867 0.311255 0.058525
0 0.444859 0.093754 0.183835 0.017072
0 0.666049 0.093754 0.241408 0.017072
0 0.881751 0.064371 0.160538 0.015140
0 0.881751 0.093754 0.160538 0.017072
1 0.374183 0.124645 0.016340 0.012626
1 0.459964 0.123715 0.016340 0.012626
1 0.365614 0.154686 0.016340 0.012626
1 0.365614 0.170755 0.016340 0.012626
1 0.365614 0.186861 0.016340 0.012626
1 0.561678 0.123751 0.016340 0.012626
1 0.697712 0.123751 0.016340 0.012626
1 0.822585 0.124645 0.016340 0.012626
1 0.887477 0.125612 0.016340 0.012626
1 0.554359 0.153755 0.016340 0.012626
1 0.554359 0.170790 0.016340 0.012626
1 0.554359 0.186896 0.016340 0.012626
1 0.637685 0.155891 0.016340 0.012626
1 0.637685 0.182448 0.016340 0.012626
1 0.728376 0.154961 0.016340 0.012626
1 0.728376 0.182413 0.016340 0.012626
0 0.880500 0.154367 0.155627 0.017037
0 0.880500 0.185111 0.155627 0.016106
0 0.353926 0.224910 0.364757 0.029348
0 0.353926 0.258915 0.364757 0.029348
0 0.353926 0.293063 0.364757 0.029349
0 0.353926 0.327928 0.364757 0.029349
0 0.353926 0.360176 0.364757 0.029349
0 0.582075 0.231066 0.075961 0.017037
0 0.582075 0.265071 0.075961 0.017037
0 0.582075 0.299113 0.075961 0.017037
0 0.582075 0.333153 0.075961 0.017037
0 0.582075 0.363397 0.075961 0.017037
0 0.682608 0.231066 0.105373 0.017037
0 0.682608 0.265071 0.105373 0.017037
0 0.682608 0.299113 0.105373 0.017037
0 0.682608 0.333153 0.105373 0.017037
0 0.682608 0.363397 0.105373 0.017037
0 0.770241 0.231066 0.045345 0.017037
0 0.770241 0.265071 0.045345 0.017037
0 0.770241 0.299113 0.045345 0.017037
0 0.770241 0.333153 0.045345 0.017037
0 0.770241 0.363397 0.045345 0.017037
0 0.821075 0.231066 0.041686 0.017037
0 0.821075 0.265071 0.041686 0.017037
0 0.821075 0.299113 0.041686 0.017037
0 0.821075 0.333153 0.041686 0.017037
0 0.821075 0.363397 0.041686 0.017037
0 0.905026 0.231066 0.111487 0.017037
0 0.905026 0.265071 0.111487 0.017037
0 0.905026 0.299113 0.111487 0.017037
0 0.905026 0.333153 0.111487 0.017037
0 0.905026 0.363397 0.111487 0.017037
0 0.284923 0.397198 0.496294 0.017037
0 0.752454 0.396715 0.416627 0.016071
0 0.261024 0.427477 0.446087 0.017037
0 0.728555 0.427960 0.466930 0.016071
0 0.261649 0.458258 0.447337 0.016106
0 0.726100 0.458258 0.462020 0.016106
0 0.261649 0.488572 0.447337 0.016106
0 0.726702 0.489037 0.463224 0.017037
0 0.726100 0.617145 0.457110 0.030876
4 0.247039 0.656010 0.282768 0.035847
4 0.724139 0.655659 0.260105 0.036549
0 0.446041 0.668046 0.088190 0.018933
0 0.917833 0.668046 0.088189 0.018933
0 0.728556 0.720104 0.464428 0.051110
0 0.262251 0.754678 0.450949 0.029349
4 0.262250 0.794008 0.248317 0.032562
0 0.446041 0.805268 0.088190 0.018933
0 0.214590 0.842223 0.041686 0.017037
0 0.672858 0.888823 0.041686 0.017037
0 0.672858 0.865988 0.041686 0.017037
0 0.672858 0.842223 0.041686 0.017037
0 0.520843 0.888823 0.041686 0.017037
0 0.520843 0.865988 0.041686 0.017037
0 0.520843 0.842223 0.041686 0.017037
0 0.214590 0.888823 0.041686 0.017037
0 0.214590 0.865988 0.041686 0.017037
0 0.362668 0.888823 0.041686 0.017037
0 0.362668 0.865988 0.041686 0.017037
0 0.362668 0.842223 0.041686 0.017037
0 0.824640 0.888823 0.041686 0.017037
0 0.824640 0.865988 0.041686 0.017037
0 0.824640 0.842223 0.041686 0.017037
0 0.285016 0.842223 0.084529 0.017037
0 0.285016 0.865988 0.084529 0.017037
0 0.285016 0.888823 0.084529 0.017037
0 0.444802 0.842223 0.084529 0.017037
0 0.444802 0.865988 0.084529 0.017037
0 0.444802 0.888823 0.084529 0.017037
0 0.598768 0.842223 0.084529 0.017037
0 0.598773 0.865988 0.084529 0.017037
0 0.598773 0.888823 0.084529 0.017037
0 0.748101 0.842223 0.084529 0.017037
0 0.748193 0.865988 0.084529 0.017037
0 0.749351 0.888823 0.084529 0.017037
0 0.908480 0.842223 0.084529 0.017037
0 0.908480 0.865988 0.084529 0.017037
0 0.908485 0.888823 0.084529 0.017037
0 0.500000 0.925500 0.924039 0.031980
0 0.262251 0.617145 0.450949 0.030876
4 0.815769 0.519588 0.278456 0.029398
1 0.455985 0.186500 0.016340 0.012626