2 0.056696 0.128362 0.014706 0.011364
2 0.119822 0.128362 0.014706 0.011364
0 0.125350 0.213689 0.131542 0.022327
1 0.204217 0.216327 0.014706 0.011364
0 0.306556 0.213689 0.122913 0.022327
1 0.381779 0.200527 0.014706 0.011364
1 0.381779 0.217591 0.014706 0.011364
0 0.589337 0.214250 0.280426 0.021793
0 0.857210 0.213985 0.227943 0.022323
0 0.209743 0.260590 0.300654 0.018653
0 0.456943 0.260501 0.181176 0.018832
3 0.585114 0.262380 0.055554 0.022232
0 0.676617 0.260984 0.107842 0.017866
3 0.857210 0.260501 0.227943 0.018832
0 0.125350 0.328824 0.131542 0.022479
1 0.204217 0.331538 0.014706 0.011364
0 0.306556 0.328900 0.122913 0.022327
1 0.381779 0.332802 0.014706 0.011364
1 0.381779 0.315736 0.014706 0.011364
0 0.857210 0.329042 0.227943 0.022323
0 0.589337 0.329307 0.280426 0.021793
0 0.209743 0.375647 0.300654 0.018653
0 0.456943 0.375557 0.181176 0.018832
3 0.585114 0.377437 0.055554 0.022232
0 0.676617 0.376040 0.107842 0.017866
3 0.857210 0.375557 0.227943 0.018832
0 0.125350 0.444863 0.131542 0.022327
1 0.204217 0.447501 0.014706 0.011364
0 0.306556 0.444863 0.122913 0.022327
1 0.381779 0.431700 0.014706 0.011364
1 0.381779 0.449516 0.014706 0.011364
0 0.589337 0.445785 0.280426 0.021793
0 0.857210 0.445520 0.227943 0.022323
0 0.209743 0.492126 0.300654 0.018653
0 0.456943 0.492036 0.181176 0.018832
3 0.585114 0.493915 0.055554 0.022232
0 0.676617 0.492519 0.107842 0.017866
3 0.857210 0.492036 0.227943 0.018832
0 0.125350 0.561576 0.131542 0.022327
1 0.204217 0.564215 0.014706 0.011364
0 0.306556 0.561576 0.122913 0.022327
1 0.381779 0.548414 0.014706 0.011364
1 0.381779 0.565479 0.014706 0.011364
0 0.589337 0.560842 0.280426 0.021793
0 0.857210 0.560577 0.227943 0.022323
0 0.209743 0.607182 0.300654 0.018653
0 0.456943 0.607093 0.181176 0.018832
3 0.585114 0.608972 0.055554 0.022232
0 0.676617 0.607576 0.107842 0.017866
3 0.857210 0.607093 0.227943 0.018832
2 0.056696 0.775250 0.014706 0.011364
2 0.056696 0.752523 0.014706 0.011364
2 0.070046 0.880126 0.014706 0.011364
2 0.070042 0.901125 0.014706 0.011364
2 0.070042 0.922975 0.014706 0.011364
0 0.459216 0.875558 0.185302 0.019649
0 0.652463 0.898288 0.637047 0.019649
0 0.652463 0.921015 0.637047 0.019649
2 0.056701 0.837078 0.014706 0.011364
2 0.119827 0.837078 0.014706 0.011364
0 0.876805 0.949969 0.188747 0.017261