0 0.286794 0.236111 0.480333 0.018495
0 0.285932 0.272726 0.478609 0.018495
0 0.285220 0.302106 0.477184 0.024573
0 0.638733 0.236741 0.198871 0.016414
0 0.881337 0.235639 0.157902 0.016414
0 0.639958 0.272191 0.195619 0.018067
0 0.854243 0.272743 0.210665 0.019169
0 0.750319 0.307764 0.420618 0.016414
0 0.165033 0.423135 0.250000 0.035985
0 0.412910 0.424808 0.239216 0.039027
0 0.641669 0.423568 0.206538 0.042607
0 0.855497 0.422980 0.214052 0.044192
0 0.163399 0.471147 0.250000 0.050213
0 0.412315 0.469826 0.236601 0.040495
0 0.638401 0.470744 0.206538 0.038659
0 0.854575 0.468843 0.214052 0.043970
0 0.163399 0.516081 0.250000 0.045455
0 0.413111 0.516425 0.233660 0.042241
0 0.638728 0.516420 0.203923 0.042760
0 0.854575 0.516712 0.214052 0.044192
0 0.164011 0.561395 0.250000 0.045455
0 0.411560 0.564433 0.235294 0.043785
0 0.639341 0.565003 0.203923 0.043800
0 0.855188 0.564552 0.214052 0.044192
0 0.164011 0.608112 0.250000 0.045455
0 0.411560 0.611315 0.235294 0.040931
0 0.639341 0.611291 0.203923 0.042729
0 0.855188 0.611269 0.214052 0.044192
0 0.166863 0.653016 0.249999 0.045454
0 0.411560 0.657788 0.235294 0.043303
0 0.640648 0.656179 0.206538 0.042760
0 0.854475 0.657826 0.214052 0.044192
0 0.162585 0.700835 0.250000 0.045455
0 0.412273 0.701999 0.238562 0.041381
0 0.641301 0.702216 0.205230 0.040679
0 0.854371 0.703851 0.212418 0.045455
0 0.164011 0.745739 0.250000 0.045455
0 0.411665 0.747109 0.236928 0.042071
0 0.639935 0.747090 0.206538 0.042760
0 0.854475 0.748265 0.214052 0.043372
0 0.162786 0.792140 0.250000 0.045455
0 0.410969 0.793120 0.235294 0.042071
0 0.639422 0.794486 0.206538 0.043801
0 0.853962 0.794696 0.214052 0.044414
0 0.162786 0.840120 0.250000 0.045455
0 0.411969 0.840618 0.235294 0.041933
0 0.640135 0.840981 0.206538 0.043800
0 0.853962 0.842645 0.214052 0.045455