0 0.873341 0.941713 0.188747 0.017261
2 0.069444 0.158433 0.014706 0.011364
2 0.069444 0.180277 0.014706 0.011364
2 0.069444 0.202126 0.014706 0.011364
0 0.458618 0.154710 0.185302 0.019649
0 0.651865 0.177441 0.637047 0.019649
0 0.651865 0.200168 0.637047 0.019649
2 0.056302 0.268053 0.014706 0.011364
2 0.119526 0.268053 0.014706 0.011364
2 0.068480 0.350034 0.014706 0.011364
2 0.068480 0.375465 0.014706 0.011364
2 0.068480 0.407194 0.014706 0.011364
2 0.068480 0.431765 0.014706 0.011364
2 0.216155 0.350034 0.014706 0.011364
2 0.216155 0.380746 0.014706 0.011364
2 0.216155 0.407196 0.014706 0.011364
3 0.400729 0.359549 0.139690 0.020199
2 0.529023 0.393447 0.014706 0.011364
2 0.503270 0.351171 0.014706 0.011364
2 0.529023 0.372306 0.014706 0.011364
0 0.688131 0.434008 0.096855 0.022008
1 0.749593 0.433221 0.014706 0.011364
0 0.841913 0.433999 0.095590 0.022841
1 0.907683 0.414567 0.014706 0.011364
1 0.907680 0.433221 0.014706 0.011364
0 0.805146 0.354283 0.330884 0.036460
2 0.070809 0.472437 0.014706 0.011364
2 0.133944 0.472437 0.014706 0.011364
2 0.069444 0.512450 0.014706 0.011364
2 0.069444 0.536596 0.014706 0.011364
2 0.370098 0.512450 0.014706 0.011364
2 0.370098 0.536596 0.014706 0.011364
2 0.196897 0.512450 0.014706 0.011364
2 0.196897 0.536596 0.014706 0.011364
0 0.844770 0.538326 0.133989 0.022125
1 0.922386 0.537076 0.014706 0.011364
0 0.645223 0.534807 0.253678 0.017924
0 0.740451 0.564012 0.460274 0.017888
2 0.056103 0.116231 0.014706 0.011364
2 0.119229 0.116231 0.014706 0.011364
2 0.341505 0.396163 0.014706 0.011364
2 0.341505 0.414907 0.014706 0.011364
2 0.341505 0.433654 0.014706 0.011364
2 0.068283 0.625599 0.014706 0.011364
2 0.068283 0.651029 0.014706 0.011364
2 0.068283 0.682759 0.014706 0.011364
2 0.068283 0.707330 0.014706 0.011364
2 0.215958 0.625599 0.014706 0.011364
2 0.215958 0.656311 0.014706 0.011364
2 0.215958 0.682760 0.014706 0.011364
3 0.400531 0.635115 0.139690 0.020200
2 0.528825 0.669013 0.014706 0.011364
2 0.503072 0.626736 0.014706 0.011364
2 0.528825 0.647871 0.014706 0.011364
0 0.687932 0.709573 0.096855 0.022008
1 0.749394 0.708787 0.014706 0.011364
0 0.841713 0.709564 0.095590 0.022841
1 0.907484 0.690133 0.014706 0.011364
1 0.907480 0.708787 0.014706 0.011364
0 0.804947 0.629849 0.330884 0.036460
2 0.070609 0.748003 0.014706 0.011364
2 0.133745 0.748003 0.014706 0.011364
2 0.069245 0.785984 0.014706 0.011364
2 0.069245 0.812163 0.014706 0.011364
2 0.196698 0.785984 0.014706 0.011364
2 0.196698 0.812163 0.014706 0.011364
2 0.369899 0.785985 0.014706 0.011364
2 0.369899 0.812163 0.014706 0.011364
0 0.844571 0.813892 0.133988 0.022125
1 0.922186 0.812641 0.014706 0.011364
0 0.645024 0.810372 0.253678 0.017924
0 0.740252 0.839578 0.460274 0.017888
1 0.341307 0.671727 0.014706 0.011364
1 0.341307 0.690471 0.014706 0.011364
1 0.341307 0.709218 0.014706 0.011364