1 0.316551 0.306660 0.014706 0.011364
0 0.484056 0.300499 0.238606 0.036919
0 0.791225 0.300499 0.345590 0.036919
0 0.180730 0.428341 0.242645 0.036919
1 0.569603 0.436001 0.014706 0.011364
0 0.180725 0.506712 0.242645 0.036919
1 0.569603 0.512874 0.014706 0.011364
0 0.791439 0.506708 0.345590 0.036919
2 0.747873 0.114158 0.014706 0.011364
2 0.809010 0.114158 0.014706 0.011364
1 0.316351 0.229953 0.014706 0.011364
0 0.483860 0.223792 0.238606 0.036919
0 0.791025 0.223792 0.345590 0.036919
2 0.718451 0.338596 0.014706 0.011364
2 0.775910 0.338596 0.014706 0.011364
0 0.791439 0.429837 0.345590 0.036919
0 0.876792 0.951472 0.188747 0.017261
0 0.180324 0.306697 0.246317 0.024523
0 0.180324 0.229990 0.246317 0.024523
0 0.439216 0.507694 0.242941 0.034956
0 0.439216 0.430821 0.242941 0.034956