0 0.332608 0.156450 0.317088 0.025053
0 0.714961 0.156450 0.317088 0.025053
0 0.458869 0.357139 0.073088 0.036023
0 0.458869 0.400321 0.073088 0.036023
0 0.458869 0.486684 0.073088 0.036023
0 0.458869 0.545775 0.073088 0.036023
0 0.458869 0.632139 0.073088 0.036023
0 0.458869 0.588957 0.073088 0.036023
0 0.458869 0.734412 0.073088 0.036023
0 0.458869 0.777593 0.073088 0.036023
0 0.870634 0.400321 0.073088 0.036023
0 0.870634 0.357139 0.073088 0.036023
0 0.870634 0.459412 0.073088 0.036023
0 0.870634 0.502593 0.073088 0.036023
0 0.870634 0.545775 0.073088 0.036023
0 0.870634 0.588957 0.073088 0.036023
0 0.870634 0.632139 0.073088 0.036023
0 0.870634 0.734412 0.073088 0.036023
0 0.870634 0.691230 0.073088 0.036023
0 0.870634 0.777593 0.073088 0.036023
0 0.870634 0.820775 0.073088 0.036023
0 0.870634 0.863957 0.073088 0.036023
0 0.458869 0.863957 0.073088 0.036023
0 0.458869 0.443499 0.073088 0.036023
0 0.458869 0.820772 0.073088 0.036023
0 0.458869 0.691230 0.073088 0.036023