1 0.132843 0.140606 0.016274 0.012727
0 0.743333 0.141061 0.343137 0.017576
1 0.132843 0.159134 0.016274 0.011904
0 0.743333 0.160000 0.343137 0.017576
1 0.132843 0.179107 0.016274 0.012727
0 0.743333 0.178939 0.343137 0.017576
1 0.132843 0.198047 0.016274 0.012727
0 0.743333 0.197879 0.343137 0.017576
1 0.132843 0.216986 0.016274 0.012727
0 0.743333 0.216818 0.343137 0.017576
1 0.132843 0.235926 0.016274 0.012727
0 0.743333 0.235758 0.343137 0.017576
1 0.132843 0.254865 0.016274 0.012727
0 0.743333 0.254697 0.343137 0.017576
1 0.132843 0.273804 0.016274 0.012727
0 0.743333 0.273636 0.343137 0.017576
1 0.132843 0.292744 0.016274 0.012727
0 0.743333 0.299318 0.343137 0.030152
1 0.132843 0.324091 0.016274 0.012727
0 0.743333 0.331288 0.343137 0.030152
1 0.132843 0.356061 0.016274 0.012727
0 0.743333 0.356515 0.343137 0.017576
1 0.132843 0.375623 0.016274 0.012727
0 0.743333 0.375455 0.343137 0.017576
1 0.132843 0.394562 0.016274 0.012727
0 0.743333 0.394394 0.343137 0.017576
1 0.133378 0.412879 0.017344 0.012727
0 0.743333 0.413333 0.343137 0.017576
1 0.132843 0.432441 0.016274 0.012727
0 0.743333 0.432273 0.343137 0.017576
1 0.132843 0.451380 0.016274 0.012727
0 0.743333 0.464651 0.343137 0.044638
1 0.132843 0.496591 0.016274 0.012576
0 0.743333 0.497121 0.343137 0.017576
1 0.132843 0.515530 0.016274 0.012576
0 0.743333 0.516061 0.343137 0.017576
1 0.132843 0.534470 0.016274 0.012576
0 0.743333 0.535000 0.343137 0.017576
1 0.132843 0.554032 0.016274 0.012576
0 0.743333 0.553939 0.343137 0.017576
1 0.132843 0.572971 0.016274 0.012576
0 0.743333 0.573707 0.343137 0.017576
1 0.132843 0.591910 0.016274 0.012576
0 0.743333 0.606348 0.343137 0.043809
1 0.132843 0.637045 0.016274 0.012576
0 0.744510 0.638404 0.343137 0.017576
1 0.132843 0.655985 0.016274 0.012576
0 0.744510 0.657343 0.343137 0.017576
1 0.132843 0.674924 0.016274 0.012576
0 0.744510 0.683025 0.343137 0.030152
1 0.132843 0.706970 0.016274 0.012727
0 0.744510 0.708253 0.343137 0.017576
1 0.132843 0.725909 0.016274 0.012727
0 0.744510 0.727192 0.343137 0.017576
1 0.132843 0.744849 0.016274 0.012727
0 0.744510 0.764621 0.343137 0.054394
1 0.132843 0.801515 0.016274 0.012727
0 0.744510 0.827879 0.343137 0.067576
1 0.132843 0.889470 0.016274 0.012576
0 0.744510 0.896061 0.343137 0.028788
1 0.103041 0.141869 0.016275 0.012727
1 0.103041 0.159546 0.016275 0.012727
1 0.103041 0.179107 0.016275 0.012727
1 0.103041 0.198047 0.016275 0.012727
1 0.103041 0.216986 0.016275 0.012727
1 0.103041 0.235926 0.016275 0.012727
1 0.103041 0.254865 0.016275 0.012727
1 0.103041 0.273804 0.016275 0.012727
1 0.103041 0.292744 0.016275 0.012727
1 0.103041 0.324091 0.016275 0.012727
1 0.103041 0.356061 0.016275 0.012727
1 0.103041 0.375623 0.016275 0.012727
1 0.103041 0.394562 0.016275 0.012727
1 0.103041 0.412879 0.016275 0.012727
1 0.103041 0.432441 0.016275 0.012727
1 0.103041 0.451380 0.016275 0.012727
1 0.103041 0.496591 0.016275 0.012576
1 0.103041 0.515530 0.016275 0.012576
1 0.103041 0.534470 0.016275 0.012576
1 0.103041 0.554032 0.016275 0.012576
1 0.103041 0.572971 0.016275 0.012576
1 0.103041 0.591910 0.016275 0.012576
1 0.103041 0.637045 0.016275 0.012576
1 0.103041 0.655985 0.016275 0.012576
1 0.103041 0.674924 0.016275 0.012576
1 0.103041 0.706970 0.016275 0.012727
1 0.103041 0.725909 0.016275 0.012727
1 0.103041 0.744849 0.016275 0.012727
1 0.103041 0.801515 0.016275 0.012727
1 0.102505 0.889470 0.017345 0.012576