0 0.168534 0.171086 0.263072 0.034091
0 0.456291 0.163668 0.315359 0.048927
0 0.710376 0.180871 0.188725 0.016414
0 0.885212 0.180871 0.156046 0.016414
0 0.168301 0.218434 0.264706 0.034091
0 0.457516 0.211016 0.315359 0.048927
0 0.709967 0.228220 0.187909 0.016414
0 0.884804 0.228220 0.155229 0.016414
0 0.167484 0.267046 0.263072 0.035353
0 0.457516 0.260259 0.315359 0.048927
0 0.710376 0.276200 0.188725 0.016414
0 0.885621 0.276200 0.155229 0.016414
1 0.076865 0.368115 0.020200 0.015609
1 0.311341 0.368746 0.020199 0.015609
0 0.742239 0.349748 0.445261 0.052399
1 0.625884 0.386423 0.020199 0.015609
1 0.817877 0.386423 0.020199 0.015609
0 0.263480 0.542298 0.456699 0.018308
0 0.609069 0.543245 0.234477 0.016414
0 0.845588 0.543245 0.238562 0.016414
0 0.263889 0.579861 0.455882 0.016414
0 0.609069 0.579861 0.236111 0.016414
0 0.845997 0.579861 0.237745 0.016414
1 0.502518 0.634529 0.020199 0.015609
1 0.617714 0.634529 0.020199 0.015609
1 0.738629 0.634529 0.020199 0.015609
1 0.502518 0.666095 0.020199 0.015609
1 0.617714 0.666095 0.020199 0.015609
1 0.738629 0.666095 0.020199 0.015609
1 0.502518 0.698292 0.020199 0.015609
1 0.617714 0.698292 0.020199 0.015609
1 0.738629 0.698292 0.020199 0.015609
1 0.502518 0.729857 0.020199 0.015609
1 0.617714 0.729857 0.020199 0.015609
1 0.047453 0.836549 0.020200 0.015609
1 0.047453 0.854226 0.020200 0.015609
1 0.047453 0.872534 0.020200 0.015608