0 0.275437 0.114739 0.433491 0.025682
0 0.275813 0.153559 0.433489 0.025681
0 0.277241 0.191948 0.436341 0.025681
0 0.724100 0.114683 0.443466 0.025682
0 0.726111 0.153503 0.443464 0.025682
0 0.725848 0.191089 0.443467 0.025681
0 0.262078 0.396708 0.128083 0.019652
0 0.600653 0.396496 0.126658 0.019652
0 0.159858 0.433624 0.170326 0.018458
0 0.603385 0.431158 0.144358 0.020866
0 0.351167 0.468876 0.557708 0.024076
0 0.180133 0.509609 0.209790 0.024076
0 0.625127 0.509609 0.209788 0.024076
0 0.181246 0.548129 0.209788 0.024076
0 0.627801 0.548129 0.209791 0.024076
0 0.128916 0.631965 0.133446 0.021668
0 0.629953 0.631592 0.250294 0.021668
0 0.501239 0.669743 0.880699 0.022471
0 0.504807 0.706462 0.880700 0.024076
0 0.503769 0.745443 0.880701 0.024076
0 0.640858 0.874441 0.251330 0.022182
0 0.856616 0.874427 0.175520 0.021524
1 0.207007 0.212362 0.015578 0.012841
1 0.206940 0.250109 0.015578 0.012841
1 0.834230 0.242886 0.015578 0.012841
1 0.903814 0.242886 0.015577 0.012841
1 0.834230 0.257331 0.015578 0.012841
1 0.903814 0.258134 0.015577 0.012841
1 0.089131 0.311073 0.014540 0.011235
1 0.511239 0.311903 0.014539 0.011235
1 0.089583 0.340794 0.014540 0.011235
1 0.511239 0.340794 0.014539 0.011235
1 0.765753 0.636898 0.015578 0.011235
1 0.874735 0.636926 0.015578 0.011235
5 0.112465 0.911228 0.109583 0.036998
5 0.231399 0.926688 0.114284 0.036998
5 0.351368 0.941124 0.113286 0.036844