0 0.203198 0.073577 0.288126 0.020899
0 0.490332 0.072837 0.291376 0.020899
0 0.782533 0.072429 0.297709 0.020326
0 0.417074 0.182731 0.148204 0.027778
0 0.562651 0.182789 0.143070 0.027778
0 0.701252 0.183458 0.130685 0.027778
0 0.847817 0.182843 0.163444 0.027778
0 0.417371 0.209043 0.147007 0.027778
0 0.419214 0.238662 0.147863 0.030955
0 0.564200 0.237647 0.143181 0.032937
0 0.701422 0.237564 0.131544 0.031217
0 0.847987 0.237147 0.164297 0.031790
0 0.417931 0.269534 0.148717 0.031304
0 0.417798 0.299006 0.144440 0.028971
0 0.562007 0.298982 0.143186 0.032937
0 0.700330 0.297818 0.134108 0.030866
0 0.848765 0.298205 0.162585 0.032364
0 0.417798 0.327686 0.146152 0.029630
0 0.418448 0.358018 0.145297 0.028970
0 0.561994 0.359652 0.143185 0.032937
0 0.700587 0.358638 0.134623 0.032937
0 0.848451 0.358793 0.163444 0.033510
0 0.417359 0.387710 0.145297 0.029899
0 0.417501 0.416536 0.147008 0.027691
0 0.856575 0.416750 0.147464 0.027778
0 0.419106 0.467659 0.145294 0.027205
0 0.709561 0.469611 0.113626 0.027778
0 0.417086 0.525984 0.148204 0.027778
0 0.562662 0.526042 0.143069 0.027778
0 0.701262 0.526711 0.130685 0.027778
0 0.847827 0.526096 0.163441 0.027778
0 0.417382 0.552295 0.147008 0.027778
0 0.419224 0.581914 0.147863 0.030953
0 0.564209 0.580899 0.143183 0.032937
0 0.700577 0.581479 0.131542 0.031217
0 0.847996 0.580399 0.164299 0.031790
0 0.417941 0.612785 0.148719 0.031306
0 0.417809 0.642258 0.144441 0.028970
0 0.561162 0.642235 0.143183 0.032937
0 0.700341 0.641070 0.134109 0.030865
0 0.848774 0.641457 0.162587 0.032364
0 0.417809 0.670938 0.146154 0.029631
0 0.418457 0.701270 0.145297 0.028970
0 0.562005 0.702904 0.143183 0.032937
0 0.700598 0.701890 0.134624 0.032937
0 0.848461 0.702045 0.163441 0.033510
0 0.418148 0.730962 0.145296 0.029898
0 0.416656 0.759788 0.147008 0.027689
0 0.856586 0.760003 0.147462 0.027778
0 0.419117 0.810912 0.145296 0.027205
0 0.711282 0.812864 0.113623 0.027778
0 0.418707 0.838553 0.144440 0.029498
0 0.700627 0.838450 0.131314 0.027338
0 0.848414 0.838809 0.165041 0.027824
0 0.417850 0.865231 0.142727 0.025531
0 0.701478 0.890616 0.133025 0.027778