0 0.279412 0.316919 0.434641 0.030303
0 0.638889 0.317551 0.254902 0.029040
0 0.867647 0.316919 0.153595 0.030303
0 0.279412 0.399621 0.434641 0.104798
0 0.727941 0.400253 0.429739 0.103535
0 0.501634 0.506313 0.882353 0.040404
0 0.379902 0.552399 0.102941 0.013889
1 0.548203 0.541667 0.060458 0.017677
1 0.729575 0.541667 0.060458 0.017677
0 0.870098 0.604167 0.138889 0.029040
0 0.266340 0.690657 0.418301 0.020202
0 0.869281 0.830808 0.140523 0.027778
1 0.828431 0.878157 0.068627 0.023990
1 0.909314 0.878157 0.070261 0.023990