0 0.293162 0.596532 0.158824 0.026212
1 0.550430 0.595462 0.029085 0.027106
1 0.689898 0.595958 0.029083 0.027106
1 0.801603 0.595224 0.029085 0.027107
0 0.480809 0.624410 0.328235 0.026212
0 0.883848 0.624410 0.060196 0.026212
0 0.644730 0.652289 0.538431 0.026212
0 0.644730 0.680168 0.538431 0.026212
0 0.861789 0.708047 0.104314 0.026212
0 0.510221 0.736001 0.122353 0.026364
0 0.861789 0.736001 0.104314 0.026364
0 0.425711 0.763956 0.291373 0.026212
0 0.861789 0.763956 0.104314 0.026212
0 0.644730 0.800533 0.537647 0.045179
0 0.644730 0.847145 0.537647 0.044077
0 0.293260 0.907971 0.135882 0.022121
0 0.569828 0.907971 0.136078 0.022121
0 0.845613 0.907971 0.134314 0.022121