0 0.266904 0.120439 0.469853 0.017675
0 0.618700 0.120534 0.234593 0.017931
0 0.854403 0.120472 0.233776 0.017297
0 0.266904 0.150647 0.469853 0.017676
0 0.618700 0.150742 0.234593 0.017928
0 0.854403 0.150679 0.233776 0.017299
0 0.266904 0.179688 0.469853 0.017676
0 0.618700 0.179782 0.234593 0.017928
0 0.854403 0.179719 0.233776 0.017299
1 0.088256 0.319286 0.012459 0.009628
1 0.088256 0.330808 0.012459 0.009944
1 0.403166 0.344224 0.012868 0.009470
1 0.588522 0.344145 0.012868 0.009943
0 0.644445 0.359391 0.592730 0.017674
1 0.211979 0.378489 0.012971 0.009864
1 0.211877 0.389655 0.012969 0.010101
1 0.088072 0.405563 0.012868 0.010101
1 0.088562 0.459794 0.013072 0.009865
1 0.088256 0.471331 0.013480 0.009628
1 0.229739 0.487666 0.012868 0.010259
1 0.414788 0.487350 0.013072 0.009628
0 0.646078 0.503962 0.592320 0.016414
1 0.211775 0.523713 0.013175 0.010023
1 0.211877 0.535047 0.012969 0.010240
1 0.088154 0.566999 0.012663 0.009785