1 0.132843 0.167727 0.016274 0.012727
0 0.743431 0.169773 0.342941 0.020455
1 0.132843 0.189697 0.016274 0.012727
0 0.743431 0.191818 0.342941 0.020606
1 0.132843 0.211742 0.016274 0.012576
0 0.744020 0.220985 0.342941 0.033788
1 0.132843 0.247500 0.016274 0.012576
0 0.743431 0.249621 0.342941 0.020455
1 0.132843 0.269546 0.016274 0.012727
0 0.743431 0.271591 0.342941 0.020455
1 0.132843 0.291515 0.016274 0.012727
0 0.743431 0.293561 0.342941 0.020454
1 0.132843 0.313485 0.016274 0.012727
0 0.744020 0.326965 0.342941 0.043811
1 0.132843 0.359318 0.016274 0.012576
0 0.743431 0.361439 0.342941 0.020455
1 0.132843 0.403333 0.016274 0.012727
0 0.743431 0.405379 0.342941 0.020455
1 0.132843 0.425303 0.016274 0.012727
0 0.743431 0.427424 0.342941 0.020606
1 0.132843 0.447349 0.016274 0.012576
0 0.743431 0.449470 0.342941 0.020455
1 0.132843 0.469318 0.016274 0.012576
0 0.743431 0.471439 0.342941 0.020455
1 0.132843 0.492201 0.016274 0.012576
0 0.743431 0.493409 0.342941 0.020455
1 0.132843 0.514246 0.016274 0.012727
0 0.743431 0.515379 0.342941 0.020455
1 0.132843 0.535303 0.016274 0.012727
0 0.743431 0.537424 0.342941 0.020606
1 0.132843 0.558261 0.016274 0.012576
0 0.743431 0.559470 0.342941 0.020455
1 0.132843 0.580231 0.016274 0.012576
0 0.743431 0.581439 0.342941 0.020455
0 0.743431 0.628712 0.341765 0.033788
1 0.132843 0.656818 0.016274 0.012727
0 0.742843 0.657424 0.341765 0.020606
1 0.132843 0.678864 0.016274 0.012576
0 0.742843 0.679470 0.341765 0.020454
1 0.132843 0.699318 0.016274 0.012576
0 0.742647 0.699849 0.341765 0.017576
0 0.742647 0.718788 0.341765 0.017576
1 0.132843 0.740758 0.016274 0.012727
0 0.743039 0.741364 0.341765 0.024242
1 0.132843 0.767580 0.016274 0.012727
0 0.743039 0.767273 0.341765 0.024242
0 0.743235 0.796288 0.341765 0.030152
1 0.132843 0.825458 0.016274 0.012727
0 0.743039 0.825152 0.341765 0.024242
1 0.132843 0.851292 0.016274 0.012576
0 0.743039 0.851061 0.341765 0.024242
1 0.132843 0.877201 0.016274 0.012575
0 0.743039 0.876970 0.341765 0.024242
1 0.103586 0.167727 0.016275 0.012727
1 0.103586 0.189697 0.016275 0.012727
1 0.103586 0.211742 0.016275 0.012576
1 0.103586 0.247500 0.016275 0.012576
1 0.103586 0.269546 0.016275 0.012727
1 0.103586 0.291515 0.016275 0.012727
1 0.103050 0.313485 0.017344 0.012727
1 0.103586 0.359318 0.016275 0.012576
1 0.103586 0.403333 0.016275 0.012727
1 0.103586 0.425303 0.016275 0.012727
1 0.103586 0.447349 0.016275 0.012576
1 0.103053 0.469318 0.015208 0.012576
1 0.103586 0.492201 0.016275 0.012576
1 0.103586 0.514246 0.016275 0.012727
1 0.103586 0.535303 0.016275 0.012727
1 0.103586 0.558261 0.016275 0.012576
1 0.103586 0.580231 0.016275 0.012576
1 0.103586 0.656818 0.016275 0.012727
1 0.103586 0.678864 0.016275 0.012576
1 0.103586 0.699318 0.016275 0.012576
1 0.103586 0.740758 0.016275 0.012727
1 0.103586 0.767580 0.016275 0.012727
1 0.103586 0.825458 0.016275 0.012727
1 0.103586 0.851292 0.016275 0.012576
1 0.103586 0.877201 0.016275 0.012575
1 0.132703 0.627766 0.016275 0.012727
1 0.103446 0.627766 0.016274 0.012727
1 0.133352 0.795505 0.016275 0.012727
1 0.104095 0.795505 0.016275 0.012727