0 0.873341 0.941713 0.188747 0.017261
0 0.716913 0.313391 0.507351 0.029788
0 0.514351 0.220380 0.911676 0.022232
0 0.253677 0.369713 0.389708 0.020465
0 0.716908 0.370472 0.507359 0.018948
1 0.804740 0.289774 0.014706 0.011364
1 0.304742 0.342333 0.014706 0.011364
0 0.198529 0.265670 0.279412 0.018653
0 0.436178 0.265580 0.181176 0.018832
3 0.577616 0.267460 0.074343 0.022232
3 0.852740 0.265580 0.232029 0.018832
0 0.679342 0.266063 0.101204 0.017866
2 0.747279 0.102025 0.014706 0.011364
2 0.810405 0.102025 0.014706 0.011364
1 0.392972 0.307154 0.014706 0.011364
0 0.126839 0.319994 0.136031 0.022388
1 0.205474 0.321998 0.014706 0.011364
0 0.318002 0.319994 0.128657 0.022388
1 0.392972 0.323268 0.014706 0.011364
0 0.716913 0.517937 0.507351 0.029788
0 0.514662 0.424926 0.911676 0.022232
0 0.253988 0.574259 0.389707 0.020465
0 0.716908 0.575017 0.507359 0.018948
1 0.805051 0.494320 0.014706 0.011364
1 0.305052 0.546879 0.014706 0.011364
0 0.198529 0.470215 0.279412 0.018653
0 0.436178 0.470126 0.181176 0.018832
3 0.577616 0.472005 0.074343 0.022232
3 0.852740 0.470126 0.232029 0.018832
0 0.679342 0.470609 0.101204 0.017866
1 0.393286 0.511700 0.014706 0.011364
0 0.127150 0.524540 0.136031 0.022388
1 0.205784 0.526543 0.014706 0.011364
0 0.318312 0.524540 0.128657 0.022388
1 0.393283 0.527813 0.014706 0.011364