0 0.142970 0.101882 0.202332 0.022961
0 0.836262 0.057794 0.224358 0.026673
2 0.729480 0.084121 0.021528 0.016635
2 0.729480 0.101063 0.021528 0.016635
2 0.873865 0.084121 0.021528 0.016635
2 0.873865 0.101477 0.021528 0.016635
0 0.143627 0.244924 0.217451 0.032879
0 0.287353 0.244924 0.062157 0.032879
0 0.364510 0.244924 0.084314 0.032879
0 0.438725 0.244924 0.056275 0.032879
0 0.493922 0.244924 0.046275 0.032879
0 0.563137 0.244924 0.084314 0.032879
0 0.640294 0.244924 0.062157 0.032879
0 0.724804 0.244924 0.099020 0.032879
0 0.871863 0.244924 0.187255 0.032879
0 0.256642 0.292261 0.291800 0.019529
0 0.255973 0.314944 0.291796 0.019527
0 0.255975 0.337626 0.291801 0.019528
0 0.752979 0.274734 0.417216 0.019530
0 0.780998 0.295403 0.361178 0.020000
0 0.780998 0.316306 0.359843 0.020001
0 0.781332 0.336694 0.359176 0.020000
0 0.132549 0.423788 0.195294 0.028182
0 0.320392 0.423273 0.172549 0.028182
0 0.507941 0.423788 0.194706 0.028182
0 0.695490 0.423273 0.172549 0.028182
0 0.875588 0.423273 0.179804 0.028182
0 0.132549 0.455076 0.195294 0.028333
0 0.320392 0.455076 0.172549 0.028333
0 0.507941 0.455076 0.194706 0.028333
0 0.695490 0.455076 0.172549 0.028333
0 0.875588 0.455076 0.179804 0.028333
0 0.132549 0.486439 0.195294 0.028333
0 0.320392 0.486439 0.172549 0.028333
0 0.507941 0.486439 0.194706 0.028333
0 0.695490 0.486439 0.172549 0.028333
0 0.875588 0.486439 0.179804 0.028333
0 0.132549 0.517727 0.195294 0.028182
0 0.320392 0.517727 0.172549 0.028182
0 0.507941 0.517727 0.194706 0.028182
0 0.695490 0.517727 0.172549 0.028182
0 0.875588 0.517727 0.179804 0.028182
0 0.132549 0.549015 0.195294 0.028333
0 0.320392 0.549015 0.172549 0.028333
0 0.507941 0.549015 0.194706 0.028333
0 0.695490 0.549015 0.172549 0.028333
0 0.874330 0.549015 0.179804 0.028333
0 0.132549 0.580379 0.195294 0.028333
0 0.320392 0.580379 0.172549 0.028333
0 0.507941 0.580379 0.194706 0.028333
0 0.695490 0.580379 0.172549 0.028333
0 0.875588 0.580379 0.179804 0.028333
0 0.320392 0.611136 0.172941 0.027424
0 0.507941 0.611136 0.195098 0.027424
0 0.875588 0.611136 0.180196 0.027424
0 0.205939 0.898133 0.245098 0.027778
4 0.642904 0.896456 0.521288 0.029579
0 0.641236 0.941794 0.524623 0.017468
5 0.311229 0.985184 0.352941 0.020490
5 0.672142 0.984926 0.352941 0.019974