0 0.270202 0.155955 0.450982 0.018653
0 0.739155 0.155955 0.464052 0.018653
0 0.121917 0.221160 0.154413 0.022323
0 0.233437 0.221206 0.062093 0.022232
1 0.055060 0.180662 0.014706 0.011364
0 0.427065 0.221519 0.161765 0.021606
0 0.546346 0.221206 0.062093 0.022232
1 0.356845 0.180662 0.014706 0.011364
0 0.747520 0.221160 0.179735 0.022323
0 0.870728 0.221206 0.062093 0.022232
1 0.668307 0.180662 0.014706 0.011364
2 0.917381 0.179909 0.014706 0.011364
2 0.917252 0.202335 0.014706 0.011364
2 0.917381 0.223298 0.014706 0.011364
2 0.599039 0.179909 0.014706 0.011364
2 0.598910 0.202335 0.014706 0.011364
2 0.599039 0.223298 0.014706 0.011364
2 0.290425 0.179909 0.014706 0.011364
2 0.290296 0.202335 0.014706 0.011364
2 0.290425 0.223298 0.014706 0.011364
2 0.057712 0.280737 0.016340 0.012626
2 0.121242 0.280737 0.016340 0.012626
0 0.163275 0.330765 0.236730 0.022412
1 0.415627 0.330934 0.014706 0.011364
0 0.743859 0.379967 0.209152 0.017866
0 0.189419 0.379574 0.289018 0.018653
0 0.485689 0.379493 0.281047 0.018814
3 0.912975 0.381274 0.112747 0.022412
1 0.598657 0.330931 0.014706 0.011364
0 0.337976 0.330785 0.095590 0.022371
0 0.512337 0.330785 0.107026 0.022371
2 0.057712 0.443256 0.016340 0.012626
2 0.057712 0.472045 0.016340 0.012626
2 0.057712 0.499717 0.016340 0.012626
2 0.604900 0.443256 0.016340 0.012626
2 0.604900 0.471923 0.016340 0.012626
0 0.756107 0.556248 0.430149 0.018653
0 0.239155 0.595315 0.359477 0.018744
0 0.745295 0.647636 0.209152 0.017866
0 0.198305 0.647243 0.277776 0.018653
0 0.487125 0.647153 0.281047 0.018832
3 0.914409 0.648943 0.112747 0.022412
0 0.745295 0.796470 0.209152 0.017866
0 0.198305 0.796799 0.277776 0.017207
0 0.487125 0.795987 0.281047 0.018832
3 0.912556 0.797777 0.112747 0.022412
2 0.071402 0.834936 0.014706 0.011364
2 0.135116 0.834936 0.014706 0.011364
1 0.816054 0.597784 0.014706 0.011364
0 0.199123 0.687363 0.279412 0.018744
1 0.713516 0.689093 0.014706 0.011364
2 0.071402 0.559364 0.014706 0.011364
2 0.159234 0.559364 0.014706 0.011364
2 0.255724 0.559364 0.014706 0.011364
2 0.343462 0.559364 0.014706 0.011364
0 0.657358 0.829240 0.619513 0.017866
3 0.602618 0.745581 0.347837 0.018027
3 0.380916 0.746847 0.068629 0.022655
0 0.198305 0.745889 0.277776 0.017412
0 0.517812 0.688220 0.348480 0.024188
0 0.612475 0.596172 0.348480 0.024188
0 0.876805 0.949969 0.188747 0.017261