0 0.211737 0.970666 0.272810 0.020615
0 0.685055 0.970376 0.125776 0.020615
0 0.895163 0.970376 0.156686 0.020615
1 0.066578 0.228582 0.019074 0.014739
1 0.066578 0.246488 0.019074 0.014739
1 0.066578 0.264119 0.019074 0.014739
1 0.066578 0.283403 0.019074 0.014740
1 0.066578 0.301585 0.019074 0.014740
1 0.066578 0.320042 0.019074 0.014739
1 0.066578 0.339326 0.019074 0.014740
0 0.190642 0.334137 0.037611 0.013178
1 0.066578 0.357508 0.019074 0.014740
0 0.238057 0.355349 0.037611 0.013178
1 0.066578 0.375965 0.019074 0.014740
0 0.150624 0.373417 0.037611 0.013177
1 0.066578 0.393320 0.019074 0.014739
1 0.066578 0.412879 0.019074 0.014739
1 0.066578 0.431612 0.019074 0.014739
1 0.066578 0.448417 0.019074 0.014740
0 0.154724 0.445593 0.042245 0.013178
1 0.066578 0.465772 0.019074 0.014739
0 0.159181 0.463499 0.042247 0.013177
1 0.066578 0.484780 0.019074 0.014740
0 0.158823 0.483058 0.042245 0.013177
1 0.066935 0.504891 0.019074 0.014739
0 0.159181 0.500965 0.042247 0.013177
1 0.365331 0.228582 0.019074 0.014739
0 0.520053 0.226928 0.046524 0.013177
1 0.365331 0.245386 0.019074 0.014739
0 0.520440 0.245822 0.044029 0.013177
1 0.365331 0.263844 0.019074 0.014740
1 0.365331 0.283403 0.019074 0.014740
1 0.365331 0.301861 0.019074 0.014739
1 0.365331 0.334367 0.019074 0.014739
1 0.365331 0.363844 0.019074 0.014739
1 0.365331 0.396350 0.019074 0.014739
1 0.365331 0.426080 0.019074 0.014739
1 0.365153 0.458679 0.019074 0.014739
0 0.504011 0.481268 0.245098 0.019927
1 0.668628 0.227962 0.019073 0.014739
1 0.668628 0.245593 0.019073 0.014739
1 0.668628 0.264600 0.019073 0.014739
1 0.668628 0.283058 0.019073 0.014740
1 0.668628 0.302342 0.019073 0.014739
1 0.668628 0.320248 0.019073 0.014739
1 0.668628 0.339256 0.019073 0.014740
0 0.806240 0.346557 0.245098 0.011525
1 0.668628 0.376033 0.019073 0.014740
0 0.805080 0.374587 0.245098 0.014832
1 0.668628 0.393389 0.019073 0.014740
0 0.805080 0.393182 0.245098 0.014831
1 0.668628 0.411984 0.019073 0.014740
0 0.805080 0.413016 0.245098 0.014831
1 0.668628 0.430578 0.019073 0.014740
0 0.805080 0.432025 0.245098 0.014832
1 0.668628 0.449587 0.019073 0.014740
0 0.805080 0.450207 0.245098 0.014832
1 0.668628 0.466116 0.019073 0.014740
0 0.805080 0.467149 0.245098 0.014831
1 0.668628 0.485537 0.019073 0.014741
0 0.805080 0.485744 0.245098 0.014831
1 0.668628 0.505785 0.019073 0.014740
0 0.805080 0.505578 0.245098 0.014831
1 0.066043 0.571281 0.019074 0.014739
1 0.066043 0.588636 0.019074 0.014739
1 0.066043 0.607230 0.019074 0.014739
1 0.066043 0.625412 0.019074 0.014739
1 0.066043 0.644008 0.019074 0.014739
1 0.066043 0.662603 0.019074 0.014739
1 0.066043 0.681612 0.019074 0.014739
1 0.066043 0.699379 0.019074 0.014739
1 0.066043 0.717561 0.019074 0.014739
1 0.066043 0.736156 0.019074 0.014739
1 0.066043 0.754752 0.019074 0.014739
1 0.066043 0.774587 0.019074 0.014739
1 0.066043 0.791941 0.019074 0.014739
1 0.066043 0.809297 0.019074 0.014739
1 0.066043 0.827892 0.019074 0.014739
1 0.365597 0.572039 0.019074 0.014737
1 0.365597 0.589395 0.019074 0.014739
1 0.365597 0.607852 0.019074 0.014739
1 0.365597 0.625208 0.019074 0.014739
1 0.365597 0.644215 0.019074 0.014739
1 0.365597 0.663499 0.019074 0.014739
1 0.365597 0.681681 0.019074 0.014739
0 0.495811 0.696534 0.219430 0.016758
1 0.365597 0.717218 0.019074 0.014739
1 0.365597 0.736777 0.019074 0.014739
1 0.365597 0.754684 0.019074 0.014739
1 0.365597 0.774518 0.019074 0.014739
1 0.668628 0.571763 0.019073 0.014739
1 0.668628 0.589670 0.019073 0.014739
1 0.668628 0.626309 0.019073 0.014739
0 0.810250 0.625735 0.245098 0.015657
1 0.668628 0.643665 0.019073 0.014739
0 0.810250 0.643641 0.245098 0.015106
1 0.668628 0.663224 0.019073 0.014739
0 0.810250 0.662926 0.245098 0.014556
1 0.668628 0.682232 0.019073 0.014739
0 0.810250 0.681520 0.245098 0.014831
1 0.668628 0.699863 0.019073 0.014739
0 0.810250 0.700116 0.245098 0.015105
1 0.668628 0.716943 0.019073 0.014739
0 0.810250 0.717196 0.245098 0.015106
1 0.668628 0.735951 0.019073 0.014739
0 0.809448 0.736089 0.245098 0.015105
1 0.668628 0.755511 0.019073 0.014739
0 0.809448 0.755648 0.245098 0.015105
1 0.668628 0.774243 0.019073 0.014739
0 0.809448 0.773554 0.245098 0.015657