2 0.711109 0.111316 0.014706 0.011364
2 0.774235 0.111316 0.014706 0.011364
2 0.070855 0.209833 0.014706 0.011364
2 0.070855 0.228721 0.014706 0.011364
2 0.070855 0.248607 0.014706 0.011364
2 0.418663 0.230830 0.014706 0.011364
2 0.418663 0.246934 0.014706 0.011364
2 0.070855 0.292523 0.014706 0.011364
2 0.070855 0.267995 0.014706 0.011364
0 0.304514 0.696944 0.490194 0.037054
0 0.763664 0.696989 0.415034 0.036963
0 0.809417 0.652479 0.323529 0.018653
0 0.479351 0.652479 0.323529 0.018653
3 0.185234 0.652479 0.251636 0.018653
0 0.321413 0.613042 0.521194 0.030006
1 0.736761 0.617229 0.014706 0.011364
1 0.906755 0.618170 0.014706 0.011364
1 0.906760 0.602386 0.014706 0.011364
0 0.655957 0.621083 0.131542 0.022327
0 0.834986 0.621576 0.122913 0.021899
1 0.736761 0.336986 0.014706 0.011364
1 0.906755 0.337928 0.014706 0.011364
1 0.906760 0.322144 0.014706 0.011364
0 0.655957 0.340840 0.131542 0.022327
0 0.834986 0.341333 0.122913 0.021899
0 0.321413 0.332799 0.521194 0.030006
3 0.185234 0.372237 0.251636 0.018653
0 0.479351 0.372237 0.323529 0.018653
0 0.809417 0.372237 0.323529 0.018653
0 0.763664 0.416746 0.415034 0.036963
0 0.304514 0.416700 0.490194 0.037054
0 0.443047 0.267995 0.271703 0.021467
0 0.552941 0.210383 0.271703 0.021467
0 0.446396 0.292369 0.335093 0.021467
2 0.070178 0.489418 0.014706 0.011364
2 0.070178 0.508306 0.014706 0.011364
2 0.070178 0.528192 0.014706 0.011364
2 0.417987 0.510414 0.014706 0.011364
2 0.417987 0.526519 0.014706 0.011364
2 0.070178 0.572107 0.014706 0.011364
2 0.070178 0.547580 0.014706 0.011364
0 0.442371 0.547580 0.271703 0.021467
0 0.552265 0.489967 0.271703 0.021467
0 0.445720 0.571953 0.335093 0.021467
0 0.876805 0.939099 0.188747 0.017261