2 0.056895 0.153943 0.014706 0.011364
2 0.115820 0.153943 0.014706 0.011364
2 0.490521 0.153943 0.014706 0.011364
2 0.546186 0.153943 0.014706 0.011364
1 0.161951 0.228321 0.014706 0.011364
1 0.349451 0.212033 0.014706 0.011364
1 0.349449 0.229588 0.014706 0.011364
2 0.430330 0.210343 0.014706 0.011364
2 0.658283 0.210980 0.014706 0.011364
2 0.430327 0.228941 0.014706 0.011364
2 0.658273 0.229577 0.014706 0.011364
2 0.071796 0.545325 0.014706 0.011364
2 0.136956 0.545325 0.014706 0.011364
0 0.206775 0.334305 0.293928 0.018653
0 0.453412 0.334215 0.181386 0.018832
3 0.594337 0.336095 0.080882 0.022232
3 0.862520 0.334163 0.217323 0.018937
0 0.691966 0.334698 0.107842 0.017866
0 0.514875 0.261853 0.910129 0.018653
0 0.570637 0.409244 0.279412 0.018653
0 0.842082 0.409155 0.242310 0.018832
1 0.321402 0.410787 0.014706 0.011364
0 0.206775 0.458160 0.293928 0.017880
0 0.453412 0.457684 0.181386 0.018832
3 0.594337 0.459563 0.080882 0.022232
3 0.862726 0.457684 0.216910 0.018832
0 0.691966 0.458167 0.107842 0.017866
0 0.148046 0.507577 0.176471 0.022323
0 0.280001 0.507623 0.062093 0.022232
1 0.328757 0.495884 0.014706 0.011364
1 0.444886 0.480844 0.014706 0.011364
0 0.762441 0.507577 0.417480 0.022323
1 0.880225 0.480847 0.014706 0.011364
3 0.306537 0.613662 0.485551 0.016121
0 0.662535 0.613662 0.217181 0.016119
0 0.840835 0.613662 0.130150 0.016119
1 0.936657 0.613662 0.014706 0.011364
3 0.306537 0.632978 0.485551 0.015355
0 0.662535 0.632978 0.217181 0.015352
0 0.840835 0.632978 0.130150 0.015352
1 0.936657 0.632977 0.014706 0.011364
1 0.328757 0.510465 0.014706 0.011364
1 0.383904 0.510465 0.014706 0.011364
0 0.102747 0.225374 0.086206 0.022327
0 0.260324 0.225374 0.088041 0.022327
1 0.147879 0.716710 0.014706 0.011364
1 0.335381 0.700422 0.014706 0.011364
1 0.335377 0.717977 0.014706 0.011364
2 0.416258 0.698732 0.014706 0.011364
2 0.644211 0.699369 0.014706 0.011364
2 0.416253 0.717330 0.014706 0.011364
2 0.644201 0.717966 0.014706 0.011364
0 0.192703 0.822694 0.293928 0.018653
0 0.439340 0.822604 0.181386 0.018832
3 0.580265 0.824484 0.080882 0.022232
3 0.848449 0.822552 0.217324 0.018937
0 0.677895 0.823087 0.107842 0.017866
0 0.500803 0.750243 0.910129 0.018653
0 0.556565 0.897633 0.279412 0.018653
0 0.828010 0.897544 0.242310 0.018832
1 0.307330 0.899176 0.014706 0.011364
0 0.088675 0.713763 0.086206 0.022327
0 0.246252 0.713763 0.088041 0.022327
0 0.876805 0.949969 0.188747 0.017261