1 0.505227 0.375158 0.014706 0.011364
1 0.505227 0.391871 0.014706 0.011364
1 0.563949 0.391871 0.014706 0.011364
2 0.747873 0.111316 0.014706 0.011364
2 0.809634 0.111316 0.014706 0.011364
0 0.454896 0.389362 0.062093 0.020515
0 0.248351 0.388458 0.319046 0.022323
2 0.805332 0.182344 0.014706 0.011364
2 0.626547 0.182344 0.014706 0.011364
0 0.530005 0.233820 0.882353 0.018772
0 0.213828 0.349595 0.250000 0.018653
0 0.437881 0.349506 0.191176 0.018832
3 0.578828 0.351385 0.078824 0.022232
3 0.853333 0.349506 0.232029 0.018832
0 0.676617 0.349989 0.107842 0.017866
0 0.737726 0.295914 0.466910 0.025154
2 0.422766 0.412254 0.014706 0.011364
2 0.485461 0.412254 0.014706 0.011364
0 0.830081 0.412625 0.282201 0.022975
1 0.429699 0.287809 0.014706 0.011364
1 0.239157 0.302652 0.014706 0.011364
1 0.429699 0.303922 0.014706 0.011364
1 0.505426 0.647885 0.014706 0.011364
1 0.505426 0.664598 0.014706 0.011364
1 0.564149 0.664598 0.014706 0.011364
0 0.455096 0.662090 0.062093 0.020515
0 0.248551 0.661186 0.319046 0.022323
2 0.805531 0.455071 0.014706 0.011364
2 0.626747 0.455071 0.014706 0.011364
0 0.530005 0.506547 0.882353 0.018771
0 0.214028 0.622323 0.250000 0.018653
0 0.437108 0.622233 0.191176 0.018832
3 0.579028 0.624112 0.078824 0.022232
3 0.853533 0.622233 0.232029 0.018832
0 0.676816 0.622716 0.107842 0.017866
0 0.737726 0.567698 0.466910 0.027040
2 0.422766 0.686138 0.014706 0.011364
2 0.485461 0.686138 0.014706 0.011364
0 0.830083 0.686509 0.282196 0.022975
1 0.429899 0.560537 0.014706 0.011364
1 0.239356 0.575379 0.014706 0.011364
1 0.429899 0.576649 0.014706 0.011364
0 0.368242 0.573602 0.132353 0.022391
0 0.158682 0.573602 0.139708 0.022391
0 0.368242 0.300875 0.132353 0.022391
0 0.158682 0.300875 0.139708 0.022391
0 0.876805 0.949979 0.188747 0.017261