0 0.285725 0.157150 0.339304 0.080240
0 0.825580 0.111551 0.279373 0.017655
0 0.838561 0.142448 0.251332 0.016853
0 0.824841 0.174422 0.283528 0.016853
0 0.387481 0.500033 0.082299 0.016854
0 0.841234 0.531838 0.082301 0.016852
0 0.876325 0.563280 0.174314 0.014694
0 0.180685 0.578979 0.082300 0.016852
0 0.558627 0.579588 0.082299 0.016854
0 0.719996 0.626730 0.082299 0.016852
0 0.084802 0.674688 0.082300 0.016854
0 0.496831 0.848919 0.082299 0.016854
0 0.668733 0.895534 0.213404 0.016327
0 0.868123 0.895074 0.174315 0.017143
5 0.399095 0.976934 0.109069 0.035038
5 0.523693 0.976959 0.109069 0.035038
5 0.647848 0.976774 0.109069 0.035038