2 0.711109 0.111631 0.014706 0.011364
2 0.774250 0.111631 0.014706 0.011364
0 0.763324 0.569662 0.202618 0.018653
0 0.524007 0.569662 0.261436 0.018653
0 0.231190 0.569867 0.299426 0.018244
3 0.921711 0.571362 0.098114 0.022412
1 0.327392 0.608307 0.014706 0.011364
1 0.511214 0.608307 0.014706 0.011364
1 0.511216 0.592831 0.014706 0.011364
0 0.763324 0.640682 0.202618 0.018653
0 0.524007 0.640682 0.261436 0.018653
0 0.231190 0.640887 0.299426 0.018244
3 0.921711 0.642383 0.098114 0.022412
1 0.327392 0.679327 0.014706 0.011364
1 0.511214 0.679327 0.014706 0.011364
1 0.511216 0.663851 0.014706 0.011364
3 0.221181 0.867899 0.323529 0.022232
3 0.553108 0.867899 0.323529 0.022232
0 0.587198 0.242181 0.157258 0.022323
3 0.712583 0.242539 0.071038 0.021606
0 0.169551 0.242181 0.220909 0.022323
0 0.395386 0.242181 0.205910 0.022323
1 0.922979 0.240719 0.014706 0.011364
0 0.287198 0.291639 0.456203 0.022232
3 0.561670 0.291639 0.083729 0.022232
3 0.797313 0.291549 0.343436 0.022412
1 0.851261 0.530145 0.014706 0.011364
0 0.763324 0.711281 0.202618 0.018653
0 0.524007 0.711281 0.261436 0.018653
0 0.231190 0.711486 0.299426 0.018244
3 0.921711 0.712981 0.098114 0.022412
1 0.327392 0.749924 0.014706 0.011364
1 0.509672 0.750740 0.014706 0.011364
1 0.511216 0.734448 0.014706 0.011364
0 0.763324 0.782301 0.202618 0.018653
0 0.524007 0.782301 0.261436 0.018653
0 0.231190 0.782506 0.299426 0.018244
3 0.921711 0.784001 0.098114 0.022412
1 0.327392 0.820944 0.014706 0.011364
1 0.511214 0.820944 0.014706 0.011364
1 0.511216 0.805469 0.014706 0.011364
0 0.733761 0.504617 0.220593 0.022323
0 0.333721 0.503312 0.543333 0.019889
1 0.852216 0.506942 0.014706 0.011364
0 0.441080 0.606484 0.095582 0.022327
0 0.254272 0.675525 0.110296 0.022327
0 0.441080 0.675525 0.095582 0.022327
0 0.254272 0.746069 0.110296 0.022327
0 0.441080 0.746069 0.095582 0.022327
0 0.254272 0.817364 0.110296 0.022327
0 0.441080 0.817364 0.095582 0.022327
0 0.254272 0.606484 0.110296 0.022327
0 0.818930 0.866491 0.191247 0.025977
0 0.804993 0.242157 0.095590 0.022371
1 0.137797 0.602078 0.016340 0.012626
1 0.137797 0.671871 0.016340 0.012626
1 0.137797 0.741664 0.016340 0.012626
1 0.137797 0.812208 0.016340 0.012626
1 0.071405 0.398129 0.014706 0.011364
1 0.280891 0.338833 0.014706 0.011364
1 0.280891 0.395355 0.014706 0.011364
1 0.071405 0.343018 0.014706 0.011364
1 0.546672 0.415689 0.014706 0.011364
0 0.749929 0.454249 0.419616 0.037013
0 0.749929 0.374149 0.419616 0.037013
1 0.547222 0.334575 0.014706 0.011364
1 0.280891 0.450466 0.014706 0.011364
1 0.071905 0.450466 0.014706 0.011364
1 0.932752 0.870168 0.014706 0.011364
0 0.876805 0.949969 0.188747 0.017261