0 0.194853 0.249789 0.272059 0.018653
0 0.432088 0.249699 0.181176 0.018832
3 0.577206 0.251578 0.080882 0.022232
3 0.855703 0.249699 0.226109 0.018832
0 0.676024 0.250182 0.107842 0.017866
3 0.914015 0.203121 0.112747 0.019886
0 0.744900 0.203604 0.209152 0.018920
0 0.202206 0.203211 0.286765 0.019707
0 0.498015 0.203121 0.264507 0.019886
0 0.617647 0.388261 0.235294 0.021202
0 0.362744 0.338508 0.607841 0.022232
0 0.821920 0.336628 0.290899 0.018832
0 0.128677 0.388957 0.139708 0.022323
1 0.216503 0.388777 0.014706 0.011364
0 0.341914 0.388957 0.139708 0.022323
1 0.429739 0.372975 0.014706 0.011364
1 0.429740 0.390040 0.014706 0.011364
0 0.169118 0.426253 0.220588 0.022232
0 0.750841 0.424373 0.433057 0.018832
0 0.873341 0.941713 0.188747 0.017261
0 0.854169 0.380903 0.223041 0.033797
0 0.404413 0.425616 0.235294 0.022232
0 0.194853 0.536084 0.272059 0.018653
0 0.432088 0.535994 0.181176 0.018832
3 0.577206 0.537874 0.080882 0.022232
3 0.855703 0.535994 0.226109 0.018832
0 0.676024 0.536477 0.107842 0.017866
3 0.914015 0.489414 0.112747 0.019886
0 0.744900 0.489897 0.209152 0.018920
0 0.202206 0.489504 0.286765 0.019707
0 0.498015 0.489414 0.264507 0.019886
0 0.617647 0.674299 0.235294 0.021202
0 0.128677 0.674998 0.139708 0.022323
1 0.216503 0.674817 0.014706 0.011364
0 0.341914 0.674998 0.139708 0.022323
1 0.429739 0.659015 0.014706 0.011364
1 0.429740 0.676081 0.014706 0.011364
0 0.169118 0.712294 0.220588 0.022232
0 0.750841 0.710415 0.433057 0.018832
0 0.854169 0.666939 0.223041 0.033797
0 0.408091 0.711654 0.242649 0.022232
2 0.739928 0.102025 0.014706 0.011364
2 0.798752 0.102025 0.014706 0.011364
3 0.220588 0.301539 0.323529 0.022232
3 0.554461 0.301539 0.323529 0.022232
0 0.362744 0.625441 0.607841 0.022232
0 0.821920 0.623561 0.290899 0.018832
3 0.220588 0.588472 0.323529 0.022232
3 0.554461 0.588472 0.323529 0.022232