1 0.508828 0.081600 0.016340 0.012626
1 0.508828 0.134202 0.016340 0.012626
1 0.064225 0.082413 0.016340 0.012626
1 0.064225 0.123143 0.016340 0.012626
1 0.064225 0.166686 0.016340 0.012626
0 0.355759 0.306264 0.629074 0.016106
0 0.258626 0.621176 0.434807 0.030376
0 0.723258 0.621176 0.452974 0.030376
0 0.812997 0.351266 0.111487 0.013242
0 0.750199 0.308318 0.111487 0.013242
0 0.890737 0.308318 0.111487 0.013242
4 0.503365 0.340880 0.333270 0.026856
4 0.835779 0.541932 0.228484 0.026856
4 0.371367 0.541932 0.218786 0.026856
0 0.552085 0.583321 0.111487 0.013242
0 0.096966 0.583321 0.111487 0.013242
0 0.603781 0.550888 0.214020 0.016106
0 0.146827 0.550888 0.211209 0.016106
0 0.178091 0.349836 0.273739 0.016106