0 0.261954 0.132492 0.416128 0.022894
0 0.593716 0.132715 0.192577 0.022894
0 0.822133 0.132895 0.192577 0.022894
0 0.260598 0.170052 0.416128 0.022894
0 0.592585 0.169823 0.192578 0.023934
0 0.821164 0.170094 0.192577 0.022894
0 0.370838 0.223249 0.641026 0.052032
0 0.846420 0.203394 0.243752 0.022894
0 0.851265 0.238638 0.254781 0.022894
0 0.249135 0.297866 0.437675 0.022894
0 0.560496 0.298596 0.171394 0.022894
0 0.730011 0.298535 0.161603 0.022894
0 0.891631 0.297908 0.154871 0.022894
0 0.249228 0.328797 0.437675 0.022894
0 0.560547 0.328769 0.170168 0.022894
0 0.729449 0.329212 0.161605 0.022894
0 0.892296 0.328838 0.152418 0.022894
0 0.249228 0.359100 0.437675 0.022894
0 0.560547 0.359072 0.170168 0.022894
0 0.729449 0.358758 0.161605 0.022894
0 0.892296 0.359142 0.152418 0.022894
0 0.249228 0.389655 0.437675 0.022894
0 0.560547 0.389628 0.170168 0.022894
0 0.730062 0.390071 0.160379 0.022894
0 0.892337 0.390202 0.153644 0.022894
0 0.154021 0.463912 0.216818 0.022894
0 0.315212 0.464133 0.106141 0.022893
0 0.428619 0.464447 0.107121 0.022894
0 0.263777 0.524788 0.437676 0.078048
0 0.633373 0.463965 0.216819 0.022893
0 0.799304 0.464187 0.109082 0.022894
0 0.917122 0.464249 0.105162 0.022894
0 0.745417 0.525599 0.437677 0.078047
0 0.327744 0.618965 0.105041 0.022894
0 0.439600 0.618367 0.094270 0.022894
0 0.327704 0.672460 0.105042 0.022894
0 0.440193 0.672231 0.094268 0.022894
0 0.157388 0.767774 0.211431 0.022894
0 0.327962 0.755942 0.105042 0.022894
0 0.434214 0.756327 0.105042 0.022894
0 0.328705 0.810787 0.105041 0.022894
0 0.435668 0.811480 0.105043 0.022894
0 0.327340 0.849984 0.105042 0.022894
0 0.435722 0.849859 0.105042 0.022894
0 0.326569 0.887293 0.105042 0.022894
0 0.437356 0.886475 0.105042 0.022894
0 0.328687 0.918013 0.105041 0.022894
0 0.435758 0.917690 0.105042 0.022894
0 0.915360 0.615482 0.105041 0.022894
0 0.915863 0.642136 0.105043 0.022893
0 0.914588 0.663198 0.105042 0.022894
0 0.915575 0.686078 0.105042 0.022894
0 0.914786 0.709929 0.105043 0.022894
0 0.913995 0.736375 0.105042 0.022894
0 0.913206 0.762072 0.105043 0.022894
0 0.913762 0.785590 0.105041 0.022894
0 0.914319 0.807388 0.105043 0.022894
0 0.913529 0.844004 0.105041 0.022894
0 0.913798 0.881299 0.105041 0.022894
0 0.914516 0.914169 0.105043 0.022894