0 0.873341 0.941713 0.188747 0.017261
2 0.732573 0.152530 0.014706 0.011364
2 0.803938 0.152530 0.014706 0.011364
2 0.092866 0.548779 0.014706 0.011364
2 0.157683 0.548779 0.014706 0.011364
0 0.681520 0.678583 0.578136 0.022004
0 0.184928 0.307052 0.247791 0.022388
1 0.319444 0.307330 0.014706 0.011364
0 0.668773 0.307052 0.602252 0.022388
0 0.195160 0.495838 0.228559 0.018832
3 0.574819 0.497717 0.074343 0.022232
3 0.852448 0.495838 0.232029 0.018832
0 0.675731 0.496321 0.107842 0.017866
2 0.091505 0.350131 0.014706 0.011364
2 0.157683 0.350131 0.014706 0.011364
0 0.525734 0.584499 0.889708 0.018653
0 0.195160 0.634637 0.228559 0.017999
3 0.574824 0.636354 0.074343 0.021725
3 0.852485 0.634161 0.233863 0.018951
0 0.674869 0.634644 0.107804 0.017985
2 0.092866 0.677974 0.014706 0.011364
2 0.091510 0.700701 0.014706 0.011364
0 0.228248 0.754103 0.228559 0.018951
3 0.592322 0.755982 0.074343 0.022351
3 0.859981 0.754103 0.221214 0.018951
0 0.688720 0.754586 0.100505 0.017985
0 0.652516 0.700701 0.636144 0.021467
3 0.146777 0.842831 0.130580 0.016107
0 0.358750 0.842831 0.284105 0.016107
0 0.653534 0.842831 0.296203 0.016107
0 0.863407 0.842831 0.114281 0.016107
1 0.933484 0.842831 0.014706 0.011364
3 0.146777 0.862517 0.130580 0.016107
0 0.358750 0.862517 0.284105 0.016107
0 0.653534 0.862517 0.296203 0.016107
0 0.863407 0.862517 0.114281 0.016107
1 0.933484 0.862516 0.014706 0.011364
3 0.146777 0.882203 0.130580 0.016107
0 0.358750 0.882203 0.284105 0.016107
0 0.653534 0.882203 0.296203 0.016107
0 0.863407 0.882203 0.114281 0.016107
1 0.933484 0.882202 0.014706 0.011364
3 0.146777 0.901888 0.130580 0.016107
0 0.358750 0.901888 0.284105 0.016107
0 0.653534 0.901888 0.296203 0.016107
0 0.863407 0.901888 0.114281 0.016107
1 0.933484 0.901888 0.014706 0.011364
0 0.451471 0.754103 0.197059 0.018951
0 0.425734 0.634637 0.211765 0.017999
0 0.425734 0.495838 0.211765 0.018832
1 0.089807 0.387232 0.014706 0.011364
1 0.089807 0.429846 0.014706 0.011364
1 0.089807 0.448787 0.014706 0.011364