1 0.049021 0.067929 0.016116 0.013083
1 0.050001 0.098232 0.016116 0.013083
1 0.049675 0.128535 0.016116 0.013083
1 0.050001 0.158838 0.016116 0.013083
0 0.174020 0.231059 0.189216 0.039394
0 0.618625 0.231439 0.668626 0.038635
0 0.174020 0.271969 0.189216 0.039394
0 0.618625 0.272347 0.668626 0.038636
0 0.174020 0.312878 0.189216 0.039394
0 0.618625 0.313256 0.668626 0.038636
1 0.049021 0.401515 0.016116 0.013083
1 0.049021 0.415909 0.016116 0.013083
1 0.048694 0.431566 0.016116 0.013083
0 0.521078 0.513258 0.879409 0.125758
0 0.670261 0.671086 0.258822 0.019697
0 0.895423 0.671465 0.131372 0.019697
0 0.288399 0.716919 0.438234 0.019696
0 0.711110 0.716919 0.339214 0.019697
0 0.284559 0.761364 0.440195 0.021591
5 0.193219 0.841149 0.085785 0.037879
5 0.296566 0.859928 0.085786 0.037878
5 0.396648 0.879657 0.085786 0.037879