2 0.747873 0.115865 0.014706 0.011364
2 0.810355 0.115865 0.014706 0.011364
0 0.250593 0.257682 0.382353 0.052086
0 0.710957 0.196948 0.514706 0.030039
1 0.386216 0.193157 0.014706 0.011364
1 0.206067 0.207999 0.014706 0.011364
1 0.386214 0.209269 0.014706 0.011364
0 0.711021 0.265735 0.517912 0.035980
0 0.250593 0.394046 0.382353 0.052086
0 0.709418 0.333311 0.514706 0.030039
1 0.386216 0.329520 0.014706 0.011364
1 0.206067 0.344362 0.014706 0.011364
1 0.386217 0.346442 0.014706 0.011364
0 0.710395 0.402486 0.516660 0.035206
0 0.651329 0.512734 0.522057 0.022412
2 0.747873 0.436889 0.014706 0.011364
2 0.810355 0.436889 0.014706 0.011364
2 0.071402 0.513203 0.014706 0.011364
2 0.171587 0.513203 0.014706 0.011364
2 0.275446 0.513203 0.014706 0.011364
1 0.724451 0.602530 0.014706 0.011364
1 0.724449 0.586907 0.014706 0.011364
0 0.577824 0.563383 0.257351 0.022114
0 0.515299 0.651932 0.911765 0.021148
0 0.250593 0.556851 0.382353 0.035177
0 0.842506 0.563383 0.257351 0.022114
0 0.217506 0.601469 0.316178 0.022327
1 0.397245 0.601585 0.014706 0.011364
0 0.649490 0.708758 0.518379 0.022412
2 0.071402 0.709226 0.014706 0.011364
2 0.171587 0.709226 0.014706 0.011364
2 0.275446 0.709226 0.014706 0.011364
1 0.724451 0.798553 0.014706 0.011364
1 0.724449 0.782931 0.014706 0.011364
0 0.577824 0.759407 0.257351 0.022114
0 0.515299 0.848267 0.911765 0.020527
0 0.250593 0.752875 0.382353 0.035177
0 0.842506 0.759407 0.257351 0.022114
0 0.217506 0.797493 0.316178 0.022327
1 0.397245 0.797609 0.014706 0.011364
1 0.926657 0.510049 0.014706 0.011364
1 0.926657 0.708915 0.014706 0.011364
0 0.581475 0.799393 0.250000 0.022327
0 0.581475 0.601469 0.250000 0.022327
0 0.311256 0.344880 0.121325 0.022391
0 0.127432 0.344880 0.136031 0.022391
0 0.311256 0.208517 0.121325 0.022391
0 0.127432 0.208517 0.136031 0.022391
0 0.876805 0.949979 0.188747 0.017261