0 0.424020 0.111111 0.766340 0.017677
0 0.896242 0.111111 0.129085 0.017677
0 0.306373 0.142046 0.531046 0.018939
0 0.695261 0.141414 0.240196 0.020202
0 0.897876 0.138258 0.129085 0.018939
0 0.215627 0.178208 0.352655 0.035162
0 0.450163 0.185606 0.109477 0.020202
0 0.677389 0.179008 0.339212 0.035162
0 0.905229 0.184975 0.114379 0.021465
0 0.266340 0.232323 0.454248 0.017677
0 0.608660 0.230429 0.158497 0.016414
0 0.762255 0.231692 0.102941 0.018939
0 0.893791 0.229798 0.104575 0.020202
0 0.064542 0.276515 0.050654 0.017677
0 0.298203 0.276515 0.400327 0.020202
0 0.064542 0.308081 0.050654 0.017677
0 0.298203 0.308081 0.400327 0.020202
0 0.065359 0.336490 0.052288 0.016414
0 0.296569 0.337121 0.400327 0.017677
0 0.535948 0.277778 0.052288 0.017677
0 0.767157 0.277778 0.397059 0.020202
0 0.535948 0.306818 0.052288 0.017677
0 0.767157 0.306818 0.397059 0.020202
0 0.535948 0.335859 0.052288 0.017677
0 0.766340 0.337121 0.398693 0.017677
0 0.265523 0.378157 0.452614 0.031566
0 0.264706 0.401515 0.454248 0.015152
0 0.063725 0.428662 0.052288 0.016414
0 0.124183 0.428662 0.052288 0.016414
0 0.193627 0.429924 0.073529 0.016414
0 0.279412 0.429924 0.052288 0.016414
0 0.373366 0.429293 0.119281 0.017677
0 0.093954 0.457071 0.109477 0.017677
0 0.211601 0.458333 0.109477 0.017677
0 0.329248 0.458333 0.109477 0.017677
0 0.446078 0.458333 0.111111 0.017677
0 0.471405 0.428662 0.057190 0.016414
0 0.740196 0.375631 0.450980 0.031566
0 0.738562 0.398990 0.454248 0.015152
0 0.535948 0.428662 0.052288 0.016414
0 0.596405 0.431818 0.052288 0.012626
0 0.665033 0.429293 0.071895 0.017677
0 0.745098 0.429293 0.052288 0.017677
0 0.846405 0.429293 0.117647 0.017677
0 0.565359 0.458333 0.107843 0.017677
0 0.684640 0.459596 0.107843 0.017677
0 0.799020 0.459596 0.107843 0.017677
0 0.916667 0.459596 0.111111 0.017677
0 0.945261 0.433712 0.060458 0.013889
0 0.268791 0.488779 0.455882 0.017962
0 0.268791 0.528955 0.455882 0.063303
0 0.741830 0.488434 0.454248 0.017273
0 0.741830 0.528668 0.454248 0.063876
0 0.057190 0.598485 0.039216 0.012626
0 0.529412 0.598485 0.039216 0.012626
0 0.727941 0.598485 0.040850 0.012626
0 0.787582 0.597222 0.062092 0.015152
1 0.835784 0.598485 0.017974 0.012626
1 0.905229 0.598485 0.019608 0.012626
0 0.060458 0.628788 0.039216 0.012626
0 0.293301 0.626263 0.410131 0.017677
0 0.527778 0.628788 0.039216 0.012626
0 0.687091 0.626263 0.259804 0.017677
0 0.846405 0.628788 0.039216 0.012626
0 0.919118 0.626894 0.089869 0.016414
0 0.058824 0.658460 0.042484 0.013889
0 0.218137 0.657197 0.256536 0.016414
0 0.428922 0.656566 0.138889 0.017677
0 0.529412 0.659091 0.042484 0.012626
0 0.686274 0.655934 0.258170 0.018939
0 0.847222 0.659091 0.040850 0.012626
0 0.058007 0.703914 0.040850 0.013889
0 0.375000 0.703914 0.040850 0.013889
0 0.663399 0.702652 0.303922 0.018939
0 0.894608 0.700758 0.132353 0.020202
0 0.193627 0.729798 0.308824 0.017677
0 0.658497 0.730429 0.604575 0.018939
0 0.104575 0.761995 0.133987 0.018939
0 0.246732 0.761364 0.133987 0.020202
0 0.383170 0.761995 0.125817 0.018939
0 0.509804 0.761995 0.120915 0.018939
0 0.771242 0.761364 0.385621 0.020202
0 0.107843 0.791667 0.130719 0.017677
0 0.244281 0.792929 0.125817 0.017677
0 0.381536 0.794192 0.122549 0.017677
0 0.511438 0.794192 0.124183 0.017677
0 0.587418 0.795455 0.017974 0.012626
0 0.717320 0.794823 0.019608 0.011364
0 0.777778 0.794823 0.084967 0.013889
0 0.834967 0.796086 0.019608 0.013889
0 0.906863 0.794192 0.111111 0.015152
0 0.115196 0.847222 0.119281 0.030303
0 0.455882 0.848485 0.084967 0.027778
0 0.116830 0.877525 0.112745 0.030303
0 0.455882 0.878788 0.084967 0.027778
0 0.115196 0.908460 0.112745 0.029040
0 0.455882 0.909091 0.084967 0.027778
0 0.583333 0.847854 0.114379 0.029040
0 0.916667 0.848485 0.084967 0.027778
0 0.584967 0.878157 0.114379 0.029040
0 0.919935 0.878788 0.084967 0.027778
0 0.584967 0.908460 0.114379 0.029040
0 0.919935 0.909091 0.084967 0.027778
0 0.918301 0.942551 0.081699 0.018939