0 0.304039 0.024348 0.373336 0.019774
0 0.671195 0.024349 0.185400 0.020813
0 0.204803 0.100909 0.329205 0.019775
0 0.432947 0.100910 0.088152 0.018258
0 0.671283 0.100278 0.318189 0.019775
0 0.896512 0.099713 0.088152 0.018258
0 0.145444 0.156386 0.205085 0.027075
0 0.372801 0.156415 0.186627 0.027976
1 0.509342 0.136757 0.021227 0.015852
1 0.038042 0.196620 0.019801 0.016644
1 0.508986 0.197171 0.020515 0.017746
4 0.364853 0.303960 0.649555 0.023206
0 0.805415 0.303409 0.185402 0.020813
0 0.497342 0.384845 0.935051 0.102274
0 0.191784 0.464073 0.291227 0.019773
0 0.485289 0.464073 0.256915 0.019773
0 0.652978 0.467230 0.054708 0.019773
0 0.829245 0.467230 0.291229 0.019773
0 0.329652 0.522063 0.567646 0.057265
0 0.797041 0.502269 0.344474 0.018939
4 0.797013 0.538851 0.347771 0.022497
0 0.191784 0.576764 0.289459 0.018939
0 0.487740 0.576764 0.257598 0.018939
0 0.652569 0.581499 0.052940 0.018939
0 0.820258 0.579447 0.272304 0.016098
5 0.378560 0.780960 0.094363 0.032197
5 0.498043 0.781904 0.094361 0.032197
5 0.618958 0.782220 0.094364 0.032197