0 0.272106 0.254091 0.446983 0.019826
0 0.617809 0.254091 0.187706 0.019826
0 0.850328 0.253144 0.187706 0.019826
1 0.037990 0.290879 0.014706 0.012311
1 0.038399 0.305241 0.014706 0.011364
1 0.037582 0.318499 0.014706 0.013258
1 0.508580 0.290721 0.014706 0.011364
1 0.509806 0.304768 0.014706 0.012311
1 0.509193 0.318183 0.013480 0.013258
1 0.037990 0.365690 0.014706 0.012311
1 0.037582 0.378789 0.014706 0.011364
1 0.038603 0.393467 0.013480 0.012311
1 0.508580 0.365532 0.017157 0.011364
1 0.509193 0.378789 0.015931 0.011364
0 0.094649 0.476326 0.126225 0.022096
0 0.249449 0.475221 0.171324 0.021149
0 0.375654 0.476168 0.040523 0.019255
0 0.501891 0.476326 0.172550 0.020202
0 0.690893 0.475221 0.171569 0.021149
0 0.881703 0.475695 0.171242 0.020202
0 0.094445 0.502323 0.125000 0.020202
0 0.250062 0.501421 0.172550 0.020202
0 0.375654 0.500474 0.040523 0.019255
0 0.501891 0.500000 0.172550 0.020202
0 0.691506 0.501539 0.171025 0.020202
0 0.881703 0.501066 0.171242 0.020202
0 0.094853 0.527057 0.126798 0.020202
0 0.250062 0.526200 0.172550 0.020202
0 0.375654 0.526738 0.040523 0.019255
0 0.501891 0.525002 0.172550 0.020202
0 0.691506 0.526437 0.172550 0.020202
0 0.881703 0.526437 0.171243 0.020202
0 0.094853 0.551791 0.126798 0.020202
0 0.250062 0.550980 0.172550 0.020202
0 0.375654 0.551044 0.040523 0.019255
0 0.501891 0.551517 0.172550 0.020202
0 0.691506 0.551335 0.172550 0.020202
0 0.881703 0.551808 0.171243 0.020202
0 0.250062 0.575759 0.172550 0.020202
0 0.375654 0.576296 0.040523 0.019255
0 0.501891 0.575823 0.172550 0.020202
0 0.691506 0.576232 0.172550 0.020202
0 0.881703 0.576706 0.171243 0.021149
0 0.094853 0.601260 0.126798 0.020202
0 0.250062 0.600538 0.172550 0.020202
0 0.375654 0.601549 0.040523 0.019255
0 0.501891 0.601076 0.172550 0.020202
0 0.691506 0.601130 0.172550 0.020202
0 0.881703 0.601288 0.171243 0.020202
0 0.094853 0.625994 0.126798 0.020202
0 0.250062 0.625318 0.172550 0.020202
0 0.375654 0.626739 0.040523 0.019255
0 0.501891 0.626265 0.172550 0.020202
0 0.691506 0.626028 0.172550 0.020202
0 0.881703 0.626659 0.171243 0.020202
0 0.094853 0.650729 0.126798 0.021149
0 0.250062 0.650097 0.172550 0.020202
0 0.375654 0.650097 0.040523 0.019255
0 0.501891 0.653412 0.172550 0.020202
0 0.691506 0.650926 0.172550 0.020202
0 0.881703 0.652031 0.171243 0.020202
0 0.095249 0.675826 0.127588 0.020202
0 0.250062 0.675823 0.172550 0.022096
0 0.375654 0.677244 0.040523 0.019255
0 0.501891 0.677717 0.172550 0.020202
0 0.691506 0.675823 0.172550 0.020202
0 0.881703 0.676139 0.171243 0.020202
0 0.264163 0.742272 0.466234 0.021149
0 0.449350 0.778626 0.096951 0.020202
0 0.265279 0.815155 0.465361 0.020202
0 0.735300 0.742430 0.466234 0.020202
0 0.736934 0.778731 0.469503 0.020202
0 0.737478 0.814611 0.470592 0.020202
5 0.299913 0.862672 0.161332 0.032765
5 0.503647 0.862672 0.161332 0.034363
5 0.703761 0.862273 0.160298 0.033564
0 0.094853 0.576526 0.126798 0.020202