0 0.873341 0.941713 0.188747 0.017261
2 0.056302 0.142147 0.014706 0.011364
2 0.115227 0.142147 0.014706 0.011364
2 0.489928 0.142147 0.014706 0.011364
2 0.545593 0.142147 0.014706 0.011364
0 0.102320 0.211192 0.086206 0.018654
1 0.161358 0.216525 0.014706 0.011364
1 0.348858 0.200236 0.014706 0.011364
1 0.348856 0.217792 0.014706 0.011364
2 0.429745 0.198547 0.014706 0.011364
2 0.657698 0.199183 0.014706 0.011364
2 0.429742 0.217144 0.014706 0.011364
2 0.657688 0.217780 0.014706 0.011364
2 0.071203 0.516510 0.014706 0.011364
2 0.136363 0.516510 0.014706 0.011364
0 0.206181 0.322508 0.293928 0.018653
0 0.452819 0.322419 0.181386 0.018832
3 0.593743 0.324298 0.080882 0.022232
3 0.861926 0.322419 0.217324 0.018832
0 0.691373 0.322902 0.107841 0.017866
0 0.514282 0.250057 0.910129 0.018653
0 0.315261 0.380430 0.262871 0.018653
0 0.562712 0.380340 0.212418 0.018832
1 0.071203 0.370609 0.014706 0.011364
0 0.206181 0.429344 0.293928 0.017880
0 0.452819 0.428868 0.181386 0.018832
3 0.593743 0.430748 0.080882 0.022232
3 0.862133 0.428868 0.216910 0.018832
0 0.691373 0.429351 0.107841 0.017866
0 0.147453 0.478763 0.176471 0.022323
0 0.279408 0.478808 0.062093 0.022232
1 0.328163 0.467069 0.014706 0.011364
1 0.444292 0.452029 0.014706 0.011364
0 0.761848 0.478763 0.417480 0.022323
1 0.879632 0.452033 0.014706 0.011364
3 0.305944 0.584846 0.485551 0.016121
0 0.661942 0.584846 0.217185 0.016121
0 0.840242 0.584846 0.130154 0.016121
1 0.936064 0.584846 0.014706 0.011364
3 0.305944 0.604162 0.485551 0.015355
0 0.661942 0.604162 0.217185 0.015355
0 0.840242 0.604162 0.130154 0.015355
1 0.936064 0.604162 0.014706 0.011364
0 0.253710 0.211192 0.088041 0.018654
0 0.102320 0.669721 0.086206 0.018654
1 0.161358 0.675054 0.014706 0.011364
1 0.348858 0.658765 0.014706 0.011364
1 0.348856 0.676321 0.014706 0.011364
2 0.429737 0.657076 0.014706 0.011364
2 0.657690 0.657712 0.014706 0.011364
2 0.429734 0.675673 0.014706 0.011364
2 0.657680 0.676309 0.014706 0.011364
0 0.206181 0.780107 0.293928 0.018653
0 0.453207 0.780017 0.181386 0.018832
3 0.594132 0.781896 0.080882 0.022232
3 0.861926 0.780017 0.217324 0.018832
0 0.691762 0.780500 0.107841 0.017866
0 0.514282 0.708587 0.910129 0.018653
0 0.315651 0.838027 0.262871 0.018653
0 0.563101 0.837938 0.212418 0.018832
1 0.071203 0.828206 0.014706 0.011364
0 0.253576 0.669721 0.088041 0.018654
1 0.328163 0.481649 0.014706 0.011364
1 0.383310 0.481649 0.014706 0.011364