0 0.381901 0.213248 0.608279 0.024884
0 0.839417 0.212280 0.197114 0.024104
0 0.381901 0.252389 0.608279 0.024884
0 0.852298 0.256176 0.173015 0.018433
0 0.827979 0.345823 0.224529 0.018433
1 0.095748 0.393374 0.020176 0.016177
1 0.095953 0.415564 0.020176 0.014787
1 0.096158 0.437999 0.020176 0.014788
0 0.722689 0.402894 0.437296 0.019571
0 0.721770 0.435880 0.439951 0.019571
0 0.721770 0.468187 0.443219 0.019571
1 0.095953 0.459530 0.020176 0.016177
1 0.095953 0.511298 0.020584 0.015578
0 0.795299 0.530238 0.250111 0.032143
1 0.095953 0.563066 0.019972 0.014631
1 0.095953 0.601555 0.020462 0.014819
1 0.514975 0.601555 0.018529 0.014630
0 0.136918 0.660516 0.137255 0.024621
0 0.279931 0.660990 0.125712 0.024621
0 0.495948 0.658373 0.297742 0.031117
0 0.752510 0.662332 0.137255 0.023201
1 0.095278 0.709862 0.020584 0.015577
1 0.330980 0.710201 0.020585 0.015577
0 0.729103 0.709461 0.418650 0.017677
0 0.797384 0.815471 0.137255 0.017045
0 0.107331 0.868176 0.050449 0.016414
0 0.267972 0.868176 0.217321 0.016414
0 0.725596 0.863787 0.441611 0.024104
5 0.426673 0.944359 0.097222 0.047348
5 0.531657 0.943412 0.097222 0.047348
5 0.640317 0.944044 0.097222 0.047348