0 0.407407 0.335536 0.274618 0.018832
3 0.589053 0.337415 0.070538 0.022232
3 0.805743 0.335536 0.330884 0.018832
0 0.743860 0.289181 0.207109 0.018744
0 0.187176 0.289181 0.288606 0.018744
3 0.913792 0.290971 0.114789 0.022323
0 0.485280 0.289181 0.280639 0.018744
3 0.234049 0.244612 0.382353 0.022232
3 0.209234 0.386660 0.332724 0.022232
3 0.560941 0.386660 0.335294 0.022232
1 0.216443 0.338117 0.014706 0.011364
1 0.054518 0.155875 0.014706 0.011364
1 0.224454 0.155875 0.014706 0.011364
1 0.224454 0.173760 0.014706 0.011364
1 0.224454 0.137991 0.014706 0.011364
1 0.054518 0.173760 0.014706 0.011364
1 0.054518 0.137991 0.014706 0.011364
1 0.054518 0.191649 0.014706 0.011364
1 0.224454 0.191649 0.014706 0.011364
1 0.505500 0.139250 0.014706 0.011364
1 0.505500 0.155875 0.014706 0.011364
1 0.505500 0.173760 0.014706 0.011364
1 0.505500 0.191649 0.014706 0.011364
1 0.675435 0.155875 0.014706 0.011364
1 0.675435 0.139250 0.014706 0.011364
1 0.675435 0.173760 0.014706 0.011364
1 0.675435 0.191649 0.014706 0.011364
0 0.120632 0.337854 0.155224 0.022327
2 0.126747 0.511255 0.014706 0.011364
2 0.069239 0.511255 0.014706 0.011364
1 0.849734 0.532962 0.014706 0.011364
3 0.912645 0.473721 0.112747 0.022412
0 0.743530 0.472414 0.209152 0.017866
0 0.195324 0.472021 0.276142 0.018653
0 0.480867 0.471931 0.272060 0.018832
1 0.386913 0.441130 0.014706 0.011364
1 0.527163 0.441130 0.014706 0.011364
0 0.763204 0.571954 0.202618 0.018653
0 0.523886 0.571954 0.261436 0.018653
0 0.231071 0.571963 0.299426 0.018635
3 0.921592 0.573654 0.098114 0.022412
1 0.327273 0.610597 0.014706 0.011364
1 0.511093 0.610597 0.014706 0.011364
1 0.511096 0.595121 0.014706 0.011364
2 0.093343 0.608075 0.014706 0.011364
2 0.149685 0.608075 0.014706 0.011364
0 0.763204 0.642974 0.202618 0.018653
0 0.523886 0.642974 0.261436 0.018653
0 0.231071 0.643359 0.299426 0.017884
3 0.921592 0.644674 0.098114 0.022412
1 0.327273 0.681617 0.014706 0.011364
1 0.511093 0.681617 0.014706 0.011364
1 0.511096 0.666141 0.014706 0.011364
2 0.093343 0.679093 0.014706 0.011364
2 0.149685 0.679093 0.014706 0.011364
0 0.763204 0.713997 0.202618 0.018653
0 0.523886 0.713997 0.261436 0.018653
0 0.231071 0.714201 0.299426 0.018244
3 0.921592 0.715697 0.098114 0.022412
1 0.327273 0.752641 0.014706 0.011364
1 0.511093 0.752641 0.014706 0.011364
1 0.511096 0.737165 0.014706 0.011364
2 0.093343 0.750117 0.014706 0.011364
2 0.149685 0.750117 0.014706 0.011364
0 0.763204 0.785017 0.202618 0.018653
0 0.523886 0.785017 0.261436 0.018653
0 0.231071 0.785222 0.299426 0.018244
3 0.921592 0.786717 0.098114 0.022412
1 0.327273 0.823660 0.014706 0.011364
1 0.511096 0.808184 0.014706 0.011364
1 0.511093 0.823660 0.014706 0.011364
2 0.093343 0.821138 0.014706 0.011364
2 0.149685 0.821138 0.014706 0.011364
0 0.790505 0.606045 0.361111 0.018653
0 0.790505 0.676878 0.361111 0.018653
0 0.790505 0.747902 0.361111 0.018653
0 0.790505 0.820376 0.361111 0.018653
0 0.441343 0.608402 0.095582 0.022327
0 0.254537 0.678946 0.110296 0.022327
0 0.441343 0.749491 0.095582 0.022327
0 0.254537 0.822290 0.110296 0.022327
0 0.441343 0.822290 0.095582 0.022327
0 0.254537 0.749491 0.110296 0.022327
0 0.441343 0.678946 0.095582 0.022327
0 0.254537 0.608402 0.110296 0.022327
0 0.876810 0.946701 0.188747 0.017261