2 0.071397 0.198706 0.014706 0.011364
2 0.071397 0.224285 0.014706 0.011364
2 0.071402 0.252912 0.014706 0.011364
2 0.071402 0.281540 0.014706 0.011364
2 0.380225 0.198702 0.014706 0.011364
2 0.380225 0.224282 0.014706 0.011364
2 0.380225 0.252912 0.014706 0.011364
2 0.380225 0.281540 0.014706 0.011364
2 0.689044 0.198706 0.014706 0.011364
2 0.689044 0.281548 0.014706 0.011364
0 0.513780 0.305857 0.908364 0.021972
0 0.279806 0.649759 0.441176 0.017566
0 0.738956 0.649126 0.464052 0.018832
0 0.544708 0.686014 0.235289 0.022323
0 0.700347 0.686059 0.062093 0.022232
0 0.202600 0.734463 0.286765 0.018653
0 0.443923 0.734373 0.181176 0.018832
3 0.578482 0.736253 0.080882 0.022232
3 0.854969 0.734373 0.232029 0.018832
0 0.679540 0.734856 0.107841 0.017866
1 0.806696 0.688013 0.014706 0.011364
1 0.747873 0.688013 0.014706 0.011364
1 0.747873 0.671434 0.014706 0.011364
0 0.202975 0.452537 0.286765 0.018653
0 0.444299 0.452448 0.181176 0.018832
3 0.578858 0.454327 0.080882 0.022232
3 0.855167 0.452448 0.232029 0.018832
0 0.677043 0.452931 0.107841 0.017866
0 0.181092 0.490956 0.242649 0.022323
0 0.344081 0.491001 0.062093 0.022232
1 0.395283 0.477187 0.014706 0.011364
1 0.395283 0.493918 0.014706 0.011364
1 0.450430 0.493918 0.014706 0.011364
1 0.512124 0.494133 0.014706 0.011364
0 0.239565 0.686453 0.360296 0.021446
1 0.336108 0.671434 0.014706 0.011364
1 0.356804 0.405139 0.014706 0.011364
1 0.439049 0.405139 0.014706 0.011364
1 0.439049 0.385250 0.014706 0.011364
1 0.176657 0.405139 0.014706 0.011364
1 0.356807 0.385250 0.014706 0.011364
0 0.805739 0.405287 0.330884 0.022323
0 0.805739 0.368408 0.330884 0.022323
0 0.218426 0.565608 0.270217 0.018653
0 0.453217 0.565518 0.181386 0.018832
3 0.592673 0.567398 0.069118 0.022232
3 0.864563 0.564727 0.213237 0.017250
0 0.345261 0.612479 0.314340 0.018653
0 0.602423 0.612390 0.185670 0.018832
3 0.789806 0.614269 0.166670 0.022232
0 0.926242 0.612479 0.089879 0.018653
0 0.691767 0.566001 0.107841 0.017866
2 0.093023 0.602246 0.014706 0.011364
2 0.093023 0.616340 0.014706 0.011364
1 0.877377 0.688013 0.014706 0.011364
0 0.295436 0.401675 0.099088 0.028968
0 0.113440 0.401675 0.099088 0.028968
0 0.218426 0.809438 0.270217 0.018653
0 0.453217 0.809348 0.181386 0.018832
3 0.592673 0.811227 0.069118 0.022232
3 0.864563 0.808557 0.213237 0.017250
0 0.345261 0.856309 0.314340 0.018653
0 0.602423 0.856219 0.185670 0.018832
3 0.789806 0.858099 0.166670 0.022232
0 0.926242 0.856309 0.089879 0.018653
0 0.691767 0.809831 0.107841 0.017866
2 0.093023 0.846076 0.014706 0.011364
2 0.093023 0.860169 0.014706 0.011364
0 0.876805 0.949969 0.188747 0.017261