2 0.071082 0.544402 0.014706 0.011364
2 0.159637 0.544402 0.014706 0.011364
2 0.365520 0.544402 0.014706 0.011364
1 0.928861 0.457544 0.014706 0.011364
3 0.243462 0.332247 0.368175 0.022232
3 0.646955 0.332247 0.368175 0.022232
0 0.609908 0.235616 0.180204 0.022323
3 0.738730 0.235616 0.071038 0.022323
0 0.172559 0.235616 0.226925 0.022323
0 0.405809 0.235616 0.222252 0.022323
1 0.935015 0.232884 0.014706 0.011364
0 0.246757 0.282859 0.375322 0.022232
3 0.485648 0.282859 0.073047 0.022232
3 0.815566 0.282769 0.311227 0.022412
0 0.592164 0.283252 0.107842 0.021446
0 0.246757 0.419448 0.375322 0.022232
3 0.484560 0.419448 0.073047 0.022232
3 0.754267 0.419359 0.433825 0.022412
2 0.355167 0.455073 0.014706 0.011364
2 0.237520 0.455073 0.014706 0.011364
2 0.070534 0.455073 0.014706 0.011364
0 0.246757 0.505547 0.375322 0.022232
3 0.485889 0.505547 0.073529 0.022232
3 0.815566 0.505457 0.311227 0.022412
0 0.592164 0.505940 0.107842 0.021446
0 0.206477 0.606030 0.250000 0.018653
0 0.435556 0.605940 0.178106 0.018832
3 0.574764 0.607819 0.073047 0.022232
3 0.853332 0.605940 0.232029 0.018832
0 0.676617 0.606423 0.107842 0.017866
1 0.872874 0.567390 0.014706 0.011364
1 0.207523 0.372094 0.014706 0.011364
0 0.852263 0.233936 0.145072 0.021046
0 0.122350 0.371739 0.124776 0.019005
0 0.682728 0.457003 0.470606 0.020486
2 0.699337 0.118947 0.014706 0.011364
2 0.762462 0.118947 0.014706 0.011364
0 0.876805 0.949969 0.188747 0.017261