1 0.736393 0.179333 0.052139 0.014504
1 0.793803 0.179175 0.052139 0.014504
1 0.888756 0.179853 0.115596 0.014249
1 0.735872 0.216614 0.052139 0.014504
1 0.793282 0.216859 0.052139 0.013698
1 0.888234 0.217135 0.115596 0.014249
1 0.735872 0.247180 0.052139 0.014504
1 0.793282 0.247425 0.052139 0.013698
1 0.888234 0.247700 0.115596 0.014249
1 0.735872 0.268022 0.052139 0.014504
1 0.794201 0.268267 0.050301 0.013698
1 0.889277 0.268542 0.115596 0.014249
1 0.737506 0.291372 0.052139 0.014504
1 0.794916 0.291617 0.052139 0.013698
1 0.889868 0.291892 0.115596 0.014249
1 0.735872 0.318527 0.052139 0.014504
1 0.793282 0.318369 0.052139 0.014504
1 0.889277 0.320257 0.115596 0.015054
1 0.735350 0.348427 0.052139 0.014504
1 0.792761 0.348672 0.052139 0.013698
1 0.889798 0.349753 0.115596 0.014249
1 0.734829 0.379993 0.052139 0.014504
1 0.792239 0.380238 0.052139 0.013698
1 0.889277 0.381319 0.115596 0.014249
0 0.514085 0.500585 0.873840 0.141816
4 0.274248 0.645023 0.444219 0.024978
0 0.725980 0.645833 0.449216 0.026212
0 0.274314 0.685409 0.449020 0.027960
0 0.725882 0.683712 0.449020 0.026212
5 0.226281 0.855330 0.166843 0.033037
5 0.421054 0.855986 0.166843 0.033037
5 0.615498 0.855986 0.166843 0.033037