2 0.736845 0.114472 0.014706 0.011364
2 0.799897 0.114472 0.014706 0.011364
0 0.515299 0.725203 0.911765 0.154662
0 0.224859 0.474817 0.330884 0.022232
1 0.353127 0.511814 0.014706 0.011364
0 0.184417 0.511699 0.250000 0.022327
0 0.688094 0.474817 0.566175 0.022232
0 0.537359 0.511746 0.264706 0.022232
0 0.827798 0.511750 0.286766 0.022232
1 0.250186 0.562634 0.014706 0.011364
1 0.522247 0.562383 0.014706 0.011364
0 0.800225 0.554834 0.341913 0.034542
0 0.199123 0.607576 0.279412 0.018653
0 0.441670 0.607487 0.181176 0.018832
3 0.578240 0.609366 0.080000 0.022232
3 0.853333 0.607487 0.232029 0.018832
0 0.676617 0.607970 0.107842 0.017866
0 0.515299 0.298360 0.911765 0.022232
1 0.522245 0.546538 0.014706 0.011364
1 0.068404 0.344836 0.014706 0.011364
1 0.068404 0.367561 0.014706 0.011364
1 0.068404 0.397865 0.014706 0.011364
1 0.068404 0.428165 0.014706 0.011364
2 0.736845 0.321856 0.014706 0.011364
2 0.799897 0.321856 0.014706 0.011364
0 0.147652 0.561908 0.176471 0.020393
0 0.403166 0.561908 0.187498 0.020393
0 0.876805 0.949979 0.188747 0.017261