0 0.254967 0.196217 0.217059 0.021668
0 0.421136 0.197822 0.106972 0.020063
0 0.585229 0.197020 0.208751 0.020063
0 0.774766 0.198625 0.147476 0.016853
0 0.241985 0.239554 0.186941 0.023273
0 0.398807 0.245171 0.110087 0.015248
0 0.510972 0.245171 0.110087 0.016853
0 0.632483 0.245171 0.128781 0.016853
0 0.777882 0.245573 0.151630 0.016050
0 0.409193 0.322214 0.130859 0.013643
0 0.520838 0.323016 0.088278 0.013643
0 0.610154 0.322214 0.088278 0.013643
0 0.701548 0.323016 0.084123 0.013643
0 0.799173 0.322615 0.104895 0.014445
0 0.409712 0.337461 0.131897 0.012038
0 0.521358 0.337863 0.085162 0.014445
0 0.611193 0.336659 0.084123 0.013643
0 0.698951 0.337863 0.087239 0.014445
0 0.799172 0.337060 0.109049 0.012840
0 0.410751 0.351506 0.131897 0.012840
0 0.521877 0.352308 0.084123 0.012840
0 0.609635 0.352308 0.085162 0.014445
0 0.698432 0.352709 0.086201 0.013643
0 0.799172 0.352709 0.111126 0.012038
0 0.409712 0.366352 0.131897 0.013643
0 0.520838 0.365951 0.086201 0.012840
0 0.610154 0.366352 0.088278 0.015248
0 0.698432 0.366754 0.084123 0.014445
0 0.799692 0.365550 0.112165 0.013643
0 0.409193 0.380798 0.132936 0.013643
0 0.521877 0.380397 0.086201 0.014445
0 0.610674 0.380397 0.083085 0.012840
0 0.699471 0.379995 0.088278 0.012038
0 0.800211 0.379594 0.111126 0.012840
0 0.409193 0.394842 0.130859 0.014445
0 0.521877 0.394441 0.088278 0.013643
0 0.610674 0.394039 0.087239 0.014445
0 0.699471 0.394039 0.086201 0.012840
0 0.799692 0.394039 0.108010 0.012840
0 0.409193 0.408485 0.126704 0.012840
0 0.520319 0.408485 0.087239 0.012840
0 0.609635 0.408485 0.085162 0.012840
0 0.698432 0.408485 0.086201 0.012840
0 0.798653 0.408485 0.105933 0.014445
0 0.409712 0.422930 0.131897 0.014445
0 0.521877 0.422930 0.088278 0.014445
0 0.608597 0.423332 0.085162 0.015248
0 0.697913 0.422930 0.087239 0.014445
0 0.798134 0.422930 0.109049 0.012840
0 0.409193 0.438178 0.128782 0.014445
0 0.521877 0.437777 0.088278 0.013643
0 0.610674 0.438178 0.081008 0.014445
0 0.697394 0.437376 0.090355 0.012840
0 0.797615 0.436975 0.108010 0.013643
0 0.409712 0.452624 0.131897 0.014445
0 0.520838 0.452222 0.088278 0.012038
0 0.609635 0.452624 0.085162 0.012840
0 0.698951 0.451821 0.085162 0.014445
0 0.798653 0.452624 0.108010 0.012840
0 0.410751 0.467069 0.127743 0.014445
0 0.520838 0.467069 0.088278 0.014445
0 0.610674 0.466267 0.087239 0.012840
0 0.698432 0.467069 0.088278 0.012840
0 0.799172 0.467872 0.109049 0.011235
0 0.408674 0.481916 0.133974 0.015248
0 0.521877 0.481515 0.088278 0.014445
0 0.611193 0.481515 0.086201 0.014445
0 0.698432 0.481515 0.088278 0.014445
0 0.798653 0.481515 0.105933 0.012840
0 0.409193 0.496361 0.128782 0.013643
0 0.522396 0.495960 0.091393 0.012840
0 0.611193 0.495960 0.082046 0.014445
0 0.697913 0.495960 0.085162 0.012840
0 0.797095 0.495158 0.104895 0.014445
0 0.408674 0.510004 0.129820 0.012038
0 0.520838 0.509603 0.086201 0.011235
0 0.610154 0.509202 0.084123 0.012038
0 0.698951 0.509603 0.087239 0.012840
0 0.797615 0.508800 0.108010 0.014445
0 0.408674 0.523246 0.129820 0.014445
0 0.521877 0.523246 0.088278 0.014445
0 0.610154 0.524048 0.086201 0.014445
0 0.699471 0.524450 0.084123 0.013643
0 0.797615 0.524048 0.103856 0.014445
0 0.408154 0.538093 0.130859 0.015248
0 0.521357 0.538494 0.089316 0.014445
0 0.610154 0.538093 0.084123 0.013643
0 0.699990 0.537691 0.089316 0.014445
0 0.799172 0.538895 0.102818 0.013643
0 0.408674 0.567786 0.131897 0.015248
0 0.520319 0.567786 0.087239 0.013643
0 0.610154 0.567786 0.084123 0.015248
0 0.698432 0.567786 0.084123 0.015248
0 0.798134 0.567385 0.106972 0.014445
0 0.409193 0.583435 0.130859 0.014445
0 0.521357 0.582633 0.087239 0.012840
0 0.610154 0.583034 0.086201 0.015248
0 0.699471 0.583034 0.084123 0.015248
0 0.798134 0.582633 0.109049 0.012840
0 0.408674 0.611524 0.129820 0.012840
0 0.520319 0.611925 0.087239 0.013643
0 0.610674 0.612326 0.087239 0.014445
0 0.697913 0.612326 0.085162 0.014445
0 0.799692 0.611925 0.110087 0.015248
0 0.409193 0.627574 0.132936 0.012840
0 0.519800 0.626370 0.086201 0.012038
0 0.611193 0.627173 0.086201 0.013643
0 0.698951 0.627975 0.087239 0.013643
0 0.799173 0.627574 0.106972 0.012840
0 0.411457 0.642164 0.128782 0.012840
0 0.519800 0.640816 0.088278 0.013643
0 0.609635 0.641217 0.083085 0.012840
0 0.698432 0.640928 0.088278 0.013418
0 0.797615 0.640816 0.105933 0.012038
0 0.409193 0.654057 0.130859 0.014445
0 0.520838 0.655261 0.086201 0.013643
0 0.610674 0.654860 0.085162 0.014445
0 0.698951 0.654459 0.085162 0.013643
0 0.799173 0.655662 0.104895 0.012840
0 0.410231 0.668503 0.130859 0.012840
0 0.521357 0.669305 0.087239 0.012840
0 0.610154 0.670108 0.084123 0.012840
0 0.697913 0.670108 0.087239 0.014445
0 0.798134 0.669707 0.109049 0.013643
0 0.409712 0.683349 0.131897 0.013643
0 0.521877 0.683349 0.086201 0.013643
0 0.610154 0.683751 0.088278 0.014446
0 0.699471 0.684954 0.088278 0.013643
0 0.799173 0.684553 0.104895 0.014445
0 0.409193 0.698597 0.130859 0.013643
0 0.521877 0.698597 0.084123 0.015248
0 0.610674 0.698597 0.085162 0.013643
0 0.697913 0.698597 0.085162 0.013643
0 0.800211 0.699400 0.111126 0.013643
0 0.409712 0.712642 0.131897 0.014445
0 0.520319 0.712642 0.087239 0.012840
0 0.609635 0.712642 0.085162 0.012840
0 0.699471 0.712642 0.086201 0.012840
0 0.796576 0.713043 0.105933 0.013643
0 0.408674 0.727488 0.129820 0.015248
0 0.521877 0.726686 0.088278 0.013643
0 0.610154 0.727488 0.084123 0.015248
0 0.697913 0.727488 0.085162 0.013643
0 0.796576 0.727087 0.103856 0.012840
0 0.410231 0.741934 0.130859 0.013643
0 0.521357 0.741532 0.087239 0.014446
0 0.611193 0.742335 0.084123 0.012840
0 0.698432 0.742335 0.086201 0.012840
0 0.797615 0.741532 0.105933 0.014446
0 0.409712 0.772028 0.129820 0.014445
0 0.521877 0.771226 0.088278 0.014445
0 0.610674 0.771627 0.085162 0.013643
0 0.698951 0.770825 0.085162 0.015248
0 0.799692 0.770825 0.105933 0.015248
0 0.409193 0.786474 0.130859 0.014445
0 0.521358 0.786875 0.085162 0.015248
0 0.609635 0.786073 0.089316 0.013643
0 0.698951 0.785270 0.087239 0.015248
0 0.799692 0.785671 0.108010 0.014445
0 0.410231 0.800117 0.130859 0.012840
0 0.520838 0.800117 0.086201 0.014445
0 0.609635 0.799314 0.083085 0.012840
0 0.697913 0.799715 0.085162 0.013643
0 0.798653 0.800117 0.108010 0.012840
0 0.243023 0.838638 0.193172 0.017655
0 0.455928 0.839039 0.216021 0.016853
0 0.655332 0.839440 0.174478 0.016050
0 0.801250 0.840243 0.111126 0.017656
5 0.461600 0.951794 0.113055 0.036916
5 0.589406 0.951393 0.119480 0.036114
5 0.722581 0.951393 0.117403 0.036114
0 0.755553 0.856695 0.210828 0.016853
0 0.499623 0.090534 0.727214 0.062438