1 0.199745 0.187798 0.014706 0.011364
1 0.375737 0.172000 0.014706 0.011364
1 0.375735 0.189066 0.014706 0.011364
0 0.206719 0.247783 0.293928 0.018653
0 0.452538 0.247694 0.183011 0.018832
3 0.591183 0.249573 0.069118 0.022232
0 0.690275 0.248177 0.107842 0.017866
0 0.169949 0.540283 0.220389 0.022323
0 0.320181 0.540328 0.062093 0.022232
1 0.070379 0.509442 0.014706 0.011364
1 0.070379 0.493975 0.014706 0.011364
0 0.477852 0.540283 0.222224 0.022323
0 0.629810 0.541067 0.062093 0.020755
0 0.781369 0.540283 0.214882 0.022323
0 0.936604 0.540328 0.066175 0.022232
1 0.377364 0.509442 0.014706 0.011364
1 0.377364 0.493975 0.014706 0.011364
1 0.684552 0.509442 0.014706 0.011364
1 0.684552 0.493975 0.014706 0.011364
2 0.467235 0.172501 0.014706 0.011364
2 0.467229 0.191027 0.014706 0.011364
2 0.590299 0.173177 0.014706 0.011364
2 0.590297 0.191027 0.014706 0.011364
0 0.875503 0.189826 0.188373 0.015207
3 0.863071 0.247694 0.213237 0.018832
0 0.600009 0.421162 0.183825 0.017136
0 0.169954 0.420403 0.220399 0.018653
0 0.396976 0.420314 0.207531 0.018832
3 0.738888 0.422193 0.067819 0.022232
1 0.070379 0.459846 0.014706 0.011364
1 0.170881 0.459846 0.014706 0.011364
1 0.255052 0.459846 0.014706 0.011364
1 0.355556 0.459846 0.014706 0.011364
1 0.517694 0.459846 0.014706 0.011364
0 0.839297 0.456162 0.260786 0.017888
0 0.206719 0.623443 0.293928 0.018653
0 0.452543 0.623353 0.183011 0.018832
3 0.591183 0.625232 0.069118 0.022232
3 0.863071 0.623353 0.213237 0.018832
0 0.691712 0.623836 0.107842 0.017866
0 0.326811 0.576246 0.534113 0.022323
1 0.612389 0.577308 0.014706 0.011364
1 0.925170 0.422601 0.014706 0.011364
0 0.216934 0.321145 0.270217 0.018653
0 0.451725 0.321055 0.181386 0.018832
3 0.591183 0.322934 0.069118 0.022232
3 0.863071 0.320264 0.213237 0.017250
0 0.343771 0.369520 0.314340 0.018653
0 0.600931 0.369430 0.185670 0.018832
3 0.788314 0.371309 0.166670 0.022232
0 0.924750 0.369520 0.089879 0.018653
0 0.690275 0.321538 0.107842 0.017866
0 0.216934 0.697648 0.270217 0.018653
0 0.451725 0.697559 0.181386 0.018832
3 0.591183 0.699438 0.069118 0.022232
3 0.863071 0.696768 0.213237 0.017250
0 0.690275 0.698042 0.107842 0.017866
0 0.343771 0.746016 0.314340 0.018653
0 0.600931 0.745926 0.185670 0.018832
3 0.788314 0.747806 0.166670 0.022232
0 0.924750 0.746016 0.089879 0.018653
2 0.091559 0.732653 0.014706 0.011364
2 0.091559 0.749099 0.014706 0.011364
2 0.091559 0.359323 0.014706 0.011364
2 0.091559 0.375117 0.014706 0.011364
0 0.307501 0.187622 0.110296 0.022327
0 0.117571 0.187622 0.110296 0.022327
0 0.841172 0.422146 0.108180 0.022327
0 0.876805 0.949969 0.188747 0.017261