0 0.597792 0.122305 0.194211 0.016852
0 0.599283 0.156439 0.195250 0.016854
0 0.811755 0.156814 0.232533 0.016853
0 0.305134 0.228092 0.381653 0.093021
0 0.691336 0.227246 0.381652 0.093021
1 0.112132 0.531881 0.026806 0.014134
1 0.111316 0.552557 0.026806 0.014134
1 0.111112 0.573232 0.026806 0.014134
1 0.110907 0.594855 0.026806 0.014134
1 0.110090 0.614583 0.026806 0.014134
1 0.110499 0.635732 0.026806 0.014134
1 0.110295 0.654987 0.026806 0.014134
0 0.117015 0.710711 0.026348 0.025095
0 0.146223 0.710713 0.027574 0.025095
0 0.197283 0.710950 0.027574 0.025095
0 0.227002 0.710951 0.027574 0.025568
0 0.278728 0.711029 0.027881 0.025568
0 0.308038 0.710951 0.027881 0.025568
0 0.337399 0.711029 0.028186 0.025568
0 0.366607 0.710871 0.027574 0.025568
0 0.628309 0.820418 0.196359 0.023323
0 0.826060 0.817044 0.203712 0.034687
0 0.825531 0.861833 0.196359 0.023324
5 0.332642 0.921523 0.128781 0.040126
5 0.502448 0.921678 0.128781 0.040126
5 0.667357 0.921911 0.128783 0.040126