0 0.313410 0.130825 0.567130 0.019835
0 0.680150 0.130272 0.150265 0.019282
0 0.866152 0.130205 0.212539 0.018731
2 0.198670 0.152910 0.029412 0.022727
2 0.360621 0.152910 0.029412 0.022727
2 0.559521 0.152910 0.029412 0.022727
0 0.893112 0.164997 0.154070 0.019281
0 0.185934 0.209172 0.312718 0.022405
0 0.473686 0.209554 0.251778 0.021905
2 0.614080 0.211595 0.025320 0.019564
2 0.768169 0.211595 0.025319 0.019564
0 0.180930 0.519633 0.306035 0.030814
0 0.526576 0.519255 0.367727 0.031111
0 0.783964 0.525694 0.132225 0.016297
0 0.913625 0.524679 0.114887 0.016476
0 0.179729 0.553499 0.308680 0.030374
0 0.526011 0.553999 0.367020 0.028049
0 0.783989 0.559549 0.132933 0.016804
0 0.913980 0.559822 0.114178 0.017351
0 0.180083 0.588698 0.309387 0.030920
0 0.526107 0.587487 0.369851 0.030239
0 0.784181 0.590568 0.135059 0.015234
0 0.913625 0.590188 0.114887 0.018518
0 0.174645 0.624003 0.286226 0.018732
4 0.595601 0.624861 0.511324 0.023532
4 0.181301 0.690468 0.307362 0.025173
0 0.659399 0.692564 0.636480 0.022245
4 0.181164 0.724285 0.308070 0.023533
0 0.658632 0.726201 0.635969 0.025174
0 0.175055 0.781831 0.286226 0.018732
4 0.595601 0.779831 0.509908 0.028457
0 0.916207 0.782462 0.114379 0.017470
0 0.368752 0.897309 0.493087 0.085247
3 0.500000 0.955808 0.193631 0.019414
5 0.410846 0.985324 0.079657 0.020518
5 0.497650 0.985166 0.079657 0.020202
5 0.584252 0.983915 0.079657 0.019595