0 0.873341 0.941713 0.188747 0.017261
0 0.308668 0.179913 0.500310 0.032215
0 0.308668 0.371674 0.500310 0.035057
2 0.747279 0.104864 0.014706 0.011364
2 0.810405 0.104864 0.014706 0.011364
1 0.907756 0.173633 0.014706 0.011364
0 0.641545 0.187414 0.136031 0.022388
1 0.720180 0.188475 0.014706 0.011364
0 0.832407 0.187414 0.120755 0.022388
1 0.907658 0.189746 0.014706 0.011364
2 0.776691 0.275322 0.014706 0.011364
2 0.839814 0.275322 0.014706 0.011364
1 0.907756 0.363972 0.014706 0.011364
0 0.641545 0.377753 0.136031 0.022388
1 0.720180 0.378816 0.014706 0.011364
0 0.832407 0.377753 0.120755 0.022388
1 0.907658 0.380086 0.014706 0.011364
0 0.308979 0.441277 0.500310 0.037899
1 0.908163 0.433100 0.014706 0.011364
0 0.641855 0.446881 0.136031 0.022388
1 0.720490 0.447942 0.014706 0.011364
0 0.832698 0.446881 0.120755 0.022388
1 0.908007 0.449212 0.014706 0.011364
0 0.308979 0.242426 0.500310 0.032215
1 0.908163 0.236145 0.014706 0.011364
0 0.641855 0.249926 0.136031 0.022388
1 0.720490 0.250987 0.014706 0.011364
0 0.832698 0.249926 0.120755 0.022388
1 0.908007 0.252259 0.014706 0.011364