3 0.812895 0.344305 0.066178 0.022655
0 0.676864 0.343347 0.176471 0.017412
0 0.749659 0.392357 0.204413 0.017866
0 0.195964 0.391964 0.270621 0.018653
0 0.489797 0.391874 0.281047 0.018832
3 0.914609 0.393664 0.112747 0.022412
0 0.461598 0.343347 0.224650 0.017412
0 0.914609 0.343120 0.112747 0.017866
1 0.927601 0.294710 0.014706 0.011364
0 0.260573 0.295196 0.399838 0.016471
0 0.614243 0.440236 0.710366 0.019885
1 0.614511 0.674241 0.014706 0.011364
0 0.157974 0.675061 0.194641 0.018744
1 0.582711 0.862279 0.014706 0.011364
0 0.619273 0.771298 0.189134 0.019715
0 0.746718 0.907845 0.198531 0.017866
0 0.195964 0.907451 0.270621 0.018653
0 0.488360 0.907362 0.281047 0.018832
3 0.912976 0.909152 0.109482 0.022412
0 0.181258 0.858826 0.241209 0.018744
1 0.922784 0.862279 0.014706 0.011364
1 0.071276 0.440236 0.014706 0.011364
1 0.071275 0.422870 0.014706 0.011364
2 0.071276 0.805020 0.014706 0.011364
2 0.121384 0.805020 0.014706 0.011364
2 0.306956 0.805020 0.014706 0.011364
2 0.363899 0.805020 0.014706 0.011364
2 0.071387 0.825718 0.014706 0.011364
0 0.619147 0.825719 0.699157 0.019885
0 0.196684 0.342643 0.272060 0.016932
1 0.334498 0.160189 0.014706 0.011364
3 0.814448 0.161806 0.068629 0.022655
0 0.574982 0.160849 0.386869 0.017412
3 0.286137 0.207890 0.450967 0.023948
0 0.784572 0.255617 0.372941 0.024105
2 0.071405 0.245826 0.014706 0.011364
2 0.071402 0.262870 0.014706 0.011364
3 0.746315 0.207889 0.443618 0.023950
3 0.462416 0.771728 0.068629 0.022655
0 0.240181 0.770770 0.359056 0.017412
3 0.286337 0.723744 0.450967 0.023948
3 0.746515 0.723744 0.443618 0.023949
0 0.239524 0.515147 0.357341 0.020222
0 0.566288 0.514724 0.269472 0.021068
0 0.843581 0.514724 0.253877 0.021068
0 0.748117 0.562572 0.198531 0.017866
0 0.197363 0.562179 0.270621 0.018653
0 0.489759 0.562089 0.281047 0.018832
3 0.914375 0.563879 0.109482 0.022412
0 0.786524 0.615557 0.369314 0.019885
1 0.415611 0.615558 0.014706 0.011364
1 0.415611 0.598192 0.014706 0.011364
1 0.321371 0.601918 0.014706 0.011364
1 0.928861 0.771381 0.014706 0.011364
0 0.421089 0.674808 0.312672 0.018298
0 0.692124 0.296620 0.443229 0.020783
0 0.177444 0.606743 0.234645 0.030943
0 0.190959 0.160768 0.260611 0.022307
0 0.807015 0.772769 0.169639 0.021384
0 0.426809 0.860871 0.235294 0.022371
0 0.779616 0.860871 0.235294 0.022371
0 0.876805 0.949969 0.188747 0.017261