0 0.614563 0.167859 0.227940 0.017566
0 0.855373 0.167225 0.231616 0.018832
1 0.426662 0.170593 0.014706 0.011364
1 0.426663 0.155601 0.014706 0.011364
1 0.217096 0.170593 0.014706 0.011364
0 0.198132 0.216066 0.277828 0.018832
0 0.448132 0.216066 0.189593 0.018832
3 0.584804 0.217946 0.065882 0.022232
3 0.853134 0.216066 0.232029 0.018832
0 0.676417 0.216549 0.107842 0.017866
0 0.136623 0.266439 0.154413 0.022323
0 0.256641 0.266485 0.062093 0.022232
1 0.305116 0.251567 0.014706 0.011364
1 0.305116 0.267057 0.014706 0.011364
1 0.363940 0.267057 0.014706 0.011364
0 0.512633 0.456480 0.904024 0.018653
1 0.071585 0.686504 0.013072 0.010101
1 0.071585 0.639417 0.013072 0.010101
1 0.071585 0.596106 0.013072 0.010101
1 0.071585 0.564660 0.013072 0.010101
0 0.466790 0.692276 0.316377 0.031736
0 0.467098 0.646876 0.316994 0.035250
0 0.467098 0.602960 0.316994 0.031751
0 0.467098 0.561407 0.316994 0.022323
1 0.930333 0.563908 0.014706 0.011364
1 0.930333 0.607552 0.014706 0.011364
1 0.930333 0.698077 0.014706 0.011364
1 0.930333 0.653397 0.014706 0.011364
0 0.432584 0.851364 0.702214 0.022323
0 0.432584 0.814702 0.702214 0.022412
1 0.930333 0.810783 0.014706 0.011364
1 0.930333 0.847944 0.014706 0.011364
0 0.854145 0.851340 0.117647 0.022371
0 0.854145 0.814722 0.117647 0.022371
0 0.854145 0.886061 0.117647 0.022371
0 0.854145 0.922994 0.117647 0.022371
0 0.432584 0.923018 0.702214 0.022323
0 0.432581 0.886040 0.702214 0.022412
1 0.930333 0.882121 0.014706 0.011364
1 0.930333 0.919599 0.014706 0.011364
2 0.071402 0.777523 0.014706 0.011364
2 0.134528 0.777523 0.014706 0.011364
0 0.218426 0.345622 0.270217 0.018653
0 0.453217 0.345532 0.181386 0.018832
3 0.586422 0.347412 0.069118 0.022232
3 0.853534 0.344741 0.235294 0.017250
0 0.345261 0.392494 0.314340 0.018653
0 0.602423 0.392405 0.185670 0.018832
3 0.789806 0.394284 0.166670 0.022232
0 0.926242 0.392494 0.089879 0.018653
0 0.676417 0.346015 0.107842 0.017866
2 0.093023 0.381778 0.014706 0.011364
2 0.093023 0.395871 0.014706 0.011364
0 0.338331 0.169033 0.144433 0.021346
0 0.131202 0.169033 0.144433 0.021346
0 0.780007 0.698895 0.279412 0.018500
0 0.780007 0.653450 0.279412 0.022105
0 0.781359 0.609578 0.279412 0.018515
0 0.781359 0.561619 0.279412 0.021899
2 0.449814 0.508706 0.014706 0.011364
2 0.512944 0.508710 0.014706 0.011364
0 0.876805 0.949969 0.188747 0.017261