0 0.241176 0.092614 0.352941 0.018182
0 0.550000 0.092614 0.235294 0.018182
0 0.805882 0.092046 0.235294 0.018182
0 0.241176 0.133523 0.352941 0.018182
0 0.550000 0.133523 0.235294 0.018182
0 0.805882 0.133523 0.235294 0.018182
1 0.097499 0.172613 0.018527 0.014316
1 0.097499 0.195226 0.018527 0.014316
1 0.291616 0.172613 0.018527 0.014316
1 0.291616 0.195226 0.018527 0.014316
1 0.588675 0.172613 0.018527 0.014316
1 0.097499 0.254886 0.018527 0.014316
1 0.097499 0.277613 0.018527 0.014316
0 0.658823 0.235796 0.541176 0.018182
0 0.658823 0.276705 0.541176 0.018182
0 0.305882 0.338068 0.482353 0.063636
0 0.747059 0.317614 0.364706 0.018182
1 0.703381 0.341099 0.018527 0.014316
1 0.703381 0.361174 0.018527 0.014316
0 0.241176 0.401705 0.352941 0.018182
0 0.550000 0.401705 0.235294 0.018182
0 0.808824 0.401136 0.235294 0.018182
0 0.241176 0.442614 0.352941 0.018182
0 0.550000 0.442614 0.235294 0.018182
0 0.805882 0.442614 0.235294 0.018182
1 0.097499 0.481704 0.018527 0.014316
1 0.097499 0.504317 0.018527 0.014316
1 0.291616 0.481704 0.018527 0.014316
1 0.291616 0.504317 0.018527 0.014316
1 0.588675 0.481704 0.018527 0.014316
1 0.097499 0.563976 0.018527 0.014316
1 0.097499 0.586704 0.018527 0.014316
0 0.658823 0.544886 0.541176 0.018182
0 0.658823 0.585795 0.541176 0.018182
0 0.305882 0.647159 0.482353 0.063636
0 0.747059 0.626705 0.364706 0.018182
1 0.703381 0.650189 0.018527 0.014316
1 0.703381 0.670265 0.018527 0.014316
0 0.764706 0.793588 0.235294 0.018182
5 0.280780 0.970556 0.170640 0.034363
5 0.483480 0.970556 0.170640 0.034363
5 0.694453 0.970556 0.170640 0.034363