0 0.697107 0.785951 0.026363 0.278322
0 0.639524 0.000000 0.024976 0.281913
0 0.599286 0.000000 0.024976 0.421972
0 0.597205 0.872141 0.023588 0.170584
0 0.459898 0.000000 0.018783 0.106682
0 0.460337 0.000000 0.018783 0.102631
0 0.460337 0.055637 0.018783 0.102631
1 0.639379 0.140793 0.014609 0.018906
1 0.638638 0.564063 0.015652 0.020256
0 0.697801 0.149402 0.024976 0.746980
1 0.638638 0.727462 0.015652 0.020256
0 0.459898 0.196754 0.018783 0.098579
0 0.460337 0.326447 0.018783 0.079674
0 0.459898 0.455694 0.018783 0.094528
0 0.460464 0.591892 0.019007 0.091363
0 0.460337 0.739170 0.018783 0.101280
0 0.460337 0.884784 0.018783 0.110733
0 0.431380 0.000000 0.017739 0.103981
0 0.431808 0.000000 0.017739 0.101280
0 0.430983 0.054962 0.017739 0.101280
0 0.431274 0.196080 0.017650 0.098391
0 0.430983 0.329769 0.017739 0.083725
0 0.431422 0.454114 0.017739 0.093178
0 0.431422 0.593880 0.017739 0.091827
0 0.431422 0.735956 0.017739 0.097229
0 0.431369 0.885694 0.017650 0.114204
0 0.405731 0.000000 0.017739 0.106682
0 0.405334 0.000000 0.017739 0.101280
0 0.405334 0.051072 0.017739 0.094528
0 0.405334 0.196362 0.017739 0.099930
0 0.405334 0.328810 0.017739 0.082375
0 0.405334 0.454060 0.017739 0.094528
0 0.405334 0.591193 0.017739 0.087776
0 0.405334 0.737212 0.017739 0.099930
0 0.405334 0.885122 0.017739 0.113434
0 0.376419 0.000000 0.016696 0.102631
0 0.376638 0.000000 0.016696 0.101280
0 0.377282 0.056029 0.019425 0.096964
0 0.376419 0.193662 0.016696 0.094528
0 0.377588 0.327851 0.017739 0.079674
0 0.376638 0.455694 0.016696 0.097229
0 0.376194 0.592648 0.016292 0.093120
0 0.376638 0.738103 0.016696 0.101280
0 0.376419 0.886810 0.016696 0.117485
0 0.349810 0.000000 0.017739 0.102631
0 0.349810 0.000000 0.017739 0.101280
0 0.349810 0.055866 0.017739 0.102631
0 0.349810 0.197713 0.017739 0.102631
0 0.349810 0.325717 0.017739 0.075623
0 0.349810 0.454235 0.017739 0.095879
0 0.349810 0.587642 0.017739 0.085075
0 0.349810 0.732094 0.017739 0.089127
0 0.350225 0.887404 0.018038 0.114920
0 0.321719 0.000000 0.016696 0.098579
0 0.322377 0.000000 0.016696 0.095879
0 0.322377 0.051140 0.016696 0.094528
0 0.322157 0.194337 0.016696 0.095879
0 0.322460 0.327068 0.017739 0.078323
0 0.322898 0.455694 0.017739 0.097229
0 0.322460 0.588992 0.017739 0.087776
0 0.323117 0.733161 0.017739 0.091827
0 0.323117 0.886432 0.017739 0.114784
0 0.293336 0.000000 0.016696 0.098579
0 0.293764 0.000000 0.016696 0.095879
0 0.293764 0.050465 0.016696 0.093178
0 0.293471 0.199594 0.016292 0.101905
0 0.295016 0.327351 0.017739 0.078323
0 0.294286 0.460312 0.017739 0.108032
0 0.294286 0.590950 0.017739 0.089126
0 0.294505 0.734795 0.017739 0.094528
0 0.295417 0.884710 0.019425 0.113124
0 0.265986 0.000000 0.016696 0.097229
0 0.266028 0.000000 0.016696 0.094528
0 0.266852 0.052301 0.016696 0.094528
0 0.266901 0.196958 0.017650 0.100148
0 0.266901 0.326975 0.017650 0.079064
0 0.266973 0.460045 0.018038 0.100555
0 0.267374 0.593543 0.017739 0.095879
0 0.267374 0.736469 0.017739 0.095879
0 0.267374 0.884622 0.017739 0.113434
0 0.238031 0.000000 0.016696 0.094528
0 0.237812 0.000000 0.016696 0.094528
0 0.237634 0.050465 0.016696 0.093178
0 0.238375 0.195458 0.017739 0.097229
0 0.238581 0.327853 0.017650 0.080821
0 0.238486 0.456991 0.017650 0.096634
0 0.238156 0.591693 0.017739 0.093178
0 0.238156 0.734214 0.017739 0.093178
0 0.238156 0.885851 0.017739 0.116135
0 0.168931 0.043429 0.017739 0.590126
0 0.095741 0.045858 0.017650 0.592102
0 0.167071 0.685396 0.018038 0.551257
0 0.135852 0.684498 0.024976 0.549461
0 0.100470 0.685396 0.026363 0.547666
0 0.066475 0.684498 0.027751 0.545870
5 0.024621 0.000000 0.026515 0.147059
5 0.023359 0.107026 0.026515 0.151961
5 0.023990 0.290850 0.025253 0.156863