0 0.264326 0.456177 0.384122 0.027778
0 0.582475 0.456177 0.145302 0.027778
0 0.886694 0.442007 0.165951 0.019269
0 0.886694 0.462360 0.165951 0.018205
0 0.399566 0.519121 0.655978 0.027778
0 0.856296 0.518301 0.226516 0.027778
1 0.124136 0.576160 0.029412 0.022727
1 0.217049 0.576160 0.029412 0.022727
0 0.517600 0.572836 0.315299 0.027778
0 0.193438 0.642504 0.245098 0.027778
1 0.404940 0.639979 0.029412 0.022727
1 0.483399 0.639979 0.029412 0.022727
1 0.697443 0.609134 0.029412 0.022727
1 0.697443 0.640511 0.029412 0.022727
0 0.864388 0.637718 0.210332 0.027778
1 0.122760 0.736239 0.029412 0.022727
1 0.195714 0.736239 0.029412 0.022727
0 0.766056 0.762164 0.245098 0.027778
1 0.125513 0.863345 0.029412 0.022728
1 0.197778 0.863345 0.029412 0.022728
0 0.812856 0.840874 0.245098 0.027778