2 0.711109 0.111631 0.014706 0.011364
2 0.774250 0.111631 0.014706 0.011364
0 0.763324 0.569301 0.202618 0.018653
0 0.524007 0.569301 0.261436 0.018653
0 0.231190 0.569506 0.299426 0.018244
3 0.921711 0.571001 0.098114 0.022412
1 0.327392 0.607946 0.014706 0.011364
1 0.511214 0.607946 0.014706 0.011364
1 0.511216 0.592468 0.014706 0.011364
0 0.763324 0.640321 0.202618 0.018653
0 0.524007 0.640321 0.261436 0.018653
0 0.231190 0.640526 0.299426 0.018244
3 0.921711 0.642021 0.098114 0.022412
1 0.327392 0.678965 0.014706 0.011364
1 0.511214 0.678965 0.014706 0.011364
1 0.511216 0.663489 0.014706 0.011364
3 0.221181 0.867537 0.323529 0.022232
3 0.553108 0.867537 0.323529 0.022232
0 0.587198 0.241818 0.157258 0.022323
3 0.712583 0.242177 0.071038 0.021606
0 0.169551 0.241818 0.220909 0.022323
0 0.395386 0.241818 0.205910 0.022323
1 0.922979 0.240357 0.014706 0.011364
0 0.287198 0.291277 0.456203 0.022232
3 0.561670 0.291277 0.083729 0.022232
3 0.797313 0.291187 0.343436 0.022412
1 0.851261 0.529784 0.014706 0.011364
0 0.763324 0.710919 0.202618 0.018653
0 0.524007 0.710919 0.261436 0.018653
0 0.231190 0.711123 0.299426 0.018244
3 0.921711 0.712619 0.098114 0.022412
1 0.327392 0.749563 0.014706 0.011364
1 0.509672 0.750379 0.014706 0.011364
1 0.511216 0.734087 0.014706 0.011364
0 0.763324 0.781939 0.202618 0.018653
0 0.524007 0.781939 0.261436 0.018653
0 0.231190 0.782143 0.299426 0.018244
3 0.921711 0.783639 0.098114 0.022412
1 0.327392 0.820583 0.014706 0.011364
1 0.511214 0.820583 0.014706 0.011364
1 0.511216 0.805107 0.014706 0.011364
0 0.733761 0.504256 0.220593 0.022323
0 0.333721 0.502951 0.543333 0.019889
1 0.852216 0.506581 0.014706 0.011364
0 0.441080 0.606123 0.095582 0.022327
0 0.254272 0.675164 0.110296 0.022327
0 0.441080 0.675164 0.095582 0.022327
0 0.254272 0.745708 0.110296 0.022327
0 0.441080 0.745708 0.095582 0.022327
0 0.254272 0.817003 0.110296 0.022327
0 0.441080 0.817003 0.095582 0.022327
0 0.254272 0.606123 0.110296 0.022327
0 0.818930 0.866130 0.191247 0.025977
0 0.804993 0.241794 0.095590 0.022371
1 0.137797 0.601717 0.016340 0.012626
1 0.137797 0.671510 0.016340 0.012626
1 0.137797 0.740462 0.016340 0.012626
1 0.137797 0.811846 0.016340 0.012626
1 0.071405 0.397768 0.014706 0.011364
1 0.280891 0.338472 0.014706 0.011364
1 0.280891 0.394994 0.014706 0.011364
1 0.071405 0.342657 0.014706 0.011364
1 0.546672 0.415328 0.014706 0.011364
0 0.749929 0.453888 0.419616 0.037013
0 0.749929 0.373787 0.419616 0.037013
1 0.547222 0.334213 0.014706 0.011364
1 0.280891 0.450105 0.014706 0.011364
1 0.071905 0.450105 0.014706 0.011364
1 0.932752 0.869807 0.014706 0.011364
0 0.876805 0.949969 0.188747 0.017261