0 0.280005 0.702443 0.441176 0.017566
0 0.738132 0.701810 0.460376 0.018832
0 0.202799 0.233199 0.286765 0.018653
0 0.444123 0.233109 0.181176 0.018832
3 0.578681 0.234989 0.080882 0.022232
3 0.855167 0.233109 0.232029 0.018832
0 0.678450 0.233592 0.107842 0.017866
0 0.202799 0.787451 0.286765 0.018653
0 0.444123 0.787362 0.181176 0.018832
3 0.578681 0.789241 0.080882 0.022232
3 0.855167 0.787362 0.232029 0.018832
0 0.681323 0.787845 0.107841 0.017866
0 0.151130 0.269912 0.183825 0.022323
0 0.288797 0.269957 0.062093 0.022232
1 0.365324 0.256141 0.014706 0.011364
1 0.365324 0.272869 0.014706 0.011364
1 0.434778 0.272869 0.014706 0.011364
0 0.211991 0.549965 0.261028 0.021207
0 0.384174 0.549452 0.062093 0.022232
1 0.436681 0.535325 0.014706 0.011364
0 0.213830 0.509863 0.264706 0.018653
0 0.444123 0.509773 0.181176 0.018832
3 0.578681 0.511653 0.080882 0.022232
3 0.855167 0.509773 0.232029 0.018832
0 0.678450 0.510256 0.107842 0.017866
1 0.436681 0.552039 0.014706 0.011364
1 0.495505 0.552039 0.014706 0.011364
2 0.091180 0.464234 0.014706 0.011364
2 0.172064 0.464234 0.014706 0.011364
1 0.439049 0.185650 0.014706 0.011364
1 0.439049 0.165761 0.014706 0.011364
0 0.805739 0.185799 0.330884 0.022323
0 0.805739 0.148919 0.330884 0.022323
1 0.356629 0.185905 0.014706 0.011364
1 0.356631 0.166016 0.014706 0.011364
1 0.176480 0.185905 0.014706 0.011364
1 0.070038 0.351782 0.014706 0.011364
0 0.224411 0.367645 0.134175 0.015926
1 0.308458 0.367644 0.014706 0.011364
0 0.415154 0.367645 0.120652 0.015926
1 0.492446 0.367644 0.014706 0.011364
0 0.643838 0.367645 0.198797 0.015928
0 0.857938 0.367645 0.220141 0.015928
0 0.224411 0.386116 0.134175 0.013856
1 0.308458 0.386116 0.014706 0.011364
0 0.415154 0.386116 0.120652 0.013856
1 0.492446 0.386116 0.014706 0.011364
0 0.643838 0.386116 0.198797 0.013859
0 0.857938 0.386116 0.220141 0.013859
0 0.224411 0.404588 0.134175 0.015925
1 0.308458 0.404587 0.014706 0.011364
0 0.415154 0.404588 0.120652 0.015925
1 0.492446 0.404587 0.014706 0.011364
0 0.643838 0.404588 0.198797 0.015928
0 0.857938 0.404588 0.220141 0.015928
0 0.224411 0.424094 0.134175 0.015926
1 0.308458 0.424093 0.014706 0.011364
0 0.415154 0.424094 0.120652 0.015926
1 0.492446 0.424093 0.014706 0.011364
0 0.643838 0.424094 0.198797 0.015928
0 0.857938 0.424094 0.220141 0.015928
0 0.544708 0.738833 0.235289 0.022323
0 0.700347 0.738879 0.062093 0.022232
1 0.806696 0.740833 0.014706 0.011364
1 0.747873 0.740833 0.014706 0.011364
1 0.747873 0.724255 0.014706 0.011364
0 0.239565 0.739272 0.360296 0.021446
1 0.336108 0.724255 0.014706 0.011364
0 0.242318 0.620934 0.255511 0.018653
0 0.467923 0.620844 0.181386 0.018832
3 0.600024 0.622724 0.069118 0.022232
3 0.864563 0.620053 0.213237 0.017250
0 0.365484 0.667805 0.273895 0.018653
0 0.602423 0.667715 0.185670 0.018832
3 0.789806 0.669595 0.166670 0.022232
0 0.926242 0.667805 0.089879 0.018653
0 0.695445 0.621327 0.107842 0.017866
2 0.124268 0.654101 0.014706 0.011364
2 0.124268 0.674341 0.014706 0.011364
0 0.218426 0.877551 0.270217 0.018653
0 0.453217 0.877461 0.181386 0.018832
3 0.592673 0.879341 0.069118 0.022232
3 0.864563 0.876670 0.213237 0.017250
0 0.345261 0.924424 0.314340 0.018653
0 0.602423 0.924334 0.185670 0.018832
3 0.789806 0.926213 0.166670 0.022232
0 0.926242 0.924424 0.089879 0.018653
0 0.691767 0.877944 0.107841 0.017866
2 0.093023 0.912750 0.014706 0.011364
2 0.093023 0.931082 0.014706 0.011364
0 0.292111 0.183611 0.099088 0.028968
0 0.110114 0.183611 0.099088 0.028968
0 0.876805 0.949969 0.188747 0.017261