0 0.211544 0.971055 0.272811 0.020615
0 0.681594 0.970765 0.125776 0.020615
0 0.894971 0.970765 0.156686 0.020615
2 0.071500 0.174054 0.018890 0.014597
0 0.505172 0.200776 0.906751 0.036170
2 0.071500 0.229977 0.018890 0.014597
0 0.505172 0.260813 0.906751 0.042625
2 0.071500 0.293613 0.018890 0.014597
0 0.505172 0.323431 0.906751 0.041335
0 0.302219 0.375567 0.499873 0.027778
0 0.765295 0.375567 0.400286 0.027778
0 0.302219 0.432641 0.499873 0.053428
0 0.765295 0.430717 0.400286 0.053429
4 0.301389 0.490256 0.498212 0.022448
0 0.765295 0.489394 0.400286 0.025854
2 0.084901 0.582472 0.023742 0.018346
2 0.084901 0.608367 0.023742 0.018346
2 0.084901 0.630407 0.023742 0.018346
0 0.302219 0.672537 0.499873 0.027778
0 0.765295 0.672537 0.400286 0.027778
0 0.302219 0.729610 0.499873 0.053429
0 0.765295 0.730212 0.400286 0.053428
4 0.302228 0.789071 0.501782 0.025528
0 0.765295 0.787465 0.400286 0.025854
5 0.362147 0.828968 0.133415 0.020121
5 0.504057 0.828968 0.133415 0.020121
5 0.647627 0.828968 0.133413 0.020121