1 0.908278 0.608725 0.014706 0.011364
1 0.724451 0.624499 0.014706 0.011364
1 0.908278 0.625769 0.014706 0.011364
2 0.071203 0.193375 0.014706 0.011364
2 0.071203 0.214682 0.014706 0.011364
2 0.071203 0.235989 0.014706 0.011364
2 0.512778 0.193375 0.014706 0.011364
2 0.512778 0.223914 0.014706 0.011364
0 0.581859 0.261681 0.778644 0.022975
2 0.824350 0.284037 0.014706 0.011364
2 0.652283 0.284037 0.014706 0.011364
0 0.530005 0.335513 0.882353 0.018771
0 0.217505 0.573213 0.257353 0.018653
0 0.443180 0.573123 0.173650 0.018832
3 0.576588 0.575003 0.074343 0.022232
3 0.853333 0.573123 0.232029 0.018832
0 0.676617 0.573606 0.107842 0.017866
0 0.217505 0.523563 0.257353 0.017566
0 0.472591 0.522930 0.232474 0.018832
0 0.217506 0.625612 0.257355 0.021896
0 0.387401 0.619642 0.062093 0.033837
1 0.439049 0.596787 0.014706 0.011364
1 0.439049 0.624251 0.014706 0.011364
1 0.494194 0.624251 0.014706 0.011364
2 0.376975 0.647673 0.014706 0.011364
2 0.441466 0.647673 0.014706 0.011364
0 0.806971 0.648044 0.328422 0.022975
0 0.836551 0.476969 0.266279 0.017047
2 0.100828 0.389843 0.014706 0.011364
2 0.100828 0.411626 0.014706 0.011364
2 0.100828 0.433408 0.014706 0.011364
2 0.512778 0.433408 0.014706 0.011364
2 0.512778 0.390873 0.014706 0.011364
2 0.512778 0.411626 0.014706 0.011364
2 0.100828 0.455187 0.014706 0.011364
2 0.512778 0.455187 0.014706 0.011364
2 0.100828 0.476970 0.014706 0.011364
2 0.512778 0.476970 0.014706 0.011364
0 0.826743 0.624945 0.108180 0.022327
0 0.667418 0.623345 0.085582 0.022519
0 0.876805 0.949979 0.188747 0.017261