0 0.873341 0.941713 0.188747 0.017261
0 0.170848 0.509535 0.220389 0.022323
0 0.321079 0.509581 0.062093 0.022232
1 0.071278 0.478695 0.014706 0.011364
1 0.071278 0.463227 0.014706 0.011364
0 0.478749 0.509535 0.222224 0.022323
0 0.630708 0.510320 0.062093 0.020755
0 0.782268 0.509535 0.214882 0.022323
0 0.937501 0.509581 0.066175 0.022232
1 0.378261 0.478695 0.014706 0.011364
1 0.378261 0.463227 0.014706 0.011364
1 0.685451 0.478695 0.014706 0.011364
1 0.685451 0.463227 0.014706 0.011364
0 0.104433 0.173126 0.087559 0.022323
1 0.181052 0.172942 0.014706 0.011364
0 0.275741 0.173126 0.080884 0.022323
1 0.376636 0.157144 0.014706 0.011364
1 0.376632 0.174210 0.014706 0.011364
2 0.468145 0.157144 0.014706 0.011364
2 0.468142 0.173561 0.014706 0.011364
2 0.593142 0.157780 0.014706 0.011364
2 0.593139 0.174198 0.014706 0.011364
0 0.875075 0.174613 0.191026 0.015999
0 0.207618 0.218540 0.293928 0.018653
0 0.453437 0.218450 0.183011 0.018832
3 0.592080 0.220330 0.069118 0.022232
3 0.863970 0.218450 0.213237 0.018832
0 0.691174 0.218933 0.107842 0.017866
0 0.600908 0.389663 0.183825 0.017136
0 0.170853 0.388905 0.220399 0.018653
0 0.397873 0.388815 0.207531 0.018832
3 0.739787 0.390695 0.067819 0.022232
1 0.071276 0.428346 0.014706 0.011364
1 0.171779 0.428346 0.014706 0.011364
1 0.255949 0.428346 0.014706 0.011364
1 0.356453 0.428346 0.014706 0.011364
1 0.518593 0.428346 0.014706 0.011364
0 0.840195 0.424664 0.260786 0.017888
0 0.207618 0.592695 0.293928 0.018653
0 0.453442 0.592605 0.183011 0.018832
3 0.592080 0.594485 0.069118 0.022232
3 0.863970 0.592605 0.213237 0.018832
0 0.692610 0.593088 0.107842 0.017866
0 0.327710 0.545499 0.534113 0.022323
1 0.613288 0.546561 0.014706 0.011364
0 0.847431 0.390702 0.121320 0.021947
1 0.926069 0.391102 0.014706 0.011364
0 0.217833 0.292652 0.270217 0.018653
0 0.452624 0.292563 0.181386 0.018832
3 0.592080 0.294442 0.069118 0.022232
3 0.863970 0.291772 0.213237 0.017250
0 0.344668 0.339523 0.314340 0.018653
0 0.601830 0.339434 0.185670 0.018832
3 0.789212 0.341313 0.166670 0.022232
0 0.925649 0.339523 0.089879 0.018653
0 0.691174 0.293046 0.107842 0.017866
0 0.217833 0.667652 0.270217 0.018653
0 0.452624 0.667563 0.181386 0.018832
3 0.592080 0.669442 0.069118 0.022232
3 0.863970 0.666772 0.213237 0.017250
0 0.691174 0.668045 0.107842 0.017866
2 0.092430 0.329298 0.014706 0.011364
2 0.092430 0.343384 0.014706 0.011364
0 0.344668 0.716020 0.314340 0.018653
0 0.601830 0.715930 0.185670 0.018832
3 0.789212 0.717809 0.166670 0.022232
0 0.925649 0.716020 0.089879 0.018653
2 0.092430 0.705794 0.014706 0.011364
2 0.092430 0.719880 0.014706 0.011364