0 0.407407 0.333664 0.274618 0.018832
3 0.589053 0.335543 0.070538 0.022232
3 0.805743 0.333664 0.330884 0.018832
0 0.743860 0.287309 0.207109 0.018744
0 0.187176 0.287309 0.288606 0.018744
3 0.913792 0.289099 0.114789 0.022323
0 0.485280 0.287309 0.280639 0.018744
3 0.234049 0.242741 0.382353 0.022232
3 0.209234 0.384788 0.332724 0.022232
3 0.560941 0.384788 0.335294 0.022232
1 0.216443 0.336245 0.014706 0.011364
1 0.054518 0.154004 0.014706 0.011364
1 0.224454 0.154004 0.014706 0.011364
1 0.224454 0.171889 0.014706 0.011364
1 0.224454 0.136119 0.014706 0.011364
1 0.054518 0.171889 0.014706 0.011364
1 0.054518 0.136119 0.014706 0.011364
1 0.054518 0.189777 0.014706 0.011364
1 0.224454 0.189777 0.014706 0.011364
1 0.505500 0.137379 0.014706 0.011364
1 0.505500 0.154004 0.014706 0.011364
1 0.505500 0.171889 0.014706 0.011364
1 0.505500 0.189777 0.014706 0.011364
1 0.675435 0.154004 0.014706 0.011364
1 0.675435 0.137379 0.014706 0.011364
1 0.675435 0.171889 0.014706 0.011364
1 0.675435 0.189777 0.014706 0.011364
0 0.120632 0.335983 0.155224 0.022327
2 0.126747 0.508653 0.014706 0.011364
2 0.069239 0.508653 0.014706 0.011364
1 0.849734 0.530360 0.014706 0.011364
3 0.912645 0.471120 0.112747 0.022412
0 0.743530 0.469813 0.209152 0.017866
0 0.195324 0.469420 0.276142 0.018653
0 0.480867 0.469330 0.272060 0.018832
1 0.386913 0.438528 0.014706 0.011364
1 0.527163 0.438528 0.014706 0.011364
0 0.763204 0.569352 0.202618 0.018653
0 0.523886 0.569352 0.261436 0.018653
0 0.231071 0.569360 0.299426 0.018635
3 0.921592 0.571052 0.098114 0.022412
1 0.327273 0.607995 0.014706 0.011364
1 0.511093 0.607995 0.014706 0.011364
1 0.511096 0.592519 0.014706 0.011364
2 0.093343 0.605472 0.014706 0.011364
2 0.149685 0.605472 0.014706 0.011364
0 0.763204 0.640372 0.202618 0.018653
0 0.523886 0.640372 0.261436 0.018653
0 0.231071 0.640756 0.299426 0.017884
3 0.921592 0.642072 0.098114 0.022412
1 0.327273 0.679015 0.014706 0.011364
1 0.511093 0.679015 0.014706 0.011364
1 0.511096 0.663539 0.014706 0.011364
2 0.093343 0.676492 0.014706 0.011364
2 0.149685 0.676492 0.014706 0.011364
0 0.763204 0.711395 0.202618 0.018653
0 0.523886 0.711395 0.261436 0.018653
0 0.231071 0.711599 0.299426 0.018244
3 0.921592 0.713095 0.098114 0.022412
1 0.327273 0.750039 0.014706 0.011364
1 0.511093 0.750039 0.014706 0.011364
1 0.511096 0.734563 0.014706 0.011364
2 0.093343 0.747515 0.014706 0.011364
2 0.149685 0.747515 0.014706 0.011364
0 0.763204 0.782415 0.202618 0.018653
0 0.523886 0.782415 0.261436 0.018653
0 0.231071 0.782619 0.299426 0.018244
3 0.921592 0.784115 0.098114 0.022412
1 0.327273 0.821059 0.014706 0.011364
1 0.511096 0.805583 0.014706 0.011364
1 0.511093 0.821059 0.014706 0.011364
2 0.093343 0.818535 0.014706 0.011364
2 0.149685 0.818535 0.014706 0.011364
0 0.790505 0.603443 0.361111 0.018653
0 0.790505 0.674276 0.361111 0.018653
0 0.790505 0.745300 0.361111 0.018653
0 0.790505 0.817773 0.361111 0.018653
0 0.441343 0.605800 0.095582 0.022327
0 0.254537 0.676344 0.110296 0.022327
0 0.441343 0.746888 0.095582 0.022327
0 0.254537 0.819688 0.110296 0.022327
0 0.441343 0.819688 0.095582 0.022327
0 0.254537 0.746888 0.110296 0.022327
0 0.441343 0.676344 0.095582 0.022327
0 0.254537 0.605800 0.110296 0.022327
0 0.876805 0.949979 0.188747 0.017261