0 0.216290 0.118455 0.328678 0.017045
0 0.470825 0.119179 0.135784 0.017045
0 0.645050 0.117917 0.171325 0.017045
1 0.746670 0.120837 0.014542 0.012753
1 0.794137 0.120822 0.015523 0.013258
1 0.853165 0.120980 0.015523 0.013258
1 0.911784 0.120568 0.015523 0.013889
0 0.293823 0.156110 0.485704 0.017045
0 0.294640 0.190516 0.487338 0.017045
1 0.549448 0.159095 0.015523 0.014773
1 0.608271 0.159095 0.015523 0.014773
1 0.667095 0.159095 0.015523 0.014773
0 0.858671 0.157011 0.199021 0.017045
1 0.548631 0.196721 0.015523 0.013889
1 0.795524 0.196090 0.015523 0.013889
1 0.039810 0.226835 0.015523 0.012879
1 0.146671 0.226645 0.015522 0.012247
0 0.518821 0.224292 0.300982 0.017045
0 0.892414 0.224246 0.137665 0.017045
1 0.039319 0.242428 0.015523 0.013510
0 0.294445 0.292298 0.480803 0.017045
0 0.766993 0.292298 0.403678 0.017045
0 0.218425 0.330418 0.324757 0.017045
0 0.475575 0.330513 0.126634 0.017045
0 0.633378 0.329881 0.145998 0.017045
1 0.755698 0.332808 0.015523 0.013510
1 0.804472 0.333235 0.015523 0.013889
0 0.921168 0.330244 0.100817 0.017045
0 0.296857 0.368706 0.481620 0.017045
0 0.297265 0.406900 0.482437 0.017045
1 0.549815 0.371318 0.015523 0.013510
1 0.609456 0.371003 0.015523 0.014141
1 0.668279 0.371003 0.015523 0.014141
0 0.871916 0.367713 0.199021 0.017045
1 0.548998 0.408313 0.015523 0.013889
1 0.794748 0.408187 0.015523 0.013889
1 0.039360 0.438742 0.015523 0.012247
1 0.147855 0.439184 0.015523 0.014141
0 0.519811 0.434994 0.300982 0.017045
0 0.894632 0.435578 0.138482 0.017045
1 0.039687 0.454652 0.015523 0.014773
0 0.296499 0.505496 0.479986 0.017045
0 0.765779 0.505496 0.409397 0.017045
0 0.218120 0.542326 0.323123 0.017045
0 0.474861 0.541788 0.127451 0.017045
0 0.650025 0.542419 0.177453 0.017045
1 0.755206 0.545024 0.015523 0.013510
1 0.803982 0.545451 0.015523 0.013889
0 0.915962 0.542783 0.095915 0.017045
0 0.296960 0.581244 0.482436 0.017045
0 0.295734 0.618807 0.483253 0.017045
1 0.549324 0.582903 0.015523 0.014773
1 0.607330 0.583534 0.015523 0.014773
1 0.666971 0.582903 0.015523 0.014773
0 0.868344 0.580884 0.195753 0.017045
1 0.548507 0.620529 0.015523 0.013889
1 0.793441 0.621034 0.015523 0.013889
1 0.038869 0.651701 0.015523 0.013732
1 0.146547 0.651716 0.015522 0.014773
0 0.519099 0.648795 0.300165 0.017045
0 0.893917 0.648117 0.137665 0.017045
1 0.039196 0.666236 0.015523 0.014773
0 0.296602 0.717404 0.484070 0.017045
0 0.741372 0.718035 0.354660 0.017045
0 0.214035 0.754447 0.319855 0.017045
0 0.473840 0.755172 0.126225 0.017045
0 0.651864 0.755172 0.181946 0.017045
1 0.756023 0.757145 0.015523 0.013510
1 0.803982 0.757572 0.015523 0.013889
0 0.918413 0.755535 0.095915 0.017045
0 0.295326 0.793365 0.484070 0.017045
0 0.295326 0.830297 0.484070 0.017045
1 0.548507 0.795655 0.015523 0.014773
1 0.607330 0.795655 0.015523 0.014773
1 0.666154 0.795024 0.015523 0.014773
0 0.858540 0.792058 0.179413 0.017045
1 0.549324 0.833282 0.015523 0.013889
1 0.794258 0.832524 0.015523 0.013889
1 0.038869 0.870655 0.017157 0.012248
1 0.147364 0.871413 0.015522 0.014773
0 0.519099 0.868492 0.300165 0.017045
0 0.892283 0.867815 0.137665 0.017046
1 0.039196 0.886565 0.015523 0.014773
0 0.296602 0.929525 0.484070 0.017045
0 0.744640 0.930788 0.354660 0.017045
5 0.332722 0.975856 0.118873 0.035038
3 0.523878 0.972745 0.153708 0.015922