0 0.132353 0.297069 0.129412 0.023264
0 0.352941 0.297069 0.273529 0.023264
0 0.573529 0.297069 0.129412 0.023264
0 0.794118 0.297069 0.273529 0.023264
0 0.132353 0.329725 0.129412 0.023264
0 0.352941 0.329725 0.273529 0.023264
0 0.573529 0.329725 0.129412 0.023264
0 0.794118 0.329725 0.273529 0.023264
0 0.132353 0.362380 0.129412 0.023264
0 0.352941 0.362380 0.273529 0.023264
0 0.573529 0.362380 0.129412 0.023264
0 0.794118 0.362380 0.273529 0.023264
0 0.132353 0.395036 0.129412 0.023264
0 0.352941 0.395036 0.273529 0.023264
0 0.573529 0.395036 0.129412 0.023264
0 0.794118 0.395036 0.273529 0.023264
0 0.132353 0.427691 0.129412 0.023264
0 0.352941 0.427691 0.273529 0.023264
0 0.573529 0.427691 0.129412 0.023264
0 0.794118 0.427691 0.273529 0.023264
0 0.132353 0.613912 0.129412 0.023264
0 0.279412 0.613912 0.129412 0.023264
0 0.500000 0.613912 0.276471 0.023264
0 0.794118 0.613912 0.273529 0.023264
0 0.132353 0.646567 0.129412 0.023264
0 0.279412 0.646567 0.129412 0.023264
0 0.500000 0.646567 0.276471 0.023264
0 0.794118 0.646567 0.273529 0.023264
0 0.132353 0.679223 0.129412 0.023264
0 0.279412 0.679223 0.129412 0.023264
0 0.500000 0.679223 0.276471 0.023264
0 0.794118 0.679223 0.273529 0.023264
0 0.132353 0.711878 0.129412 0.023264
0 0.279412 0.711878 0.129412 0.023264
0 0.500000 0.711878 0.276471 0.023264
0 0.794118 0.711878 0.273529 0.023264
0 0.132353 0.744534 0.129412 0.023264
0 0.279412 0.744534 0.129412 0.023264
0 0.500000 0.744534 0.276471 0.023264
0 0.794118 0.744534 0.273529 0.023264
0 0.132353 0.777189 0.129412 0.023264
0 0.279412 0.777189 0.129412 0.023264
0 0.500000 0.777189 0.276471 0.023264
0 0.794118 0.777189 0.273529 0.023264
0 0.132353 0.809845 0.129412 0.023264
0 0.279412 0.809845 0.129412 0.023264
0 0.500000 0.809845 0.276471 0.023264
0 0.794118 0.809845 0.273529 0.023264