0 0.683582 0.488880 0.107841 0.018705
0 0.684171 0.603790 0.107842 0.018705
0 0.646529 0.247412 0.638809 0.014912
1 0.270876 0.248298 0.016340 0.012626
0 0.311723 0.436450 0.448531 0.018617
0 0.756384 0.436189 0.424497 0.019140
0 0.311723 0.548139 0.448531 0.018705
0 0.756384 0.547921 0.424497 0.019140
2 0.071626 0.382970 0.016340 0.012626
2 0.149699 0.382970 0.016340 0.012626
0 0.150399 0.248301 0.183150 0.022388
0 0.189340 0.300599 0.261033 0.018771
0 0.432695 0.300510 0.205567 0.018951
3 0.578886 0.302389 0.074343 0.022351
3 0.848860 0.302308 0.225966 0.022513
0 0.676088 0.300992 0.107804 0.017985
3 0.855495 0.603725 0.217225 0.018832
3 0.586074 0.605605 0.069118 0.022232
0 0.440337 0.603667 0.194539 0.018951
0 0.211541 0.603934 0.250000 0.018418
3 0.855495 0.487978 0.217225 0.018832
3 0.586074 0.489857 0.069118 0.022232
0 0.440337 0.488037 0.194539 0.018951
0 0.211541 0.488304 0.250000 0.018418
2 0.672438 0.122835 0.017974 0.013889
2 0.737190 0.122839 0.017974 0.013889