2 0.092121 0.198969 0.014706 0.011364
2 0.158299 0.198969 0.014706 0.011364
3 0.145259 0.427900 0.128583 0.016107
0 0.357631 0.427900 0.286899 0.016107
0 0.653812 0.427900 0.296203 0.016107
0 0.860721 0.427900 0.108350 0.016105
1 0.927833 0.427899 0.014706 0.011364
3 0.145259 0.447585 0.128583 0.016107
0 0.357631 0.447585 0.286899 0.016107
0 0.653812 0.447585 0.296203 0.016107
0 0.860721 0.447585 0.108350 0.016105
1 0.927833 0.447585 0.014706 0.011364
3 0.145259 0.467271 0.128583 0.016107
0 0.357631 0.467271 0.286899 0.016107
0 0.653812 0.467271 0.296203 0.016107
0 0.860721 0.467271 0.108350 0.016105
1 0.927833 0.467270 0.014706 0.011364
3 0.145259 0.486956 0.128583 0.016107
0 0.357631 0.486956 0.286899 0.016107
0 0.653812 0.486956 0.296203 0.016107
0 0.860721 0.486956 0.108350 0.016105
1 0.927833 0.486956 0.014706 0.011364
1 0.320194 0.150790 0.014706 0.011364
0 0.668792 0.152900 0.602252 0.022388
0 0.525033 0.292340 0.887869 0.018653
2 0.093088 0.526327 0.014706 0.011364
2 0.297606 0.526327 0.014706 0.011364
0 0.524118 0.577622 0.886031 0.018771
2 0.830828 0.600006 0.014706 0.011364
2 0.892590 0.600006 0.014706 0.011364
2 0.829464 0.625256 0.014706 0.011364
2 0.893954 0.625256 0.014706 0.011364
1 0.094922 0.218567 0.014706 0.011364
1 0.726531 0.665948 0.014706 0.011364
1 0.909757 0.647616 0.014706 0.011364
1 0.909492 0.665948 0.014706 0.011364
1 0.726551 0.703826 0.014706 0.011364
1 0.909773 0.685948 0.014706 0.011364
1 0.909510 0.703826 0.014706 0.011364
1 0.503489 0.647619 0.014706 0.011364
1 0.503489 0.685498 0.014706 0.011364
2 0.090632 0.766269 0.014706 0.011364
2 0.152394 0.766269 0.014706 0.011364
0 0.579874 0.770895 0.767160 0.016347
0 0.195382 0.342031 0.228559 0.017999
3 0.575046 0.343748 0.074343 0.021725
3 0.852707 0.341555 0.233863 0.018951
0 0.675093 0.342038 0.107804 0.017985
0 0.425957 0.342031 0.211765 0.017999
0 0.817172 0.701162 0.084877 0.022391
0 0.667185 0.701129 0.108180 0.022327
0 0.817172 0.664226 0.084877 0.022391
0 0.667185 0.664194 0.108180 0.022327
0 0.185075 0.151588 0.247990 0.022391
0 0.876805 0.949969 0.188747 0.017261