0 0.766629 0.207051 0.371330 0.036364
0 0.821815 0.050357 0.244095 0.016106
0 0.821815 0.078777 0.244095 0.016106
0 0.168766 0.112849 0.229412 0.016106
0 0.394118 0.112849 0.185271 0.016106
0 0.574971 0.112885 0.132410 0.016106
0 0.733580 0.112849 0.141176 0.016106
0 0.893237 0.112849 0.121176 0.016106
0 0.243334 0.154224 0.378547 0.036364
0 0.622025 0.154259 0.347059 0.036364
0 0.835317 0.163994 0.052941 0.016106
1 0.897433 0.162226 0.016340 0.012626
1 0.937823 0.162226 0.016340 0.012626
0 0.180088 0.194309 0.015294 0.016106
0 0.212881 0.194309 0.015294 0.016106
0 0.455678 0.193880 0.015294 0.016106
0 0.488842 0.193880 0.015294 0.016106
0 0.523209 0.193880 0.015294 0.016106
0 0.555168 0.193880 0.015294 0.016106
0 0.155766 0.268147 0.203706 0.016106
0 0.510931 0.268147 0.117647 0.016106
0 0.661951 0.268147 0.161974 0.016106
0 0.871029 0.268147 0.152562 0.016106
0 0.502431 0.477989 0.897036 0.146528
0 0.498332 0.321153 0.888652 0.016106
1 0.253570 0.351525 0.016340 0.012626
0 0.200972 0.921547 0.294118 0.016106
0 0.712505 0.921547 0.152199 0.016106
0 0.866284 0.921547 0.121176 0.016106
1 0.195812 0.586063 0.016340 0.012626
1 0.385206 0.586063 0.016340 0.012626
1 0.599657 0.586063 0.016340 0.012626
1 0.695163 0.586063 0.016340 0.012626
1 0.260056 0.634681 0.016340 0.012626
1 0.319342 0.634681 0.016340 0.012626
1 0.377425 0.634681 0.016340 0.012626
1 0.434673 0.634609 0.016340 0.012626
1 0.505307 0.634609 0.016340 0.012626
1 0.505307 0.656785 0.016340 0.012626
1 0.689560 0.635205 0.016340 0.012626
1 0.689560 0.656785 0.016340 0.012626
1 0.081454 0.713879 0.016340 0.012626
1 0.423186 0.713879 0.016340 0.012626
0 0.690462 0.718898 0.121176 0.016106
1 0.081454 0.757860 0.016340 0.012626
1 0.081454 0.775141 0.016340 0.012626
1 0.645047 0.757572 0.016340 0.012626
1 0.645047 0.776866 0.016340 0.012626
0 0.501227 0.838948 0.894627 0.078182
0 0.354933 0.268147 0.173042 0.016106
0 0.800996 0.343343 0.283325 0.015963
0 0.800996 0.362277 0.283325 0.015963
0 0.492658 0.922011 0.274526 0.016106