0 0.276086 0.219729 0.490897 0.020289
0 0.624703 0.219460 0.196606 0.020833
0 0.859418 0.219459 0.219889 0.020832
0 0.485111 0.389914 0.489667 0.020295
0 0.841934 0.390388 0.192926 0.020833
0 0.426899 0.463778 0.141456 0.020833
0 0.258600 0.502604 0.450451 0.020295
0 0.259825 0.540482 0.450451 0.020295
0 0.258600 0.579308 0.450451 0.020295
0 0.884460 0.463596 0.141456 0.020833
0 0.727596 0.502422 0.450451 0.020295
0 0.728822 0.540302 0.450451 0.020295
0 0.727596 0.579128 0.450451 0.020295
0 0.634192 0.924165 0.216211 0.020833
0 0.819854 0.924480 0.141456 0.020833