0 0.279212 0.603664 0.441176 0.017566
0 0.738363 0.603031 0.464052 0.018832
0 0.544115 0.639919 0.235289 0.022323
0 0.699754 0.639965 0.062093 0.022232
0 0.202007 0.688368 0.286765 0.018653
0 0.443330 0.688278 0.181176 0.018832
3 0.577889 0.690158 0.080882 0.022232
3 0.854376 0.688278 0.232029 0.018832
0 0.678947 0.688761 0.107842 0.017866
0 0.202007 0.750863 0.286765 0.018653
0 0.443330 0.751209 0.181176 0.018832
3 0.577889 0.753088 0.080882 0.022232
3 0.854376 0.751209 0.232029 0.018832
0 0.676074 0.752205 0.107842 0.017866
1 0.806103 0.641918 0.014706 0.011364
1 0.747279 0.641918 0.014706 0.011364
1 0.747279 0.625340 0.014706 0.011364
0 0.202382 0.408698 0.286765 0.018653
0 0.443706 0.408608 0.181176 0.018832
3 0.578265 0.410487 0.080882 0.022232
3 0.854573 0.408608 0.232029 0.018832
0 0.676450 0.409091 0.107842 0.017866
0 0.873341 0.941713 0.188747 0.017261
0 0.180499 0.447116 0.242649 0.022323
0 0.343488 0.447162 0.062093 0.022232
1 0.394690 0.433346 0.014706 0.011364
1 0.394690 0.450078 0.014706 0.011364
1 0.449837 0.450078 0.014706 0.011364
0 0.238971 0.640358 0.360296 0.021446
1 0.335515 0.625340 0.014706 0.011364
0 0.832721 0.247502 0.268379 0.051138
1 0.356211 0.361299 0.014706 0.011364
1 0.438456 0.361299 0.014706 0.011364
1 0.438456 0.341409 0.014706 0.011364
0 0.108544 0.356547 0.099088 0.025068
1 0.176064 0.361299 0.014706 0.011364
1 0.356214 0.341410 0.014706 0.011364
0 0.295956 0.356547 0.099268 0.025068
0 0.805146 0.361447 0.330884 0.022323
0 0.805146 0.324568 0.330884 0.022323
2 0.070809 0.180057 0.014706 0.011364
2 0.070809 0.205154 0.014706 0.011364
2 0.070809 0.230250 0.014706 0.011364
2 0.070809 0.255343 0.014706 0.011364
2 0.383310 0.180057 0.014706 0.011364
2 0.383310 0.205150 0.014706 0.011364
2 0.383310 0.230249 0.014706 0.011364
2 0.383310 0.248242 0.014706 0.011364
2 0.688456 0.180057 0.014706 0.011364
2 0.688456 0.205150 0.014706 0.011364
0 0.217833 0.520265 0.270217 0.018653
0 0.452624 0.520175 0.181386 0.018832
3 0.592080 0.522054 0.069118 0.022232
3 0.863970 0.519384 0.213237 0.017250
0 0.344668 0.567137 0.314340 0.018653
0 0.601830 0.567047 0.185670 0.018832
3 0.789212 0.568927 0.166670 0.022232
0 0.925649 0.567137 0.089879 0.018653
0 0.691174 0.520658 0.107842 0.017866
2 0.092430 0.556904 0.014706 0.011364
2 0.092430 0.570998 0.014706 0.011364