0 0.209539 0.107014 0.326542 0.025050
0 0.494751 0.107014 0.200887 0.025119
0 0.747546 0.107014 0.223575 0.025050
0 0.156550 0.242597 0.230466 0.021631
0 0.313620 0.242597 0.052590 0.021631
0 0.387140 0.242597 0.052590 0.021631
0 0.464739 0.242597 0.052590 0.021631
0 0.676811 0.242597 0.052590 0.021631
0 0.601993 0.242597 0.052590 0.021631
0 0.528468 0.242597 0.052590 0.021631
0 0.846177 0.355651 0.236890 0.236557
0 0.156548 0.268071 0.230466 0.021631
0 0.464739 0.268071 0.052590 0.021631
0 0.387140 0.268071 0.052590 0.021631
0 0.313620 0.268071 0.052590 0.021631
0 0.676811 0.268071 0.052590 0.021631
0 0.601993 0.268071 0.052590 0.021631
0 0.528468 0.268071 0.052590 0.021631
0 0.156550 0.292933 0.230466 0.021631
0 0.464739 0.292933 0.052590 0.021631
0 0.387143 0.292933 0.052590 0.021631
0 0.313622 0.292933 0.052590 0.021631
0 0.676811 0.292933 0.052590 0.021631
0 0.601993 0.292933 0.052590 0.021631
0 0.528468 0.292933 0.052590 0.021631
0 0.156550 0.317721 0.230466 0.021631
0 0.464739 0.317721 0.052590 0.021631
0 0.387141 0.317721 0.052590 0.021631
0 0.313620 0.317721 0.052590 0.021631
0 0.676811 0.317722 0.052590 0.021631
0 0.601993 0.317722 0.052590 0.021631
0 0.528468 0.317722 0.052590 0.021631
0 0.156550 0.342357 0.230466 0.021631
0 0.464739 0.342357 0.052590 0.021631
0 0.387141 0.342303 0.052590 0.021520
0 0.313618 0.342359 0.052590 0.021631
0 0.676811 0.342357 0.052590 0.021631
0 0.601993 0.342357 0.052590 0.021631
0 0.528468 0.342357 0.052590 0.021631
0 0.156550 0.366096 0.230466 0.021631
0 0.464739 0.366096 0.052590 0.021631
0 0.387140 0.366096 0.052590 0.021631
0 0.313622 0.366096 0.052590 0.021631
0 0.676811 0.366096 0.052590 0.021631
0 0.601993 0.366096 0.052590 0.021631
0 0.528468 0.366096 0.052590 0.021631
0 0.464739 0.391856 0.052590 0.021631
0 0.387140 0.391856 0.052590 0.021631
0 0.313622 0.391856 0.052590 0.021631
0 0.464739 0.411138 0.052590 0.021631
0 0.395430 0.411138 0.069167 0.021631
0 0.318218 0.411138 0.061786 0.021631
0 0.465573 0.434347 0.052590 0.021879
0 0.395430 0.433494 0.069167 0.021631
0 0.318635 0.433494 0.062619 0.021631
0 0.465571 0.453659 0.052590 0.021631
0 0.395428 0.452929 0.069167 0.021631
0 0.318635 0.452929 0.062619 0.021631
0 0.676811 0.454516 0.052590 0.021631
0 0.610281 0.453789 0.069167 0.021631
0 0.533483 0.453789 0.062619 0.021631
0 0.465571 0.476350 0.052590 0.021631
0 0.395428 0.475623 0.069167 0.021631
0 0.318635 0.475623 0.062619 0.021631
0 0.155390 0.614825 0.230466 0.021631
0 0.676811 0.614825 0.052590 0.021631
0 0.601993 0.614825 0.052590 0.021631
0 0.528468 0.614825 0.052590 0.021631
0 0.464739 0.614825 0.052590 0.021631
0 0.387140 0.614825 0.052590 0.021631
0 0.313620 0.614825 0.052590 0.021631
0 0.843690 0.719388 0.236891 0.236557
0 0.155390 0.639413 0.230466 0.021631
0 0.676811 0.639413 0.052590 0.021631
0 0.601994 0.639413 0.052590 0.021631
0 0.528468 0.639413 0.052590 0.021631
0 0.464739 0.639413 0.052590 0.021631
0 0.387140 0.639413 0.052590 0.021631
0 0.313618 0.639413 0.052590 0.021631
0 0.155390 0.664003 0.230466 0.021631
0 0.676811 0.664003 0.052590 0.021631
0 0.601993 0.664003 0.052590 0.021631
0 0.528468 0.664003 0.052590 0.021631
0 0.464739 0.664003 0.052590 0.021631
0 0.387140 0.664003 0.052590 0.021631
0 0.313620 0.664003 0.052590 0.021631
0 0.155390 0.687803 0.230466 0.021631
0 0.676811 0.687803 0.052590 0.021631
0 0.601993 0.687803 0.052590 0.021631
0 0.528782 0.687975 0.053217 0.022189
0 0.464739 0.687803 0.052590 0.021631
0 0.387140 0.687803 0.052590 0.021631
0 0.313620 0.687803 0.052590 0.021631
0 0.155390 0.712355 0.230466 0.021631
0 0.676811 0.712355 0.052590 0.021631
0 0.601993 0.712355 0.052590 0.021631
0 0.529182 0.712634 0.053217 0.022189
0 0.465140 0.712355 0.052590 0.021631
0 0.387140 0.712355 0.052590 0.021631
0 0.313620 0.712355 0.052590 0.021631
0 0.154187 0.736979 0.230466 0.021631
0 0.676811 0.736980 0.052590 0.021631
0 0.601993 0.736980 0.052590 0.021631
0 0.527932 0.737258 0.053217 0.022189
0 0.463890 0.736979 0.052590 0.021631
0 0.385888 0.736980 0.052590 0.021631
0 0.313620 0.736980 0.052590 0.021631
0 0.463890 0.760602 0.052590 0.021631
0 0.394176 0.760601 0.069167 0.021631
0 0.318218 0.760601 0.061786 0.021631
0 0.464537 0.783465 0.052590 0.021879
0 0.394176 0.781397 0.069167 0.021631
0 0.318635 0.781397 0.062619 0.021631
0 0.675963 0.804779 0.052590 0.021631
0 0.609431 0.804051 0.069167 0.021631
0 0.532633 0.804051 0.062619 0.021631
0 0.463890 0.803921 0.052590 0.021631
0 0.394176 0.803193 0.069167 0.021631
0 0.318635 0.803193 0.062619 0.021631
0 0.463888 0.825717 0.052590 0.021631
0 0.394176 0.824989 0.069167 0.021631
0 0.318635 0.824989 0.062619 0.021631
0 0.496920 0.870420 0.918431 0.028521
0 0.459940 0.904934 0.406778 0.021631
0 0.812506 0.905297 0.240760 0.025053
5 0.339451 0.963898 0.132353 0.020000
5 0.497598 0.964636 0.132353 0.021475
5 0.655745 0.964636 0.132353 0.021475