0 0.873341 0.941713 0.188747 0.017261
2 0.699387 0.104867 0.014706 0.011364
2 0.762611 0.104867 0.014706 0.011364
1 0.543711 0.203923 0.014706 0.011364
0 0.292279 0.203806 0.466910 0.022323
0 0.279412 0.264676 0.441176 0.035986
0 0.736930 0.263574 0.441176 0.035986
0 0.279412 0.337438 0.441176 0.035986
0 0.736930 0.337438 0.441176 0.035986
1 0.543711 0.395849 0.014706 0.011364
0 0.292279 0.395731 0.466910 0.022323
0 0.279412 0.455499 0.441176 0.035986
0 0.736930 0.455499 0.441176 0.035986
0 0.279412 0.529363 0.441176 0.035986
0 0.736930 0.529363 0.441176 0.035986