0 0.209654 0.650930 0.017586 0.581932
0 0.209912 0.137254 0.017586 0.378498
0 0.207820 0.000000 0.019345 0.171219
0 0.255682 0.651962 0.017586 0.581931
0 0.302083 0.652779 0.017586 0.581931
0 0.255682 0.137458 0.017586 0.379724
0 0.255997 0.000000 0.017586 0.177520
0 0.302083 0.138072 0.017586 0.378500
0 0.302083 0.000000 0.017586 0.189773
1 0.356060 0.928924 0.014279 0.017766
1 0.356060 0.590687 0.014279 0.017766
1 0.337792 0.313123 0.014374 0.017768
1 0.338042 0.063287 0.012699 0.017972
1 0.355318 0.313021 0.014044 0.017768
1 0.355011 0.063287 0.014122 0.017972
0 0.345328 0.000000 0.033841 0.187091
1 0.372434 0.592271 0.014240 0.018175
1 0.372594 0.312753 0.014082 0.017765
0 0.494524 0.825674 0.037975 0.296571
0 0.501200 0.592831 0.019888 0.165440
0 0.501200 0.431678 0.019888 0.150735
0 0.501054 0.306494 0.020077 0.095384
0 0.501105 0.209987 0.019698 0.094935
1 0.497674 0.117186 0.025884 0.085580
1 0.497749 0.029105 0.025884 0.085172
1 0.497749 0.000000 0.025884 0.084763
1 0.497697 0.000000 0.025816 0.084848
0 0.523265 0.826083 0.037311 0.297388
0 0.530715 0.592831 0.018939 0.165440
0 0.530715 0.431985 0.018939 0.151350
0 0.530584 0.306820 0.018655 0.095384
0 0.530746 0.210069 0.018939 0.094771
1 0.525763 0.117137 0.026357 0.085580
1 0.525763 0.029105 0.026357 0.085172
1 0.525763 0.000000 0.026357 0.084763
1 0.525718 0.000000 0.026447 0.084848
0 0.553506 0.826083 0.039394 0.296571
0 0.558571 0.592831 0.018466 0.165440
0 0.558571 0.431985 0.018466 0.151350
0 0.558535 0.306453 0.018371 0.095384
0 0.558824 0.209967 0.018466 0.094567
1 0.554330 0.117137 0.026357 0.085580
1 0.554330 0.029310 0.026357 0.085172
1 0.554330 0.000000 0.026357 0.084763
1 0.554288 0.000000 0.026447 0.084848
0 0.580571 0.825981 0.037500 0.296775
0 0.587391 0.592587 0.018466 0.165441
0 0.587770 0.431985 0.018466 0.151350
0 0.587513 0.306431 0.018371 0.095588
0 0.587770 0.209967 0.018466 0.094567
1 0.582503 0.117239 0.026515 0.085784
1 0.582503 0.029105 0.026515 0.085172
1 0.582503 0.000000 0.026515 0.084763
1 0.582473 0.000000 0.026447 0.084848
0 0.610448 0.825675 0.042045 0.297386
0 0.614679 0.592320 0.019255 0.166052
0 0.614806 0.431781 0.019255 0.151350
0 0.614742 0.306351 0.019129 0.095342
0 0.614916 0.209762 0.018782 0.094567
1 0.610675 0.117239 0.026357 0.085784
1 0.610675 0.029105 0.026357 0.084763
1 0.610675 0.000000 0.026357 0.084967
1 0.610653 0.000000 0.026288 0.084848
1 0.662879 0.929574 0.014268 0.020301
1 0.662626 0.657987 0.013510 0.018954
0 0.659848 0.000000 0.018308 0.156699
0 0.695393 0.370711 0.038194 0.226105
0 0.702841 0.203675 0.015152 0.040033
0 0.702841 0.038806 0.015152 0.273691
0 0.700189 0.000000 0.015783 0.133987
5 0.731729 0.356234 0.029752 0.089840
5 0.741416 0.252907 0.029751 0.089840
5 0.752803 0.151119 0.029753 0.089840