2 0.071402 0.198702 0.014706 0.011364
2 0.071402 0.224282 0.014706 0.011364
2 0.071402 0.252910 0.014706 0.011364
2 0.071402 0.281540 0.014706 0.011364
2 0.380225 0.198702 0.014706 0.011364
2 0.380225 0.224282 0.014706 0.011364
2 0.380225 0.252910 0.014706 0.011364
2 0.380225 0.281540 0.014706 0.011364
2 0.689049 0.198702 0.014706 0.011364
2 0.689049 0.281544 0.014706 0.011364
0 0.513780 0.305857 0.908364 0.021972
0 0.279101 0.649558 0.441176 0.017566
0 0.738252 0.648925 0.464052 0.018832
0 0.544004 0.685813 0.235289 0.022323
0 0.699643 0.685859 0.062093 0.022232
0 0.201895 0.734262 0.286765 0.018653
0 0.443219 0.734172 0.181176 0.018832
3 0.577778 0.736052 0.080882 0.022232
3 0.854265 0.734172 0.232029 0.018832
0 0.678836 0.734655 0.107841 0.017866
1 0.805992 0.687812 0.014706 0.011364
1 0.747168 0.687812 0.014706 0.011364
1 0.747168 0.671235 0.014706 0.011364
0 0.202271 0.452337 0.286765 0.018653
0 0.443595 0.452247 0.181176 0.018832
3 0.578154 0.454126 0.080882 0.022232
3 0.854464 0.452247 0.232029 0.018832
0 0.676339 0.452730 0.107842 0.017866
0 0.180390 0.490756 0.242649 0.022323
0 0.343377 0.490802 0.062093 0.022232
1 0.394580 0.476986 0.014706 0.011364
1 0.394580 0.493717 0.014706 0.011364
1 0.449725 0.493717 0.014706 0.011364
1 0.511420 0.493932 0.014706 0.011364
0 0.238860 0.686252 0.360296 0.021446
1 0.335404 0.671235 0.014706 0.011364
1 0.356101 0.404938 0.014706 0.011364
1 0.438345 0.404938 0.014706 0.011364
1 0.438345 0.385049 0.014706 0.011364
1 0.175953 0.404938 0.014706 0.011364
1 0.356103 0.385049 0.014706 0.011364
0 0.805035 0.405086 0.330884 0.022323
0 0.805035 0.368207 0.330884 0.022323
0 0.217721 0.565407 0.270217 0.018653
0 0.452513 0.565318 0.181386 0.018832
3 0.591971 0.567197 0.069118 0.022232
3 0.863859 0.564527 0.213237 0.017250
0 0.344557 0.612280 0.314340 0.018653
0 0.601719 0.612190 0.185670 0.018832
3 0.789101 0.614070 0.166670 0.022232
0 0.925538 0.612280 0.089879 0.018653
0 0.691063 0.565801 0.107842 0.017866
2 0.092319 0.602047 0.014706 0.011364
2 0.092319 0.616140 0.014706 0.011364
1 0.876673 0.687812 0.014706 0.011364
0 0.294732 0.401474 0.099088 0.028968
0 0.112735 0.401474 0.099088 0.028968
0 0.217721 0.809237 0.270217 0.018653
0 0.452513 0.809147 0.181386 0.018832
3 0.591971 0.811027 0.069118 0.022232
3 0.863859 0.808356 0.213237 0.017250
0 0.344557 0.856109 0.314340 0.018653
0 0.601719 0.856020 0.185670 0.018832
3 0.789101 0.857899 0.166670 0.022232
0 0.925538 0.856109 0.089879 0.018653
0 0.691063 0.809630 0.107842 0.017866
2 0.092319 0.845876 0.014706 0.011364
2 0.092319 0.859970 0.014706 0.011364
0 0.876805 0.949969 0.188747 0.017261