1 0.126893 0.947306 0.015610 0.020199
1 0.145833 0.948123 0.015610 0.020199
1 0.177083 0.947306 0.015610 0.020199
1 0.219381 0.134803 0.015609 0.020201
1 0.219064 0.031861 0.015609 0.020199
1 0.259468 0.135621 0.015609 0.020200
1 0.258521 0.031453 0.015609 0.020199
0 0.298769 0.000000 0.017992 0.234069
0 0.337595 0.719364 0.020518 0.419120
1 0.341857 0.133985 0.015609 0.020199
1 0.340909 0.031044 0.015609 0.020199
0 0.371686 0.338236 0.017359 1.000000
0 0.392045 0.337623 0.022093 1.000000
0 0.432292 0.657477 0.022412 0.542894
0 0.599595 0.314726 0.015557 0.138889
0 0.599122 0.096791 0.016279 0.294526
0 0.600384 0.000000 0.016278 0.043301
0 0.600384 0.000000 0.016278 0.149510
0 0.636684 0.571262 0.018151 0.367732
0 0.678035 0.571466 0.020045 0.368957