0 0.352295 0.187152 0.641884 0.030000
0 0.823687 0.187152 0.292234 0.030000
0 0.261985 0.236379 0.461265 0.030606
0 0.733316 0.236379 0.473482 0.030606
2 0.048207 0.287067 0.013883 0.010727
2 0.179431 0.287067 0.013882 0.010727
2 0.306318 0.287067 0.013884 0.010727
0 0.733631 0.286465 0.474113 0.030606
2 0.051690 0.385444 0.018458 0.014264
0 0.073501 0.434851 0.059302 0.028750
0 0.145328 0.434851 0.041059 0.028750
0 0.226616 0.434851 0.079484 0.028750
2 0.049925 0.474417 0.018458 0.014263
0 0.364731 0.381911 0.119165 0.019802
1 0.306155 0.410962 0.017405 0.013451
0 0.522801 0.381378 0.117474 0.020288
0 0.523270 0.471078 0.117907 0.020289
0 0.710883 0.547545 0.109528 0.020909
0 0.858805 0.544647 0.075912 0.025152
0 0.710883 0.573341 0.109528 0.020909
0 0.858802 0.570126 0.075905 0.025152
0 0.710883 0.597874 0.109528 0.020909
0 0.858802 0.595606 0.075905 0.025151
0 0.710883 0.623670 0.109528 0.020909
0 0.858802 0.621086 0.075905 0.025152
0 0.710883 0.649466 0.109528 0.020909
0 0.858802 0.646566 0.075905 0.025152
0 0.858647 0.700623 0.075905 0.025152
4 0.228399 0.695723 0.238852 0.025928
0 0.492895 0.696619 0.137005 0.025152
1 0.080693 0.794668 0.014118 0.010909
1 0.080693 0.810205 0.014118 0.010909
1 0.080693 0.824785 0.014118 0.010909
0 0.499444 0.877187 0.937451 0.026028
0 0.257240 0.922814 0.451576 0.026027
0 0.628064 0.922814 0.289758 0.026027
0 0.871280 0.922814 0.194377 0.026027