0 0.295187 0.239167 0.465413 0.041818
0 0.746950 0.218288 0.377753 0.018336
0 0.693288 0.252186 0.270435 0.018336
0 0.291064 0.325015 0.451091 0.072593
0 0.599737 0.291070 0.083333 0.018336
0 0.732618 0.291070 0.128431 0.018336
0 0.877618 0.293551 0.123472 0.018336
0 0.751615 0.329650 0.387090 0.018336
0 0.750989 0.365609 0.385838 0.018336
1 0.063758 0.411346 0.016340 0.012626
2 0.534807 0.413748 0.016340 0.012626
2 0.677925 0.413501 0.016340 0.012626
1 0.063758 0.448207 0.016340 0.012626
2 0.534806 0.468713 0.016340 0.012626
2 0.677925 0.468755 0.016340 0.012626
1 0.063758 0.494042 0.016340 0.012626
0 0.503094 0.587588 0.876299 0.049049
4 0.253951 0.644821 0.373562 0.018336
0 0.614538 0.644821 0.237163 0.018336
0 0.829689 0.638535 0.123472 0.018336
2 0.063758 0.690766 0.016340 0.012626
2 0.063758 0.714332 0.016340 0.012626
0 0.503094 0.755190 0.876299 0.049049
4 0.374544 0.814021 0.614748 0.018336
0 0.825806 0.811410 0.123472 0.018336