2 0.093459 0.169881 0.014706 0.011364
2 0.283276 0.169881 0.014706 0.011364
1 0.907817 0.298615 0.014706 0.011364
1 0.907817 0.316947 0.014706 0.011364
1 0.496508 0.299878 0.014706 0.011364
0 0.524489 0.227041 0.886031 0.018771
2 0.831203 0.251005 0.014706 0.011364
2 0.892964 0.251005 0.014706 0.011364
2 0.892964 0.276255 0.014706 0.011364
2 0.831221 0.276255 0.014706 0.011364
1 0.717096 0.318217 0.014706 0.011364
1 0.717114 0.356095 0.014706 0.011364
1 0.907817 0.336493 0.014706 0.011364
1 0.907817 0.354825 0.014706 0.011364
1 0.496508 0.337755 0.014706 0.011364
2 0.831203 0.399681 0.014706 0.011364
2 0.892964 0.399681 0.014706 0.011364
0 0.526328 0.434429 0.889707 0.018771
0 0.806978 0.314856 0.084877 0.022391
0 0.654221 0.314824 0.102636 0.022327
0 0.806978 0.351792 0.084877 0.022391
0 0.654221 0.351760 0.102636 0.022327
0 0.876805 0.949969 0.188747 0.017261