1 0.070261 0.139213 0.020463 0.014492
1 0.070486 0.168064 0.019608 0.015152
1 0.070282 0.196316 0.019608 0.015152
0 0.153701 0.227194 0.220388 0.021852
0 0.152680 0.260782 0.220388 0.021854
1 0.306250 0.262807 0.019608 0.015152
1 0.423533 0.263782 0.019608 0.015152
0 0.568164 0.261323 0.069616 0.021855
0 0.773748 0.261097 0.334855 0.021853
0 0.272355 0.295849 0.453842 0.021852
0 0.272031 0.329812 0.458121 0.021853
0 0.271614 0.362768 0.457266 0.021852
1 0.070796 0.411870 0.019608 0.015152
1 0.071068 0.440298 0.020833 0.015152
1 0.453317 0.411855 0.019608 0.015152
1 0.452665 0.440298 0.019608 0.015152
0 0.861111 0.556812 0.220663 0.021854
1 0.784640 0.621701 0.019608 0.015151
1 0.858987 0.621543 0.019608 0.015152
1 0.934559 0.621859 0.019608 0.015152
1 0.784670 0.642893 0.019608 0.015152
1 0.858608 0.642893 0.019608 0.015152
1 0.934997 0.643051 0.019608 0.015152
1 0.784640 0.663534 0.019608 0.015152
1 0.858783 0.663219 0.019608 0.015152
1 0.935376 0.663534 0.019608 0.015152
1 0.784232 0.687199 0.019608 0.015152
1 0.858578 0.687199 0.019608 0.015152
1 0.934337 0.686568 0.019608 0.015152
1 0.783193 0.713083 0.019608 0.015152
1 0.857539 0.713715 0.019608 0.015152
1 0.933299 0.714346 0.019608 0.015152
1 0.782155 0.742755 0.019608 0.015152
1 0.856502 0.742124 0.019608 0.015152
1 0.933299 0.742124 0.019608 0.015152
1 0.782155 0.770533 0.019608 0.015152
1 0.856502 0.770533 0.019608 0.015152
1 0.933299 0.770533 0.019608 0.015152
1 0.782155 0.793891 0.019608 0.015152
1 0.856502 0.793891 0.019608 0.015152
1 0.933299 0.793260 0.019608 0.015152
1 0.782155 0.810553 0.019608 0.015152
1 0.857539 0.811184 0.019608 0.015152
1 0.934337 0.810553 0.019608 0.015152
1 0.783165 0.830804 0.019608 0.015152
1 0.855943 0.831640 0.019608 0.015152
1 0.934314 0.830833 0.019608 0.015152