0 0.458824 0.348130 0.073088 0.036023
0 0.458824 0.391312 0.073088 0.036023
0 0.458824 0.477676 0.073088 0.036023
0 0.336824 0.152739 0.317088 0.025053
0 0.719176 0.152739 0.317088 0.025053
0 0.458824 0.536766 0.073088 0.036023
0 0.458824 0.623130 0.073088 0.036023
0 0.458824 0.579948 0.073088 0.036023
0 0.458824 0.725403 0.073088 0.036023
0 0.458824 0.768585 0.073088 0.036023
0 0.870588 0.391312 0.073088 0.036023
0 0.870588 0.348130 0.073088 0.036023
0 0.870588 0.450403 0.073088 0.036023
0 0.870588 0.493585 0.073088 0.036023
0 0.870588 0.536766 0.073088 0.036023
0 0.870588 0.579948 0.073088 0.036023
0 0.870588 0.623130 0.073088 0.036023
0 0.870588 0.725403 0.073088 0.036023
0 0.870588 0.682221 0.073088 0.036023
0 0.870588 0.768585 0.073088 0.036023
0 0.870588 0.811766 0.073088 0.036023
0 0.870588 0.854948 0.073088 0.036023
0 0.458824 0.854948 0.073088 0.036023
0 0.458824 0.434490 0.073088 0.036023
0 0.458824 0.811763 0.073088 0.036023
0 0.458824 0.682221 0.073088 0.036023