2 0.703755 0.112279 0.014706 0.011364
2 0.767345 0.112279 0.014706 0.011364
3 0.288076 0.187703 0.454047 0.018744
0 0.289572 0.226532 0.457039 0.018744
1 0.694511 0.230332 0.014706 0.011364
1 0.908274 0.215808 0.014706 0.011364
1 0.908273 0.231596 0.014706 0.011364
2 0.139828 0.267186 0.014706 0.011364
2 0.073038 0.267186 0.014706 0.011364
0 0.651837 0.265397 0.638291 0.018654
2 0.759944 0.431155 0.014706 0.011364
2 0.696400 0.431155 0.014706 0.011364
3 0.288694 0.505727 0.453209 0.018744
1 0.908273 0.507330 0.014706 0.011364
0 0.336488 0.554364 0.548796 0.017412
3 0.797263 0.554364 0.347837 0.017412
0 0.206599 0.602763 0.289018 0.017207
0 0.484467 0.601950 0.252843 0.018832
0 0.730171 0.602433 0.209152 0.017866
3 0.912258 0.603740 0.117448 0.022412
0 0.288694 0.637348 0.453209 0.018744
1 0.908273 0.640215 0.014706 0.011364
2 0.138002 0.675278 0.014706 0.011364
2 0.074472 0.675278 0.014706 0.011364
3 0.277022 0.731867 0.382011 0.016422
0 0.541413 0.731867 0.137507 0.016419
1 0.620459 0.731868 0.014706 0.011364
0 0.743219 0.731867 0.126108 0.016419
1 0.823296 0.731868 0.014706 0.011364
1 0.880649 0.731868 0.014706 0.011364
3 0.277022 0.751867 0.382011 0.016422
0 0.541413 0.751867 0.137507 0.016419
1 0.620459 0.751867 0.014706 0.011364
0 0.743219 0.751867 0.126108 0.016419
1 0.823296 0.751867 0.014706 0.011364
1 0.880649 0.751867 0.014706 0.011364
3 0.277022 0.771867 0.382011 0.016422
0 0.541413 0.771867 0.137507 0.016419
1 0.620459 0.771867 0.014706 0.011364
0 0.743219 0.771867 0.126108 0.016419
1 0.823296 0.771867 0.014706 0.011364
1 0.880649 0.771867 0.014706 0.011364
3 0.277022 0.791867 0.382011 0.016422
0 0.541413 0.791867 0.137507 0.016419
1 0.620459 0.791867 0.014706 0.011364
0 0.743219 0.791867 0.126108 0.016419
1 0.823296 0.791867 0.014706 0.011364
1 0.880649 0.791867 0.014706 0.011364
3 0.277022 0.811867 0.382011 0.016422
0 0.541413 0.811867 0.137507 0.016419
1 0.620459 0.811868 0.014706 0.011364
0 0.743219 0.811867 0.126108 0.016419
1 0.823296 0.811868 0.014706 0.011364
1 0.880649 0.811868 0.014706 0.011364
3 0.277022 0.831867 0.382011 0.016422
0 0.541413 0.831867 0.137507 0.016419
1 0.621013 0.831867 0.014706 0.011364
0 0.743219 0.831867 0.126108 0.016419
1 0.823002 0.831867 0.014706 0.011364
1 0.880649 0.831867 0.014706 0.011364
0 0.594353 0.226894 0.135614 0.019475
0 0.820121 0.227579 0.125817 0.018105
0 0.710792 0.507492 0.362760 0.022371
0 0.713417 0.639114 0.362760 0.022371
3 0.288275 0.326790 0.454047 0.018744
0 0.289771 0.365619 0.457039 0.018744
1 0.694711 0.369419 0.014706 0.011364
1 0.908474 0.354895 0.014706 0.011364
1 0.908472 0.370683 0.014706 0.011364
2 0.140028 0.406273 0.014706 0.011364
2 0.073237 0.406273 0.014706 0.011364
0 0.652036 0.404484 0.638291 0.018654
0 0.594551 0.365981 0.135614 0.019475
0 0.820320 0.366666 0.125817 0.018105
0 0.876805 0.949969 0.188747 0.017261