1 0.070363 0.167298 0.019608 0.015152
1 0.070160 0.189867 0.019608 0.015152
1 0.069955 0.213068 0.019608 0.015152
0 0.168864 0.273359 0.220387 0.021853
0 0.167842 0.307607 0.220387 0.021853
1 0.320158 0.309501 0.019608 0.015152
1 0.422895 0.309817 0.019608 0.015152
0 0.752196 0.306452 0.432395 0.019447
0 0.280484 0.340751 0.453842 0.021854
0 0.280587 0.374053 0.453842 0.021854
0 0.279770 0.407671 0.453843 0.021854
1 0.070160 0.474432 0.019608 0.015152
1 0.268933 0.474432 0.020833 0.015152
1 0.548508 0.457229 0.019608 0.015152
1 0.548712 0.474432 0.019608 0.015152
0 0.855788 0.567551 0.203562 0.021854
1 0.785845 0.639678 0.019608 0.015152
1 0.860191 0.639520 0.019608 0.015152
1 0.935763 0.639836 0.019608 0.015152
1 0.785845 0.662247 0.019608 0.015152
1 0.859783 0.662247 0.019608 0.015152
1 0.936172 0.662405 0.019608 0.015152
1 0.785845 0.684817 0.019608 0.015152
1 0.859987 0.684501 0.019608 0.015152
1 0.936580 0.684817 0.019608 0.015152
1 0.785436 0.707702 0.019608 0.015152
1 0.859783 0.707702 0.019608 0.015152
1 0.936580 0.707071 0.019608 0.015152
1 0.785436 0.734091 0.019608 0.015152
1 0.859783 0.735480 0.019608 0.015152
1 0.936580 0.736111 0.019608 0.015152
1 0.785436 0.764520 0.019608 0.015152
1 0.859783 0.763889 0.019608 0.015152
1 0.936580 0.763889 0.019608 0.015152
1 0.785436 0.792298 0.019608 0.015152
1 0.859783 0.792298 0.019608 0.015152
1 0.936580 0.792298 0.019608 0.015152
1 0.785436 0.815657 0.019608 0.015152
1 0.859783 0.815657 0.019608 0.015152
1 0.936580 0.815025 0.019608 0.015152
1 0.785436 0.832071 0.019608 0.015152
1 0.859783 0.832702 0.019608 0.015152
1 0.936580 0.832071 0.019608 0.015152
1 0.786642 0.854726 0.019608 0.015152
1 0.859341 0.855068 0.019608 0.015152
1 0.935337 0.854052 0.019608 0.015152