0 0.100760 0.231006 0.127830 0.041667
0 0.215497 0.239892 0.091503 0.016836
0 0.311902 0.240057 0.091503 0.016836
0 0.438265 0.240898 0.159042 0.015994
0 0.589568 0.228733 0.138126 0.039645
0 0.709683 0.240216 0.092729 0.022727
0 0.804046 0.240216 0.092729 0.022727
0 0.909234 0.240216 0.111111 0.022727
0 0.101360 0.272673 0.129029 0.041667
0 0.216583 0.285931 0.091503 0.017677
0 0.313806 0.285931 0.089869 0.017677
0 0.439623 0.284668 0.151961 0.017677
0 0.589922 0.272042 0.138833 0.040404
0 0.710296 0.283461 0.091503 0.022727
0 0.803637 0.283461 0.092729 0.022727
0 0.908008 0.282514 0.111111 0.022727
0 0.101552 0.317077 0.128324 0.042088
0 0.217296 0.329410 0.091503 0.017677
0 0.312992 0.329283 0.090415 0.017677
0 0.438910 0.328860 0.151961 0.017677
0 0.589546 0.317077 0.140252 0.042088
0 0.710296 0.328325 0.091503 0.022177
0 0.804046 0.328600 0.092729 0.022727
0 0.908008 0.328600 0.111111 0.022727
0 0.099727 0.364476 0.129031 0.042929
0 0.215871 0.376838 0.091503 0.017677
0 0.313806 0.376838 0.089869 0.017677
0 0.440335 0.375576 0.151961 0.017677
0 0.589328 0.364086 0.137364 0.042929
0 0.710296 0.374054 0.091503 0.022727
0 0.802007 0.374054 0.093954 0.022727
0 0.908008 0.374370 0.111111 0.022727
0 0.101693 0.408383 0.130447 0.041245
0 0.216479 0.422689 0.091503 0.017677
0 0.312992 0.423664 0.090415 0.017677
0 0.438810 0.421980 0.152508 0.017677
0 0.588974 0.410196 0.136657 0.041245
0 0.710908 0.419193 0.092729 0.022727
0 0.803946 0.419744 0.093954 0.022727
0 0.908417 0.418246 0.111111 0.022727
0 0.100626 0.455360 0.129739 0.042932
0 0.215054 0.468144 0.091503 0.017677
0 0.312992 0.469119 0.090415 0.017677
0 0.438810 0.467436 0.152508 0.017679
0 0.588457 0.454809 0.138073 0.042932
0 0.710296 0.465595 0.091503 0.022727
0 0.804658 0.465595 0.093954 0.022727
0 0.909234 0.465830 0.111111 0.022727
0 0.101338 0.500265 0.129738 0.042929
0 0.215766 0.512886 0.091503 0.017677
0 0.312992 0.512891 0.090415 0.017677
0 0.438810 0.512891 0.152508 0.017677
0 0.585605 0.499163 0.138073 0.042929
0 0.709887 0.510734 0.091503 0.022727
0 0.804250 0.510576 0.093954 0.023674
0 0.909234 0.509471 0.111111 0.022727
0 0.100626 0.548665 0.128323 0.042931
0 0.215766 0.562129 0.091503 0.017677
0 0.312992 0.562554 0.090415 0.017678
0 0.438810 0.562554 0.152508 0.017678
0 0.589165 0.549927 0.139490 0.042931
0 0.710704 0.559660 0.091503 0.022727
0 0.803946 0.559660 0.091503 0.022727
0 0.908825 0.559660 0.111111 0.022727
4 0.232089 0.655381 0.391449 0.026447
0 0.537368 0.657910 0.189542 0.017677
0 0.798283 0.675357 0.319216 0.062670
0 0.235898 0.695612 0.387254 0.023081
0 0.535912 0.697739 0.195722 0.019051
1 0.050097 0.747767 0.029635 0.023312
1 0.050348 0.784341 0.030437 0.023503
4 0.334229 0.919208 0.595731 0.029380
0 0.795789 0.918949 0.305052 0.030074