0 0.873341 0.941713 0.188747 0.017261
0 0.179356 0.569072 0.241065 0.017566
0 0.426471 0.568439 0.235294 0.018832
0 0.197738 0.618214 0.277828 0.018653
0 0.447207 0.618124 0.188531 0.018832
3 0.584410 0.620004 0.065882 0.022232
3 0.854573 0.618124 0.232029 0.018832
0 0.677857 0.618607 0.107841 0.017866
2 0.092869 0.300890 0.014706 0.011364
2 0.150328 0.300890 0.014706 0.011364
0 0.211398 0.347892 0.261028 0.018653
0 0.447336 0.347802 0.188531 0.018832
3 0.584539 0.349682 0.065882 0.022232
3 0.854573 0.347802 0.232029 0.018832
0 0.677988 0.348285 0.107842 0.017866
0 0.174633 0.399032 0.187498 0.022323
0 0.316176 0.399077 0.073529 0.022232
1 0.372667 0.383615 0.014706 0.011364
1 0.372667 0.401992 0.014706 0.011364
1 0.427812 0.401992 0.014706 0.011364
0 0.202206 0.223590 0.286765 0.018653
0 0.443529 0.223501 0.181176 0.018832
3 0.579483 0.225380 0.078087 0.022232
3 0.854573 0.223501 0.232029 0.018832
0 0.677857 0.223984 0.107841 0.017866
0 0.150736 0.260302 0.183825 0.022323
0 0.295754 0.260347 0.076799 0.022232
1 0.353902 0.245739 0.014706 0.011364
1 0.353902 0.263264 0.014706 0.011364
1 0.409044 0.263264 0.014706 0.011364
0 0.154412 0.668852 0.191176 0.022323
0 0.295956 0.669756 0.077203 0.020515
1 0.353899 0.653061 0.014706 0.011364
1 0.353899 0.670564 0.014706 0.011364
1 0.409044 0.670564 0.014706 0.011364
1 0.438456 0.176042 0.014706 0.011364
1 0.438456 0.156152 0.014706 0.011364
0 0.805146 0.176189 0.330884 0.022323
0 0.805146 0.139311 0.330884 0.022323
1 0.356036 0.174879 0.014706 0.011364
1 0.356038 0.154990 0.014706 0.011364
0 0.295781 0.170125 0.099268 0.025068
1 0.175887 0.174879 0.014706 0.011364
0 0.108368 0.170125 0.099088 0.025068
0 0.239891 0.472122 0.255511 0.018653
0 0.465497 0.472032 0.181386 0.018832
3 0.597598 0.473912 0.069118 0.022232
3 0.862135 0.471241 0.213237 0.017250
0 0.363057 0.518994 0.273895 0.018653
0 0.599995 0.518905 0.185670 0.018832
3 0.787379 0.520784 0.166670 0.022232
0 0.923814 0.518994 0.089879 0.018653
0 0.693017 0.472515 0.107842 0.017866
2 0.121842 0.508761 0.014706 0.011364
2 0.121842 0.522855 0.014706 0.011364
0 0.217833 0.744993 0.270217 0.018653
0 0.452624 0.744903 0.181386 0.018832
3 0.586028 0.746783 0.069118 0.022232
3 0.854780 0.744112 0.231616 0.017250
0 0.344668 0.791864 0.314340 0.018653
0 0.601830 0.791775 0.185670 0.018832
3 0.789212 0.793654 0.166670 0.022232
0 0.925649 0.791864 0.089879 0.018653
0 0.677857 0.745386 0.107841 0.017866
2 0.092430 0.781631 0.014706 0.011364
2 0.092430 0.795725 0.014706 0.011364