2 0.126868 0.508768 0.014706 0.011364
2 0.069359 0.508768 0.014706 0.011364
1 0.849855 0.530475 0.014706 0.011364
0 0.407402 0.337813 0.274618 0.018832
3 0.589048 0.339692 0.070538 0.022232
3 0.805739 0.337813 0.330884 0.018832
0 0.743855 0.291456 0.207109 0.018744
0 0.187171 0.291456 0.288606 0.018744
3 0.913787 0.293246 0.114789 0.022323
0 0.485275 0.291456 0.280639 0.018744
3 0.912765 0.471234 0.112747 0.022412
0 0.743649 0.469927 0.209152 0.017866
0 0.195445 0.469534 0.276142 0.018653
0 0.480986 0.469444 0.272060 0.018832
1 0.387033 0.438641 0.014706 0.011364
1 0.527284 0.438641 0.014706 0.011364
0 0.763324 0.569467 0.202618 0.018653
0 0.524007 0.569467 0.261436 0.018653
0 0.231190 0.569475 0.299426 0.018635
3 0.921711 0.571167 0.098114 0.022412
1 0.327392 0.608110 0.014706 0.011364
1 0.511214 0.608110 0.014706 0.011364
1 0.511216 0.592634 0.014706 0.011364
2 0.093462 0.605586 0.014706 0.011364
2 0.149804 0.605586 0.014706 0.011364
0 0.763324 0.640486 0.202618 0.018653
0 0.524007 0.640486 0.261436 0.018653
0 0.231190 0.640870 0.299426 0.017884
3 0.921711 0.642186 0.098114 0.022412
1 0.327392 0.679130 0.014706 0.011364
1 0.511214 0.679130 0.014706 0.011364
1 0.511216 0.663654 0.014706 0.011364
2 0.093462 0.676606 0.014706 0.011364
2 0.149804 0.676606 0.014706 0.011364
0 0.763324 0.711509 0.202618 0.018653
0 0.524007 0.711509 0.261436 0.018653
0 0.231190 0.711714 0.299426 0.018244
3 0.921711 0.713210 0.098114 0.022412
1 0.327392 0.750153 0.014706 0.011364
1 0.511214 0.750153 0.014706 0.011364
1 0.511216 0.734677 0.014706 0.011364
2 0.093462 0.747630 0.014706 0.011364
2 0.149804 0.747630 0.014706 0.011364
0 0.763324 0.782530 0.202618 0.018653
0 0.524007 0.782530 0.261436 0.018653
0 0.231190 0.782734 0.299426 0.018244
3 0.921711 0.784230 0.098114 0.022412
1 0.327392 0.821173 0.014706 0.011364
2 0.093462 0.818650 0.014706 0.011364
2 0.149804 0.818650 0.014706 0.011364
0 0.790626 0.603558 0.361111 0.018653
0 0.790626 0.674391 0.361111 0.018653
0 0.790626 0.745415 0.361111 0.018653
3 0.234044 0.246889 0.382353 0.022232
3 0.209230 0.388937 0.332724 0.022232
3 0.560936 0.388937 0.335294 0.022232
1 0.216438 0.340393 0.014706 0.011364
1 0.054513 0.158152 0.014706 0.011364
1 0.224449 0.158152 0.014706 0.011364
1 0.224449 0.176037 0.014706 0.011364
1 0.224449 0.140266 0.014706 0.011364
1 0.054513 0.176037 0.014706 0.011364
1 0.054513 0.140266 0.014706 0.011364
1 0.054513 0.193924 0.014706 0.011364
1 0.224449 0.193924 0.014706 0.011364
1 0.505495 0.141527 0.014706 0.011364
1 0.505495 0.158152 0.014706 0.011364
1 0.505495 0.176037 0.014706 0.011364
1 0.505495 0.193924 0.014706 0.011364
1 0.675431 0.158152 0.014706 0.011364
1 0.675431 0.141527 0.014706 0.011364
1 0.675431 0.176037 0.014706 0.011364
1 0.675431 0.193924 0.014706 0.011364
0 0.441464 0.605915 0.095582 0.022327
0 0.254658 0.676459 0.110296 0.022327
0 0.441464 0.747003 0.095582 0.022327
0 0.254658 0.819802 0.110296 0.022327
0 0.254658 0.747003 0.110296 0.022327
0 0.441464 0.676459 0.095582 0.022327
0 0.254658 0.605915 0.110296 0.022327
0 0.120628 0.340131 0.155224 0.022327
1 0.511221 0.806764 0.014706 0.011364
1 0.511219 0.822240 0.014706 0.011364
0 0.790626 0.818954 0.361111 0.018653
0 0.441469 0.820868 0.095582 0.022327
0 0.876810 0.949411 0.188747 0.017261