0 0.500098 0.098106 0.937843 0.032879
0 0.301569 0.145076 0.540392 0.035000
0 0.772157 0.145076 0.393333 0.035000
0 0.772157 0.191742 0.393725 0.032576
0 0.500098 0.235909 0.937843 0.030000
0 0.301569 0.280076 0.540784 0.032576
0 0.772157 0.280076 0.393725 0.032576
0 0.772157 0.326894 0.393333 0.035000
0 0.500098 0.372727 0.937843 0.030909
0 0.301569 0.418258 0.540392 0.034091
0 0.772157 0.418258 0.393333 0.034091
0 0.772157 0.463636 0.393725 0.030909
0 0.500098 0.541439 0.937843 0.032879
0 0.301569 0.587046 0.540784 0.032576
0 0.772157 0.587046 0.393725 0.032576
0 0.772157 0.633788 0.393333 0.034849
0 0.500098 0.700455 0.937843 0.032727
0 0.301569 0.745985 0.540784 0.032576
0 0.772157 0.745985 0.393725 0.032576
0 0.772157 0.793788 0.393333 0.036364
4 0.302185 0.192003 0.538588 0.029163
4 0.302501 0.327391 0.539220 0.031117
4 0.301235 0.464978 0.537954 0.026718
4 0.300287 0.635068 0.537322 0.030629
4 0.299654 0.794407 0.538587 0.031606
5 0.424631 0.894848 0.117647 0.025253
5 0.569786 0.894536 0.117647 0.025253