0 0.873341 0.941713 0.188747 0.017261
2 0.859049 0.126604 0.014706 0.011364
2 0.928905 0.126604 0.014706 0.011364
0 0.523907 0.420128 0.890954 0.019884
0 0.217501 0.471396 0.278142 0.018653
0 0.455435 0.471306 0.177271 0.018832
3 0.594217 0.473186 0.072742 0.022232
3 0.855227 0.471306 0.227026 0.018832
0 0.690179 0.471789 0.089926 0.017866
0 0.209893 0.586374 0.262926 0.018653
0 0.444113 0.586285 0.181176 0.018832
3 0.585962 0.588164 0.074343 0.022232
3 0.852722 0.586688 0.232029 0.018027
0 0.684041 0.586768 0.091909 0.017866
1 0.899101 0.550418 0.014706 0.011364
0 0.147056 0.381203 0.137253 0.022409
1 0.226304 0.381356 0.014706 0.011364
0 0.333335 0.381203 0.117647 0.022409
1 0.410807 0.365527 0.014706 0.011364
1 0.410806 0.381356 0.014706 0.011364
1 0.746224 0.364394 0.014706 0.011364
1 0.804866 0.364394 0.014706 0.011364
0 0.571512 0.381203 0.170603 0.022409
0 0.695896 0.381203 0.062093 0.022409
1 0.746224 0.381355 0.014706 0.011364
2 0.071796 0.287715 0.014706 0.011364
2 0.071796 0.265828 0.014706 0.011364
2 0.157539 0.265828 0.014706 0.011364
0 0.688725 0.289030 0.557980 0.020078
1 0.410806 0.494919 0.014706 0.011364
1 0.899103 0.494921 0.014706 0.011364
0 0.237538 0.525785 0.318207 0.020372
1 0.746224 0.512745 0.014706 0.011364
1 0.804866 0.512745 0.014706 0.011364
0 0.570664 0.523989 0.168907 0.022323
0 0.695896 0.524034 0.062093 0.022232
1 0.746224 0.528980 0.014706 0.011364
0 0.523907 0.679125 0.890954 0.019884
0 0.217501 0.730393 0.278142 0.018653
0 0.455435 0.730304 0.177271 0.018832
3 0.594217 0.732183 0.072742 0.022232
3 0.855227 0.730304 0.227026 0.018832
0 0.690179 0.730787 0.089926 0.017866
0 0.209893 0.846228 0.262926 0.018653
0 0.444113 0.846138 0.181176 0.018832
3 0.585962 0.848018 0.074343 0.022232
3 0.852722 0.846541 0.232029 0.018027
0 0.684041 0.846621 0.091909 0.017866
1 0.899100 0.807577 0.014706 0.011364
0 0.147056 0.640202 0.137253 0.022409
1 0.226304 0.640355 0.014706 0.011364
0 0.333335 0.640202 0.117647 0.022409
1 0.410807 0.624524 0.014706 0.011364
1 0.410806 0.640355 0.014706 0.011364
1 0.746224 0.623393 0.014706 0.011364
1 0.804866 0.623393 0.014706 0.011364
0 0.571512 0.640202 0.170603 0.022409
0 0.695896 0.640202 0.062093 0.022409
1 0.746224 0.640352 0.014706 0.011364
1 0.410806 0.753918 0.014706 0.011364
1 0.899103 0.753918 0.014706 0.011364
0 0.237538 0.784783 0.318207 0.020372
1 0.746224 0.771742 0.014706 0.011364
1 0.804866 0.771742 0.014706 0.011364
0 0.572301 0.782986 0.172181 0.022323
0 0.695896 0.783032 0.062093 0.022232
1 0.746224 0.787977 0.014706 0.011364
2 0.071796 0.908220 0.014706 0.011364
2 0.071796 0.889365 0.014706 0.011364
0 0.632172 0.890366 0.673199 0.020809