0 0.551889 0.197545 0.054618 0.016777
0 0.451759 0.227691 0.617870 0.034823
0 0.853840 0.235727 0.157314 0.024108
0 0.264745 0.322406 0.086891 0.022841
0 0.375172 0.323455 0.094181 0.028126
0 0.490053 0.322785 0.104531 0.026787
0 0.602346 0.322116 0.099356 0.022769
0 0.713086 0.322116 0.099356 0.022769
0 0.262708 0.357545 0.088248 0.029869
0 0.374655 0.355599 0.091076 0.030805
0 0.268139 0.392685 0.104540 0.033383
0 0.379312 0.391762 0.102461 0.033484
0 0.490570 0.392432 0.103496 0.032145
0 0.602863 0.392432 0.102461 0.029466
0 0.851771 0.393771 0.161454 0.037502
0 0.268818 0.433095 0.103183 0.033383
0 0.378795 0.429934 0.103496 0.034823
0 0.268818 0.463843 0.105898 0.028112
0 0.380347 0.464757 0.102461 0.026787
0 0.269497 0.511281 0.104540 0.052709
0 0.379830 0.506947 0.101426 0.046877
0 0.269497 0.568383 0.104540 0.047438
0 0.380865 0.565879 0.103496 0.046877
0 0.491605 0.563862 0.103496 0.048217
0 0.602863 0.565879 0.104531 0.049556
0 0.713086 0.567218 0.103496 0.049556
0 0.851771 0.565879 0.161454 0.049556
5 0.315662 0.713208 0.124195 0.060271
5 0.470906 0.713208 0.124195 0.060271
5 0.631324 0.713208 0.124195 0.060271