0 0.873341 0.941713 0.188747 0.017261
2 0.126274 0.396764 0.014706 0.011364
2 0.068766 0.396764 0.014706 0.011364
1 0.849261 0.418471 0.014706 0.011364
0 0.406809 0.225809 0.274618 0.018832
3 0.588455 0.227688 0.070538 0.022232
3 0.805146 0.225809 0.330884 0.018832
0 0.743262 0.179454 0.207109 0.018744
0 0.186578 0.179454 0.288606 0.018744
3 0.913194 0.181244 0.114789 0.022323
0 0.484682 0.179454 0.280639 0.018744
3 0.912172 0.359230 0.112747 0.022412
0 0.743056 0.357923 0.209152 0.017866
0 0.194852 0.357530 0.276142 0.018653
0 0.480393 0.357440 0.272060 0.018832
1 0.386440 0.328141 0.014706 0.011364
1 0.526691 0.328141 0.014706 0.011364
0 0.762730 0.457463 0.202618 0.018653
0 0.523414 0.457463 0.261436 0.018653
0 0.230597 0.457667 0.299426 0.018244
0 0.253679 0.493298 0.110296 0.022323
0 0.440485 0.493298 0.095582 0.022323
3 0.921118 0.459163 0.098114 0.022412
1 0.326799 0.496106 0.014706 0.011364
1 0.510621 0.496106 0.014706 0.011364
1 0.510623 0.480630 0.014706 0.011364
2 0.092869 0.493583 0.014706 0.011364
2 0.149211 0.493583 0.014706 0.011364
0 0.762730 0.528482 0.202618 0.018653
0 0.523414 0.528482 0.261436 0.018653
0 0.230597 0.528686 0.299426 0.018244
0 0.253679 0.564317 0.110296 0.022323
0 0.440485 0.564317 0.095582 0.022323
3 0.921118 0.530182 0.098114 0.022412
1 0.326799 0.567126 0.014706 0.011364
1 0.510621 0.567126 0.014706 0.011364
1 0.510623 0.551650 0.014706 0.011364
2 0.092869 0.564602 0.014706 0.011364
2 0.149211 0.564602 0.014706 0.011364
0 0.762730 0.599506 0.202618 0.018653
0 0.523414 0.599506 0.261436 0.018653
0 0.230597 0.599710 0.299426 0.018244
0 0.253679 0.635341 0.110296 0.022323
0 0.440485 0.635341 0.095582 0.022323
3 0.921118 0.601206 0.098114 0.022412
1 0.326799 0.638150 0.014706 0.011364
1 0.510621 0.638150 0.014706 0.011364
1 0.510623 0.622674 0.014706 0.011364
2 0.092869 0.635626 0.014706 0.011364
2 0.149211 0.635626 0.014706 0.011364
0 0.762730 0.670526 0.202618 0.018653
0 0.523414 0.670526 0.261436 0.018653
0 0.230597 0.670730 0.299426 0.018244
0 0.253679 0.706361 0.110296 0.022323
0 0.440485 0.706361 0.095582 0.022323
3 0.921118 0.672226 0.098114 0.022412
1 0.326799 0.709169 0.014706 0.011364
1 0.510621 0.709169 0.014706 0.011364
1 0.510623 0.693693 0.014706 0.011364
2 0.092869 0.706647 0.014706 0.011364
2 0.149211 0.706647 0.014706 0.011364
0 0.790033 0.491554 0.361111 0.018653
0 0.790033 0.562387 0.361111 0.018653
0 0.790033 0.633411 0.361111 0.018653
0 0.790033 0.705885 0.361111 0.018653
3 0.233451 0.134885 0.382353 0.022232
3 0.208636 0.276933 0.332724 0.022232
3 0.560343 0.276933 0.335294 0.022232
1 0.215845 0.228389 0.014706 0.011364
0 0.119886 0.229851 0.155224 0.022323