0 0.873341 0.941713 0.188747 0.017261
2 0.732573 0.349183 0.014706 0.011364
2 0.798752 0.349183 0.014706 0.011364
0 0.745095 0.454536 0.441176 0.018744
0 0.261846 0.420341 0.402774 0.022323
1 0.476105 0.420205 0.014706 0.011364
0 0.290850 0.455063 0.460783 0.019798
3 0.745095 0.420341 0.441176 0.022323
2 0.732573 0.102025 0.014706 0.011364
2 0.798752 0.102025 0.014706 0.011364
0 0.745095 0.542921 0.441176 0.018744
0 0.260211 0.508727 0.402774 0.022323
1 0.474471 0.508590 0.014706 0.011364
0 0.289215 0.543448 0.460783 0.019798
3 0.745095 0.508727 0.441176 0.022323
0 0.183824 0.278268 0.250000 0.032335
0 0.736521 0.321766 0.458333 0.018744
3 0.843249 0.285751 0.245322 0.017369
0 0.275736 0.322293 0.433825 0.019798
0 0.378677 0.286393 0.110296 0.022388
1 0.451797 0.286224 0.014706 0.011364
0 0.568631 0.286393 0.122552 0.022388
1 0.647884 0.270394 0.014706 0.011364
1 0.647884 0.287491 0.014706 0.011364
0 0.183824 0.177256 0.250000 0.032335
0 0.736521 0.220752 0.458333 0.018744
3 0.843249 0.184739 0.245322 0.017369
0 0.275736 0.221279 0.433825 0.019798
0 0.378677 0.185381 0.110296 0.022388
1 0.451797 0.185211 0.014706 0.011364
0 0.568631 0.185381 0.122552 0.022388
1 0.647884 0.169381 0.014706 0.011364
1 0.647884 0.186479 0.014706 0.011364