2 0.851631 0.132712 0.016340 0.012626
2 0.923524 0.132712 0.016340 0.012626
0 0.202749 0.231742 0.316087 0.018653
0 0.520894 0.231652 0.300833 0.018832
0 0.784873 0.232135 0.209152 0.017866
3 0.934581 0.233442 0.073191 0.022412
0 0.336122 0.301268 0.213234 0.017412
0 0.557529 0.300647 0.200172 0.018653
3 0.856291 0.301268 0.226104 0.017412
3 0.699839 0.302225 0.060260 0.022655
1 0.317719 0.359653 0.014706 0.011364
0 0.169706 0.359255 0.250000 0.022232
1 0.184693 0.304710 0.014706 0.011364
2 0.674343 0.404015 0.014706 0.011364
2 0.741137 0.404015 0.014706 0.011364
0 0.104275 0.300515 0.110420 0.019112
0 0.788150 0.515962 0.202618 0.018653
0 0.529422 0.515962 0.300833 0.018653
0 0.217470 0.516166 0.316087 0.018244
0 0.757352 0.555439 0.410407 0.015105
2 0.498920 0.553582 0.014706 0.011364
2 0.442578 0.553582 0.014706 0.011364
3 0.934581 0.517662 0.073191 0.022412
1 0.187694 0.556395 0.014706 0.011364
1 0.354417 0.557612 0.014706 0.011364
1 0.354417 0.542136 0.014706 0.011364
0 0.289931 0.554075 0.106605 0.022327
0 0.117228 0.554075 0.110296 0.022327
0 0.788145 0.608017 0.202618 0.018653
0 0.529417 0.608017 0.300833 0.018653
0 0.217465 0.608222 0.316087 0.018244
0 0.757352 0.647375 0.410407 0.015104
2 0.498920 0.645636 0.014706 0.011364
2 0.442578 0.645636 0.014706 0.011364
3 0.934581 0.609717 0.073191 0.022412
1 0.187690 0.649667 0.014706 0.011364
1 0.354412 0.649667 0.014706 0.011364
1 0.354412 0.634191 0.014706 0.011364
0 0.117228 0.649054 0.110296 0.022327
0 0.289931 0.649054 0.106605 0.022327
0 0.788145 0.708815 0.202618 0.018653
0 0.529417 0.708815 0.300833 0.018653
0 0.217465 0.709020 0.316087 0.018244
0 0.757352 0.745205 0.410407 0.018636
2 0.498920 0.746434 0.014706 0.011364
2 0.442578 0.746434 0.014706 0.011364
3 0.934581 0.710515 0.073191 0.022412
1 0.187690 0.750465 0.014706 0.011364
1 0.354412 0.750465 0.014706 0.011364
1 0.354412 0.734989 0.014706 0.011364
0 0.117228 0.748320 0.110296 0.022327
0 0.289931 0.748320 0.106605 0.022327
0 0.788145 0.805153 0.202618 0.018653
0 0.529417 0.805153 0.300833 0.018653
0 0.217465 0.805358 0.316087 0.018244
0 0.757352 0.841543 0.410407 0.018636
2 0.498920 0.842773 0.014706 0.011364
2 0.442578 0.842773 0.014706 0.011364
3 0.934581 0.806854 0.073191 0.022412
1 0.187690 0.846803 0.014706 0.011364
1 0.354412 0.846803 0.014706 0.011364
1 0.354412 0.831327 0.014706 0.011364
0 0.117228 0.844268 0.110296 0.022327
0 0.289931 0.844268 0.106605 0.022327
3 0.171857 0.915260 0.063113 0.018654
3 0.071258 0.915260 0.053095 0.018654
0 0.318815 0.915261 0.115201 0.018653
3 0.506388 0.915261 0.236832 0.018653
3 0.735144 0.915261 0.197614 0.018653
2 0.881348 0.901756 0.016340 0.012626
2 0.881348 0.918129 0.016340 0.012626
0 0.873998 0.949882 0.188745 0.013388