2 0.858168 0.431138 0.014706 0.011364
2 0.916044 0.431138 0.014706 0.011364
2 0.858368 0.737958 0.014706 0.011364
2 0.916243 0.737958 0.014706 0.011364
0 0.838211 0.661501 0.251637 0.017047
1 0.268768 0.710131 0.014706 0.011364
1 0.562886 0.710131 0.014706 0.011364
0 0.791033 0.703360 0.360296 0.034122
0 0.434531 0.710047 0.229033 0.024643
0 0.156087 0.711566 0.192941 0.025273
2 0.858368 0.766366 0.014706 0.011364
2 0.916165 0.766366 0.014706 0.011364
2 0.858368 0.789093 0.014706 0.011364
2 0.916239 0.789093 0.014706 0.011364
0 0.515399 0.824080 0.911565 0.017667
2 0.747873 0.169774 0.014706 0.011364
2 0.809634 0.169774 0.014706 0.011364
1 0.268569 0.403311 0.014706 0.011364
1 0.562686 0.403311 0.014706 0.011364
0 0.791033 0.396539 0.360296 0.034122
2 0.858168 0.459544 0.014706 0.011364
2 0.915966 0.459544 0.014706 0.011364
2 0.858168 0.482272 0.014706 0.011364
2 0.916039 0.482272 0.014706 0.011364
0 0.515399 0.517258 0.911565 0.017667
2 0.071041 0.267105 0.014706 0.011364
2 0.071041 0.288888 0.014706 0.011364
2 0.071041 0.310669 0.014706 0.011364
2 0.519771 0.310669 0.014706 0.011364
2 0.519771 0.267105 0.014706 0.011364
2 0.519771 0.288888 0.014706 0.011364
2 0.071041 0.332448 0.014706 0.011364
2 0.519771 0.332448 0.014706 0.011364
2 0.071041 0.354231 0.014706 0.011364
2 0.519771 0.354231 0.014706 0.011364
0 0.839554 0.354232 0.251637 0.017047
2 0.071041 0.576010 0.014706 0.011364
2 0.071041 0.597793 0.014706 0.011364
2 0.071041 0.619575 0.014706 0.011364
2 0.519771 0.619575 0.014706 0.011364
2 0.519771 0.576010 0.014706 0.011364
2 0.519771 0.597793 0.014706 0.011364
2 0.071041 0.641354 0.014706 0.011364
2 0.519771 0.641354 0.014706 0.011364
2 0.071041 0.663136 0.014706 0.011364
2 0.519771 0.663136 0.014706 0.011364
0 0.434332 0.402650 0.229033 0.024643
0 0.155887 0.404167 0.192941 0.025273
0 0.876805 0.949979 0.188747 0.017261