0 0.873341 0.941713 0.188747 0.017261
0 0.194853 0.426958 0.272059 0.018653
0 0.433824 0.426868 0.191176 0.018832
3 0.569853 0.428748 0.066176 0.022232
3 0.852740 0.426868 0.232029 0.018832
0 0.671568 0.427351 0.107841 0.017866
3 0.914015 0.379678 0.112747 0.019886
0 0.735294 0.380161 0.235294 0.018920
0 0.194853 0.379768 0.272059 0.019707
0 0.474265 0.379678 0.272059 0.019886
0 0.294118 0.463181 0.470588 0.018653
1 0.929085 0.466042 0.014706 0.011364
0 0.686275 0.464927 0.299018 0.022323
0 0.194854 0.507595 0.272060 0.032018
2 0.739928 0.102025 0.014706 0.011364
2 0.798757 0.102025 0.014706 0.011364
3 0.471815 0.512645 0.267160 0.022232
3 0.746323 0.512645 0.257351 0.022232
0 0.194853 0.231936 0.272059 0.018653
0 0.433824 0.231847 0.191176 0.018832
3 0.569853 0.233726 0.066176 0.022232
3 0.852740 0.231847 0.232029 0.018832
0 0.671568 0.232330 0.107841 0.017866
3 0.914015 0.184657 0.112747 0.019886
0 0.735294 0.185140 0.235294 0.018920
0 0.194853 0.184921 0.272059 0.019357
0 0.474265 0.184657 0.272059 0.019886
0 0.294118 0.268160 0.470588 0.018653
1 0.929085 0.271020 0.014706 0.011364
0 0.686275 0.269905 0.299018 0.022323
0 0.194854 0.312573 0.272060 0.032018
3 0.471815 0.317624 0.267160 0.022232
3 0.746323 0.317624 0.257351 0.022232