1 0.829223 0.095171 0.046142 0.018259
1 0.829647 0.113139 0.046546 0.018732
1 0.933856 0.114245 0.062043 0.019561
2 0.829679 0.137190 0.047593 0.029751
2 0.877005 0.137374 0.047595 0.029752
1 0.934194 0.137609 0.061059 0.028789
2 0.828984 0.161686 0.047639 0.018356
2 0.877747 0.161686 0.049423 0.018356
1 0.829472 0.186522 0.047000 0.031468
2 0.829158 0.223612 0.046730 0.042155
2 0.878011 0.223612 0.049404 0.042155
2 0.829155 0.254094 0.046899 0.018723
2 0.878054 0.254094 0.048843 0.018723
1 0.933453 0.254827 0.060598 0.018732
2 0.829155 0.273612 0.046899 0.018723
2 0.877730 0.273612 0.049395 0.018723
1 0.933511 0.273204 0.060332 0.018319
2 0.829479 0.295780 0.047546 0.027232
2 0.878132 0.295780 0.048618 0.027232
1 0.933406 0.295552 0.061757 0.026928
2 0.829155 0.318655 0.046899 0.018723
2 0.878131 0.318302 0.047969 0.018724
1 0.933734 0.318395 0.060778 0.018044
2 0.829669 0.336058 0.046900 0.018724
2 0.877864 0.336319 0.049574 0.018724
1 0.933763 0.336726 0.060866 0.018389
2 0.829021 0.358840 0.047546 0.027231
2 0.877531 0.358840 0.048974 0.027231
1 0.933852 0.359430 0.060864 0.027961
2 0.829669 0.386911 0.047547 0.031175
2 0.877976 0.387367 0.049152 0.028886
1 0.933734 0.387633 0.060330 0.029614
1 0.829441 0.411352 0.046160 0.017321
1 0.933734 0.411542 0.061402 0.017769
4 0.266285 0.472003 0.385263 0.022438
0 0.585989 0.474985 0.171160 0.015467
0 0.834054 0.506970 0.248310 0.081966
0 0.265931 0.505288 0.388074 0.017361
0 0.585172 0.506708 0.173611 0.016414
0 0.371527 0.539852 0.600083 0.017361
2 0.556160 0.603164 0.029412 0.019723
2 0.688933 0.603926 0.029412 0.019725
2 0.556160 0.623683 0.029412 0.019725
2 0.688286 0.623683 0.029412 0.019725
2 0.408492 0.659217 0.029412 0.019724
2 0.555513 0.659217 0.029412 0.019724
2 0.688286 0.657954 0.029412 0.019724
2 0.555513 0.694250 0.029412 0.019725
2 0.688286 0.691974 0.029412 0.021751
2 0.046442 0.728794 0.024230 0.020225
2 0.046442 0.759823 0.024230 0.020225
0 0.323836 0.752336 0.136234 0.023420
0 0.467729 0.752336 0.141748 0.022474
0 0.754520 0.740121 0.416407 0.049746
0 0.551471 0.791120 0.828228 0.042129
4 0.232292 0.865539 0.320109 0.022984
0 0.553337 0.867150 0.236575 0.016969
0 0.836603 0.899037 0.254085 0.081418
0 0.233251 0.898596 0.319446 0.017361
0 0.552900 0.899254 0.238154 0.017415
0 0.373978 0.930635 0.600083 0.017361
5 0.576474 0.968479 0.095588 0.035038
5 0.675738 0.968448 0.095590 0.035038
5 0.775003 0.969265 0.095588 0.035038