0 0.873341 0.941713 0.188747 0.017261
0 0.183624 0.271800 0.250000 0.018832
3 0.348656 0.273679 0.055554 0.022232
3 0.620271 0.271800 0.261441 0.018832
0 0.433848 0.272283 0.088680 0.017866
0 0.139507 0.222417 0.161765 0.022323
1 0.253070 0.225373 0.014706 0.011364
3 0.913816 0.173766 0.112747 0.019886
0 0.737632 0.174249 0.215521 0.018920
0 0.197637 0.173856 0.278026 0.019707
0 0.481422 0.173766 0.272059 0.019886
0 0.128478 0.482614 0.139708 0.022323
1 0.216304 0.482434 0.014706 0.011364
0 0.342144 0.482614 0.140565 0.022323
1 0.430405 0.466633 0.014706 0.011364
1 0.430404 0.483697 0.014706 0.011364
0 0.283422 0.566840 0.449596 0.022232
0 0.740838 0.564960 0.452663 0.018832
1 0.253070 0.208328 0.014706 0.011364
0 0.197637 0.320042 0.278026 0.018653
0 0.435980 0.319953 0.181176 0.018832
3 0.575673 0.321832 0.078209 0.022232
3 0.852341 0.319953 0.232029 0.018832
0 0.675625 0.320436 0.107841 0.017866
0 0.197637 0.432334 0.278026 0.018653
0 0.437614 0.432244 0.181176 0.018832
3 0.577307 0.434124 0.078209 0.022232
3 0.853977 0.432244 0.232029 0.018832
0 0.678720 0.432727 0.107841 0.017866
1 0.858456 0.395845 0.014706 0.011364
0 0.197637 0.528679 0.278026 0.018653
0 0.437614 0.528589 0.181176 0.018832
3 0.577307 0.530468 0.078209 0.022232
0 0.678720 0.529072 0.107841 0.017866
1 0.858461 0.343422 0.014706 0.011364
3 0.183624 0.372563 0.250000 0.022232
3 0.437299 0.372563 0.235294 0.022232
0 0.709358 0.369680 0.279412 0.021140