0 0.873341 0.941869 0.188747 0.017261
2 0.842601 0.127384 0.014706 0.011364
2 0.783778 0.127840 0.014706 0.011364
1 0.562093 0.615530 0.014706 0.011364
3 0.220588 0.594052 0.323529 0.022232
3 0.556950 0.594052 0.319783 0.022232
1 0.745912 0.197917 0.014706 0.011364
3 0.696709 0.228379 0.065359 0.022412
0 0.575164 0.227072 0.160129 0.017866
0 0.165750 0.226440 0.213853 0.019130
0 0.383988 0.226589 0.212423 0.018832
0 0.854051 0.226679 0.233070 0.018653
0 0.213235 0.265985 0.308824 0.022323
1 0.392974 0.265804 0.014706 0.011364
0 0.595752 0.265985 0.308495 0.022323
1 0.775327 0.267068 0.014706 0.011364
1 0.300456 0.301448 0.014706 0.011364
1 0.505935 0.301448 0.014706 0.011364
1 0.070261 0.301448 0.014706 0.011364
1 0.070261 0.320075 0.014706 0.011364
0 0.728818 0.320075 0.473332 0.021467
1 0.300456 0.320075 0.014706 0.011364
2 0.070261 0.356044 0.014706 0.011364
2 0.070261 0.374684 0.014706 0.011364
2 0.300456 0.357318 0.014706 0.011364
2 0.300456 0.374684 0.014706 0.011364
2 0.505935 0.357318 0.014706 0.011364
2 0.505935 0.374684 0.014706 0.011364
0 0.830271 0.374684 0.270425 0.021467
0 0.838228 0.426467 0.257364 0.021467
1 0.521243 0.426466 0.014706 0.011364
1 0.521243 0.408159 0.014706 0.011364
1 0.070261 0.408159 0.014706 0.011364
0 0.396776 0.426467 0.213801 0.021467
1 0.070261 0.426466 0.014706 0.011364
0 0.192663 0.483929 0.260242 0.017421
0 0.462559 0.483929 0.270288 0.017421
0 0.729923 0.483929 0.255180 0.017421
3 0.915208 0.483929 0.110760 0.020999
0 0.192663 0.504492 0.260242 0.016551
0 0.462559 0.504492 0.270288 0.016551
0 0.729923 0.504492 0.255180 0.016551
3 0.915208 0.504492 0.110760 0.020129
0 0.192663 0.524621 0.260242 0.016550
0 0.462559 0.524621 0.270288 0.016550
0 0.729923 0.524621 0.255180 0.016550
3 0.915208 0.524621 0.110760 0.020129
0 0.192663 0.544407 0.260242 0.015864
0 0.462559 0.544407 0.270288 0.015864
0 0.729923 0.544407 0.255180 0.015864
3 0.915208 0.544407 0.110760 0.019442
1 0.209152 0.648104 0.014706 0.011364
0 0.126839 0.643169 0.136031 0.020596
1 0.209152 0.616850 0.014706 0.011364
0 0.191176 0.695813 0.264706 0.018653
0 0.433825 0.695723 0.205882 0.018832
3 0.579412 0.697602 0.076471 0.022232
3 0.850491 0.695723 0.240194 0.018832
0 0.673185 0.696206 0.102163 0.017866
1 0.879059 0.667612 0.014706 0.011364
0 0.274509 0.796761 0.431371 0.018410
1 0.507353 0.800558 0.014706 0.011364
0 0.191176 0.858278 0.264706 0.018653
0 0.433825 0.858672 0.205882 0.017866
3 0.579412 0.860068 0.076471 0.022232
3 0.850491 0.858189 0.240194 0.018832
0 0.673185 0.859395 0.102163 0.016419
1 0.875788 0.825125 0.014706 0.011364
2 0.070809 0.898908 0.014706 0.011364
2 0.070809 0.917652 0.014706 0.011364
2 0.139471 0.917652 0.014706 0.011364
0 0.599673 0.913842 0.728758 0.023682
0 0.916896 0.749864 0.104577 0.022232
2 0.070809 0.752211 0.014706 0.011364
2 0.070809 0.735164 0.014706 0.011364
2 0.139474 0.752211 0.014706 0.011364
0 0.386031 0.749864 0.264706 0.022232
0 0.610368 0.749774 0.161765 0.022412
3 0.781251 0.749864 0.154413 0.022232
3 0.808824 0.643314 0.323529 0.018832
0 0.514706 0.643314 0.235294 0.018832