0 0.278261 0.226952 0.437929 0.019568
0 0.630641 0.227191 0.206302 0.019091
0 0.866901 0.227429 0.205685 0.019568
0 0.277643 0.260601 0.436694 0.021000
0 0.630332 0.260124 0.204449 0.020045
0 0.866901 0.260840 0.204449 0.020523
0 0.276717 0.294966 0.437311 0.021000
0 0.747690 0.295205 0.440400 0.020523
0 0.351229 0.445618 0.271229 0.026446
0 0.855257 0.590357 0.230304 0.021489
0 0.855614 0.624792 0.229590 0.020937
0 0.673796 0.669971 0.400712 0.017631
0 0.659535 0.852064 0.300891 0.026997
0 0.780034 0.894213 0.185382 0.024242