0 0.873341 0.941713 0.188747 0.017261
2 0.703162 0.102025 0.014706 0.011364
2 0.771658 0.102025 0.014706 0.011364
0 0.205887 0.217722 0.294118 0.022388
1 0.370917 0.215612 0.014706 0.011364
0 0.513435 0.181100 0.908583 0.022388
0 0.698515 0.215945 0.544052 0.018653
0 0.191492 0.265607 0.265327 0.018951
3 0.371770 0.267486 0.080000 0.022351
3 0.668408 0.265607 0.233863 0.018951
0 0.480377 0.266090 0.107804 0.017985
0 0.206087 0.359765 0.294118 0.022388
1 0.371116 0.357655 0.014706 0.011364
0 0.513731 0.323143 0.908583 0.022388
0 0.698719 0.357988 0.544052 0.018653
0 0.191691 0.407651 0.265327 0.018951
3 0.371969 0.409530 0.080000 0.022351
3 0.668608 0.407651 0.233863 0.018951
0 0.480577 0.408134 0.107804 0.017985
0 0.206087 0.501813 0.294118 0.022388
1 0.371116 0.499703 0.014706 0.011364
0 0.513731 0.465191 0.908583 0.022388
0 0.698719 0.500036 0.544052 0.018653
0 0.191691 0.549698 0.265327 0.018951
3 0.371969 0.551577 0.080000 0.022351
3 0.668608 0.549698 0.233863 0.018951
0 0.480577 0.550181 0.107804 0.017985
0 0.206087 0.643855 0.294118 0.022388
1 0.371116 0.641746 0.014706 0.011364
0 0.513731 0.607234 0.908583 0.022388
0 0.698719 0.642079 0.544052 0.018653
0 0.191691 0.691742 0.265327 0.018951
3 0.371969 0.693621 0.080000 0.022351
3 0.668608 0.691742 0.233863 0.018951
0 0.480577 0.692225 0.107804 0.017985