0 0.274216 0.154237 0.449216 0.022032
0 0.603039 0.153834 0.203333 0.022837
0 0.828824 0.153834 0.243137 0.022837
1 0.736194 0.227473 0.052139 0.013698
1 0.792561 0.227315 0.052139 0.013698
1 0.887514 0.227590 0.115596 0.014249
1 0.736393 0.241996 0.052139 0.013698
1 0.793803 0.242618 0.052139 0.013698
1 0.887713 0.242113 0.115596 0.014249
1 0.737120 0.257833 0.052139 0.013698
1 0.794530 0.257675 0.052139 0.013698
1 0.739069 0.287940 0.052139 0.013698
1 0.795437 0.287782 0.052139 0.013698
1 0.889347 0.288058 0.115596 0.014249
1 0.738754 0.304550 0.052139 0.013698
1 0.796164 0.304392 0.052139 0.013698
1 0.736393 0.333395 0.052139 0.013698
1 0.793803 0.333237 0.052139 0.013698
1 0.887713 0.333512 0.115596 0.014249
1 0.736393 0.348546 0.052139 0.013698
1 0.793803 0.348388 0.052139 0.013698
1 0.887713 0.348664 0.115596 0.014249
1 0.736393 0.363035 0.052139 0.013698
1 0.793803 0.362877 0.052139 0.013698
1 0.887713 0.363152 0.115596 0.014249
1 0.736393 0.379449 0.052139 0.013698
1 0.793803 0.379291 0.052139 0.013698
1 0.887713 0.379566 0.115596 0.014249
1 0.736393 0.394600 0.052139 0.013698
1 0.793803 0.394443 0.052139 0.013698
1 0.887713 0.394718 0.115596 0.014249
1 0.736393 0.409752 0.052139 0.013698
1 0.793803 0.409594 0.052139 0.013698
1 0.887713 0.409064 0.115596 0.014249
1 0.736393 0.424778 0.052139 0.013698
1 0.793803 0.424621 0.052139 0.013698
1 0.887713 0.424896 0.115596 0.014249
1 0.736393 0.447991 0.052139 0.013698
1 0.793803 0.447027 0.052139 0.013698
1 0.887713 0.447302 0.115596 0.014249
1 0.736393 0.476682 0.052139 0.013698
1 0.793803 0.477330 0.052139 0.013698
1 0.887713 0.477605 0.115596 0.014249
1 0.736393 0.500215 0.052139 0.013698
1 0.793803 0.500058 0.052139 0.013698
1 0.887713 0.500333 0.115596 0.014249
1 0.736393 0.521277 0.052139 0.014504
1 0.793803 0.521522 0.052139 0.013698
1 0.887713 0.521797 0.115596 0.014249
1 0.736393 0.552504 0.052139 0.014504
1 0.793803 0.553555 0.052139 0.012087
1 0.889798 0.553025 0.115596 0.014249
1 0.736393 0.575232 0.052139 0.014504
1 0.736393 0.599222 0.052139 0.014504
1 0.793803 0.599467 0.052139 0.013698
1 0.887713 0.599742 0.115596 0.014249
1 0.736393 0.620938 0.052139 0.014504
1 0.792761 0.621183 0.052139 0.013698
1 0.887713 0.621458 0.115596 0.014249
4 0.288847 0.706262 0.412937 0.023367
0 0.290477 0.743969 0.416694 0.022989
0 0.290477 0.782197 0.416694 0.026212
0 0.291519 0.822595 0.414608 0.027836
0 0.741002 0.724070 0.417211 0.060261
0 0.737874 0.782251 0.425036 0.023795
0 0.738395 0.820129 0.423993 0.023794