0 0.787636 0.063031 0.307892 0.021913
0 0.787919 0.103727 0.307891 0.021913
1 0.076387 0.391256 0.029412 0.021086
1 0.076387 0.416193 0.029412 0.021086
0 0.404453 0.417818 0.030400 0.023999
0 0.439519 0.417818 0.030809 0.023999
0 0.471724 0.417818 0.031219 0.023999
0 0.504196 0.417818 0.031343 0.023999
0 0.536543 0.417818 0.031217 0.023999
0 0.569157 0.417818 0.030810 0.023999
0 0.601158 0.417818 0.029993 0.023999
0 0.633364 0.417818 0.030400 0.023999
0 0.666386 0.417818 0.030809 0.023999
0 0.698183 0.417818 0.030402 0.023999
0 0.730388 0.417818 0.030809 0.023999
0 0.762798 0.417818 0.029992 0.023999
0 0.795413 0.417818 0.029583 0.023999
0 0.827618 0.417818 0.030810 0.023999
0 0.860231 0.417818 0.030400 0.023999
0 0.892312 0.417818 0.029993 0.023999
0 0.924926 0.417818 0.029583 0.023999
0 0.403841 0.455797 0.030809 0.024000
0 0.435842 0.455797 0.029992 0.024000
0 0.468047 0.455797 0.029585 0.024000
0 0.500661 0.455797 0.029992 0.024000
0 0.533480 0.455797 0.029175 0.024000
0 0.565889 0.455797 0.028360 0.024000
0 0.597891 0.455797 0.028360 0.024000
0 0.629891 0.455797 0.028358 0.024000
0 0.662426 0.455797 0.028358 0.024000
0 0.501634 0.497646 0.880461 0.020870
0 0.501634 0.538342 0.880461 0.020870
0 0.501634 0.577994 0.880461 0.020869
0 0.090699 0.618968 0.039435 0.015653
0 0.265078 0.618968 0.294387 0.015653
0 0.512868 0.667614 0.038997 0.016696
0 0.597714 0.668090 0.119281 0.015654
0 0.746937 0.657588 0.173064 0.038380
0 0.888033 0.668090 0.103828 0.015654
0 0.514093 0.789616 0.037771 0.016696
0 0.598231 0.788684 0.117430 0.017643
0 0.747550 0.782271 0.173064 0.038380
0 0.889542 0.792520 0.104644 0.015651
5 0.143740 0.958335 0.166099 0.053218
5 0.324478 0.958335 0.166100 0.053218
5 0.505769 0.958335 0.166100 0.053218