0 0.873341 0.941713 0.188747 0.017261
2 0.092866 0.482491 0.014706 0.011364
2 0.157683 0.482491 0.014706 0.011364
0 0.681520 0.612294 0.578136 0.022004
0 0.184928 0.240763 0.247791 0.022388
1 0.319444 0.241042 0.014706 0.011364
0 0.668773 0.240763 0.602252 0.022388
0 0.195160 0.429549 0.228559 0.018832
3 0.574819 0.431428 0.074343 0.022232
3 0.852448 0.429549 0.232029 0.018832
0 0.675731 0.430032 0.107842 0.017866
2 0.091505 0.283844 0.014706 0.011364
2 0.157683 0.283844 0.014706 0.011364
0 0.525734 0.518210 0.889708 0.018653
0 0.195160 0.568348 0.228559 0.017999
3 0.574824 0.570064 0.074343 0.021725
3 0.852485 0.567872 0.233863 0.018951
0 0.674869 0.568355 0.107804 0.017985
2 0.092866 0.611686 0.014706 0.011364
2 0.091510 0.634413 0.014706 0.011364
0 0.228248 0.687815 0.228559 0.018951
3 0.592322 0.689694 0.074343 0.022351
3 0.859981 0.687815 0.221214 0.018951
0 0.688720 0.688298 0.100505 0.017985
0 0.652516 0.634413 0.636144 0.021467
3 0.146836 0.776544 0.130580 0.016107
0 0.358809 0.776544 0.284105 0.016107
0 0.651819 0.776544 0.292655 0.016107
0 0.858728 0.776544 0.111900 0.016107
1 0.927614 0.776543 0.014706 0.011364
3 0.146836 0.796229 0.130580 0.016107
0 0.358809 0.796229 0.284105 0.016107
0 0.651819 0.796229 0.292655 0.016107
0 0.858728 0.796229 0.111900 0.016107
1 0.927614 0.796229 0.014706 0.011364
3 0.146836 0.815915 0.130580 0.016107
0 0.358809 0.815915 0.284105 0.016107
0 0.651819 0.815915 0.292655 0.016107
0 0.858728 0.815915 0.111900 0.016107
1 0.927614 0.815914 0.014706 0.011364
3 0.146836 0.835600 0.130580 0.016107
0 0.358809 0.835600 0.284105 0.016107
0 0.651819 0.835600 0.292655 0.016107
0 0.858728 0.835600 0.111900 0.016107
1 0.927614 0.835600 0.014706 0.011364
0 0.451471 0.687815 0.197059 0.018951
0 0.425734 0.568348 0.211765 0.017999
0 0.425734 0.429549 0.211765 0.018832
1 0.089812 0.320943 0.014706 0.011364
1 0.089807 0.363558 0.014706 0.011364
1 0.089807 0.382499 0.014706 0.011364