0 0.873341 0.942842 0.188747 0.017261
2 0.732573 0.104867 0.014706 0.011364
2 0.798757 0.104867 0.014706 0.011364
0 0.203233 0.425874 0.289217 0.032335
3 0.795408 0.469371 0.336309 0.018744
0 0.845488 0.426268 0.249801 0.031548
0 0.203233 0.469898 0.289217 0.019798
0 0.394363 0.433695 0.083242 0.022388
1 0.458949 0.433705 0.014706 0.011364
0 0.549793 0.433695 0.084877 0.022388
1 0.642975 0.416607 0.014706 0.011364
1 0.642974 0.433705 0.014706 0.011364
0 0.485095 0.469898 0.264706 0.019798
2 0.070600 0.530572 0.014706 0.011364
2 0.070600 0.509384 0.014706 0.011364
0 0.727262 0.509088 0.481038 0.016553
0 0.727262 0.529220 0.481038 0.016553
0 0.727262 0.549351 0.481038 0.016553
0 0.727262 0.569482 0.481038 0.016553
0 0.203432 0.218426 0.289217 0.032335
3 0.795607 0.261922 0.336309 0.018744
0 0.845588 0.218820 0.250000 0.031548
0 0.203432 0.262450 0.289217 0.019798
0 0.394562 0.226247 0.083242 0.022388
1 0.459149 0.226256 0.014706 0.011364
0 0.549793 0.226247 0.084877 0.022388
1 0.642975 0.209159 0.014706 0.011364
1 0.642974 0.226256 0.014706 0.011364
0 0.485294 0.262450 0.264706 0.019798
2 0.070809 0.323619 0.014706 0.011364
2 0.070809 0.302280 0.014706 0.011364
0 0.726554 0.301984 0.480167 0.016697
0 0.726554 0.322259 0.480167 0.016697
0 0.726554 0.342534 0.480167 0.016697
0 0.726554 0.362809 0.480167 0.016697