1 0.201237 0.304427 0.014706 0.011364
1 0.377229 0.288629 0.014706 0.011364
1 0.377225 0.305695 0.014706 0.011364
0 0.208211 0.364412 0.293928 0.018653
0 0.454030 0.364323 0.183011 0.018832
3 0.592673 0.366202 0.069118 0.022232
0 0.691767 0.364806 0.107841 0.017866
0 0.171441 0.656912 0.220389 0.022323
0 0.321672 0.656957 0.062093 0.022232
1 0.071871 0.626071 0.014706 0.011364
1 0.071871 0.610604 0.014706 0.011364
0 0.479342 0.656912 0.222224 0.022323
0 0.631301 0.657696 0.062093 0.020755
0 0.782861 0.656912 0.214882 0.022323
0 0.938094 0.656957 0.066175 0.022232
1 0.378855 0.626071 0.014706 0.011364
1 0.378855 0.610604 0.014706 0.011364
1 0.686044 0.626071 0.014706 0.011364
1 0.686044 0.610604 0.014706 0.011364
2 0.468727 0.289130 0.014706 0.011364
2 0.468721 0.307655 0.014706 0.011364
2 0.591791 0.289806 0.014706 0.011364
2 0.591789 0.307655 0.014706 0.011364
0 0.876995 0.306455 0.188372 0.015207
3 0.864563 0.364323 0.213237 0.018832
0 0.601501 0.537790 0.183825 0.017136
0 0.171446 0.537032 0.220399 0.018653
0 0.398466 0.536943 0.207531 0.018832
3 0.740380 0.538822 0.067819 0.022232
1 0.071869 0.576474 0.014706 0.011364
1 0.172373 0.576474 0.014706 0.011364
1 0.256542 0.576474 0.014706 0.011364
1 0.357046 0.576474 0.014706 0.011364
1 0.519186 0.576474 0.014706 0.011364
0 0.840788 0.572791 0.260786 0.017888
0 0.208211 0.740071 0.293928 0.018653
0 0.454035 0.739982 0.183011 0.018832
3 0.592673 0.741861 0.069118 0.022232
3 0.864563 0.739982 0.213237 0.018832
0 0.693203 0.740465 0.107841 0.017866
0 0.328303 0.692875 0.534113 0.022323
1 0.613881 0.693936 0.014706 0.011364
1 0.926662 0.539230 0.014706 0.011364
0 0.218426 0.437773 0.270217 0.018653
0 0.453217 0.437684 0.181386 0.018832
3 0.592673 0.439563 0.069118 0.022232
3 0.864563 0.436893 0.213237 0.017250
0 0.345261 0.486148 0.314340 0.018653
0 0.602423 0.486059 0.185670 0.018832
3 0.789806 0.487938 0.166670 0.022232
0 0.926242 0.486148 0.089879 0.018653
0 0.691767 0.438167 0.107841 0.017866
0 0.218426 0.814276 0.270217 0.018653
0 0.453217 0.814186 0.181386 0.018832
3 0.592673 0.816066 0.069118 0.022232
3 0.864563 0.813395 0.213237 0.017250
0 0.691767 0.814669 0.107841 0.017866
0 0.345261 0.862645 0.314340 0.018653
0 0.602423 0.862555 0.185670 0.018832
3 0.789806 0.864434 0.166670 0.022232
0 0.926242 0.862645 0.089879 0.018653
2 0.093051 0.849282 0.014706 0.011364
2 0.093051 0.865727 0.014706 0.011364
2 0.093051 0.475951 0.014706 0.011364
2 0.093051 0.491745 0.014706 0.011364
0 0.308993 0.304251 0.110296 0.022327
0 0.119061 0.304251 0.110296 0.022327
0 0.842663 0.538775 0.108180 0.022327
0 0.876805 0.949969 0.188747 0.017261