0 0.273309 0.107264 0.447101 0.021853
0 0.743030 0.107383 0.447103 0.021853
0 0.220782 0.141256 0.344753 0.021853
0 0.220078 0.175505 0.344753 0.021853
0 0.221099 0.209754 0.344753 0.021854
0 0.458982 0.141128 0.060513 0.021852
0 0.613998 0.141687 0.243376 0.021854
0 0.864391 0.141128 0.208737 0.021852
0 0.577862 0.175377 0.312433 0.021852
0 0.797435 0.176893 0.060513 0.021853
0 0.900476 0.175377 0.136502 0.021852
0 0.556801 0.209626 0.274725 0.021852
0 0.816837 0.214676 0.114945 0.021852
0 0.922773 0.214933 0.099892 0.021852
1 0.069626 0.247413 0.019608 0.015152
1 0.231245 0.246923 0.019608 0.015152
1 0.407657 0.247730 0.018569 0.015152
1 0.909227 0.247730 0.018167 0.015152
0 0.387129 0.294357 0.679945 0.021853
0 0.387347 0.327860 0.678107 0.021853
0 0.387299 0.361269 0.678107 0.021854
0 0.876283 0.295118 0.188941 0.021854
0 0.888477 0.328120 0.166781 0.021051
0 0.864654 0.362711 0.215593 0.021854
1 0.070983 0.400884 0.021050 0.015152
1 0.511438 0.401042 0.019608 0.015152
1 0.070262 0.434343 0.019608 0.015152
1 0.511438 0.434975 0.019608 0.015152
1 0.070186 0.497248 0.019608 0.015152
1 0.511361 0.497248 0.019608 0.015152
1 0.070248 0.531654 0.019608 0.015152
1 0.511541 0.531760 0.019608 0.015152
1 0.231949 0.549075 0.019608 0.015152
1 0.511539 0.548523 0.019608 0.015152
1 0.070159 0.565884 0.019608 0.015151
1 0.231745 0.565884 0.019608 0.015151
1 0.511539 0.565884 0.019608 0.015151
0 0.856209 0.555713 0.236719 0.015856
0 0.856209 0.568024 0.236719 0.015856
1 0.070364 0.626909 0.019608 0.015151
1 0.232020 0.627569 0.019608 0.015151
1 0.540547 0.627016 0.019332 0.014938
1 0.746833 0.627826 0.019608 0.015152
1 0.070160 0.655446 0.019608 0.015153
1 0.541322 0.656265 0.019608 0.015152
1 0.070363 0.696537 0.019608 0.015152
1 0.070160 0.770635 0.019608 0.015152
1 0.540951 0.695274 0.019608 0.015152
1 0.540748 0.769373 0.019608 0.015152
1 0.070061 0.831516 0.019608 0.015151
1 0.748163 0.831674 0.019608 0.015151
0 0.271480 0.862134 0.447103 0.021854
0 0.625034 0.863398 0.209366 0.021854
0 0.812572 0.863398 0.098444 0.021854
0 0.157037 0.897044 0.211194 0.021854
0 0.391948 0.896730 0.209366 0.021853
1 0.725083 0.882974 0.019608 0.015151
1 0.725288 0.900334 0.019608 0.015152
0 0.907708 0.897716 0.127855 0.021854
1 0.070265 0.940321 0.019608 0.015152
1 0.725288 0.940321 0.019608 0.015152
0 0.922595 0.863638 0.120503 0.020907