0 0.224935 0.147042 0.362998 0.015983
0 0.552253 0.147042 0.273024 0.015983
0 0.823726 0.147442 0.245101 0.016782
0 0.153059 0.200584 0.210973 0.020778
0 0.380062 0.199785 0.209939 0.022376
0 0.593103 0.200185 0.185119 0.021577
0 0.825277 0.199386 0.248204 0.021577
0 0.191841 0.397173 0.274058 0.031966
0 0.495890 0.397573 0.300947 0.037560
0 0.748748 0.397573 0.159264 0.032765
0 0.898187 0.398372 0.081700 0.031166
0 0.189772 0.439128 0.276127 0.031166
0 0.496407 0.438329 0.301981 0.037560
0 0.747196 0.438728 0.158230 0.033564
0 0.898704 0.439527 0.078598 0.030367
0 0.188738 0.481482 0.276127 0.029568
0 0.496407 0.480683 0.304049 0.035961
0 0.748231 0.481482 0.156161 0.034363
0 0.899221 0.480683 0.077564 0.031167
0 0.190807 0.523437 0.276127 0.028769
0 0.496407 0.523038 0.299913 0.034363
0 0.749265 0.523437 0.152025 0.033564
0 0.899738 0.524236 0.078598 0.030367
0 0.148405 0.568988 0.156161 0.023974
0 0.918353 0.565792 0.031025 0.015983
0 0.475207 0.652898 0.290605 0.020778
0 0.790632 0.653697 0.313357 0.020778
0 0.473655 0.691257 0.287503 0.022376
0 0.792183 0.691257 0.310255 0.020778
0 0.360412 0.867867 0.462279 0.084709