0 0.873341 0.941713 0.188747 0.017261
2 0.776691 0.102025 0.014706 0.011364
2 0.717868 0.102025 0.014706 0.011364
2 0.717868 0.130418 0.014706 0.011364
2 0.934788 0.130418 0.014706 0.011364
0 0.340071 0.255900 0.099263 0.022388
1 0.400328 0.260480 0.014706 0.011364
0 0.502296 0.255900 0.107536 0.022388
1 0.584149 0.243383 0.014706 0.011364
1 0.584150 0.260480 0.014706 0.011364
0 0.585621 0.373790 0.769935 0.022232
0 0.585621 0.426822 0.769935 0.022232
2 0.070809 0.428221 0.014706 0.011364
2 0.070809 0.411177 0.014706 0.011364
0 0.585621 0.493110 0.769935 0.022232
2 0.070809 0.493561 0.014706 0.011364
2 0.070809 0.476516 0.014706 0.011364
0 0.585621 0.546145 0.769935 0.022232
2 0.070809 0.546596 0.014706 0.011364
2 0.070809 0.529552 0.014706 0.011364
0 0.585621 0.599181 0.769935 0.022232
2 0.070809 0.599631 0.014706 0.011364
2 0.070809 0.582587 0.014706 0.011364
0 0.585621 0.660722 0.769935 0.022232
2 0.070809 0.661173 0.014706 0.011364
2 0.070809 0.644129 0.014706 0.011364
0 0.585621 0.721332 0.769935 0.022232
2 0.070809 0.724181 0.014706 0.011364
2 0.070809 0.707136 0.014706 0.011364
3 0.169118 0.248276 0.220588 0.032335
2 0.665034 0.243383 0.014706 0.011364
2 0.665034 0.260480 0.014706 0.011364
2 0.758170 0.243383 0.014706 0.011364
2 0.758170 0.260480 0.014706 0.011364
2 0.851312 0.243383 0.014706 0.011364
2 0.851310 0.260480 0.014706 0.011364
1 0.491016 0.311110 0.014706 0.011364
1 0.491016 0.294013 0.014706 0.011364
1 0.343957 0.294013 0.014706 0.011364
1 0.343956 0.311110 0.014706 0.011364
1 0.069444 0.311110 0.014706 0.011364
1 0.069444 0.294013 0.014706 0.011364
1 0.809948 0.294013 0.014706 0.011364
2 0.070809 0.374241 0.014706 0.011364
2 0.070809 0.357197 0.014706 0.011364