0 0.515299 0.591731 0.911765 0.021144
0 0.224859 0.466227 0.330884 0.022232
1 0.353127 0.503221 0.014706 0.011364
0 0.173388 0.503109 0.227943 0.022327
2 0.711109 0.194265 0.014706 0.011364
2 0.773611 0.194265 0.014706 0.011364
1 0.070038 0.220086 0.014706 0.011364
1 0.070039 0.251335 0.014706 0.011364
0 0.688094 0.466227 0.566175 0.022232
0 0.537359 0.503157 0.264706 0.022232
0 0.827798 0.503157 0.286766 0.022232
1 0.070039 0.366742 0.014706 0.011364
1 0.070039 0.387694 0.014706 0.011364
1 0.070039 0.418943 0.014706 0.011364
0 0.515299 0.170773 0.911765 0.022232
1 0.415624 0.539251 0.014706 0.011364
1 0.831065 0.542745 0.014706 0.011364
1 0.831064 0.526900 0.014706 0.011364
1 0.070039 0.282347 0.014706 0.011364
1 0.070038 0.313832 0.014706 0.011364
1 0.070039 0.344019 0.014706 0.011364
0 0.642138 0.540675 0.341913 0.023587
0 0.230373 0.540675 0.341913 0.023587
0 0.876805 0.949979 0.188747 0.017261