0 0.152243 0.709910 0.017587 0.463759
0 0.151747 0.365811 0.018398 0.183824
0 0.151701 0.149306 0.018399 0.183823
1 0.131376 0.000000 0.013889 0.017832
1 0.149385 0.000000 0.013763 0.017627
0 0.183966 0.603758 0.017586 0.675770
1 0.168024 0.033557 0.014205 0.017974
1 0.168261 0.000000 0.014205 0.018178
1 0.186711 0.033620 0.014078 0.018015
1 0.186253 0.000000 0.014203 0.018485
0 0.338953 0.815154 0.035848 0.290850
0 0.348423 0.526144 0.015646 0.282680
0 0.348423 0.291667 0.015646 0.186274
0 0.348423 0.150327 0.015783 0.094771
0 0.348423 0.053513 0.015783 0.099673
1 0.339268 0.000000 0.026515 0.045752
1 0.339268 0.000000 0.026515 0.045752
1 0.339268 0.000000 0.026515 0.045752
1 0.339268 0.000000 0.026515 0.045752
0 0.376451 0.815869 0.037176 0.290850
0 0.382796 0.526451 0.016910 0.282680
0 0.382796 0.290748 0.016910 0.188725
0 0.382922 0.150226 0.016793 0.093954
0 0.382922 0.052595 0.016793 0.100490
1 0.376673 0.000000 0.024937 0.045752
1 0.376515 0.000000 0.025253 0.045752
1 0.376515 0.000000 0.025253 0.045752
1 0.376515 0.000000 0.025253 0.045752
0 0.411870 0.814951 0.035848 0.290850
0 0.419761 0.526144 0.015015 0.282680
0 0.419761 0.290850 0.015015 0.187908
0 0.420708 0.149714 0.014520 0.093954
0 0.420708 0.052900 0.014520 0.100490
1 0.411869 0.000000 0.026515 0.045752
1 0.411869 0.000000 0.026515 0.045752
1 0.411869 0.000000 0.026515 0.045752
1 0.411869 0.000000 0.026515 0.045752
0 0.448802 0.815360 0.037742 0.290850
0 0.456253 0.526043 0.019751 0.282680
0 0.456727 0.290748 0.018804 0.187910
0 0.458306 0.149612 0.014520 0.093956
0 0.458306 0.052799 0.014520 0.100490
1 0.447538 0.000000 0.026515 0.045752
1 0.447538 0.000000 0.026515 0.045752
1 0.447538 0.000000 0.026515 0.045752
1 0.447538 0.000000 0.026515 0.045752
0 0.483586 0.815717 0.037742 0.290849
0 0.491037 0.526399 0.019751 0.282680
0 0.491511 0.291105 0.018804 0.187908
0 0.493090 0.149969 0.014520 0.093954
0 0.493090 0.053155 0.014520 0.100490
1 0.484533 0.000000 0.026515 0.045752
1 0.484533 0.000000 0.026515 0.045752
1 0.484533 0.000000 0.026515 0.045752
1 0.484533 0.000000 0.026515 0.045752
1 0.510859 0.092790 0.012247 0.016708
1 0.529609 0.093485 0.012563 0.016708
1 0.598295 0.928329 0.013510 0.018341
1 0.614836 0.928716 0.013826 0.018546
0 0.610734 0.461193 0.018399 0.139706
0 0.610102 0.233660 0.018172 0.258170
0 0.609155 0.000000 0.021960 0.330882
1 0.681439 0.922181 0.014141 0.018750
1 0.696528 0.922161 0.014647 0.018709
0 0.696749 0.555556 0.018466 0.339137
1 0.680808 0.348754 0.013826 0.018750
1 0.696828 0.348652 0.013352 0.017729