2 0.071082 0.540160 0.014706 0.011364
2 0.159637 0.540160 0.014706 0.011364
2 0.365520 0.540160 0.014706 0.011364
1 0.928861 0.453303 0.014706 0.011364
3 0.243462 0.328006 0.368175 0.022232
3 0.646955 0.328006 0.368175 0.022232
0 0.609908 0.231375 0.180204 0.022323
3 0.738730 0.231375 0.071038 0.022323
0 0.172559 0.231375 0.226925 0.022323
0 0.405809 0.231375 0.222252 0.022323
1 0.935015 0.228643 0.014706 0.011364
0 0.246757 0.278617 0.375322 0.022232
3 0.485648 0.278617 0.073047 0.022232
3 0.815566 0.278528 0.311227 0.022412
0 0.592164 0.279011 0.107842 0.021446
0 0.246757 0.415207 0.375322 0.022232
3 0.484560 0.415207 0.073047 0.022232
3 0.754267 0.415118 0.433825 0.022412
2 0.355167 0.450832 0.014706 0.011364
2 0.237520 0.450832 0.014706 0.011364
2 0.070534 0.450832 0.014706 0.011364
0 0.246757 0.501306 0.375322 0.022232
3 0.485889 0.501306 0.073529 0.022232
3 0.815566 0.501216 0.311227 0.022412
0 0.592164 0.501699 0.107842 0.021446
0 0.206477 0.601789 0.250000 0.018653
0 0.435556 0.601699 0.178106 0.018832
3 0.574764 0.603578 0.073047 0.022232
3 0.853332 0.601699 0.232029 0.018832
0 0.676617 0.602182 0.107842 0.017866
1 0.872874 0.563149 0.014706 0.011364
1 0.207523 0.367852 0.014706 0.011364
0 0.852263 0.229694 0.145072 0.021045
0 0.122350 0.367498 0.124776 0.019005
0 0.682728 0.452762 0.470606 0.020486
2 0.698748 0.115260 0.014706 0.011364
2 0.761874 0.115260 0.014706 0.011364
0 0.876805 0.949969 0.188747 0.017261