0 0.347714 0.170455 0.423531 0.015152
0 0.646408 0.170203 0.129412 0.015152
0 0.811768 0.170455 0.143791 0.015152
2 0.125000 0.224116 0.017974 0.013889
2 0.366830 0.224116 0.017974 0.013889
2 0.701797 0.224116 0.017974 0.013889
2 0.819444 0.224116 0.017974 0.013889
2 0.528595 0.259470 0.017974 0.013889
2 0.819444 0.259470 0.017974 0.013889
0 0.179739 0.308587 0.130719 0.015152
0 0.322550 0.308587 0.130719 0.015152
0 0.474512 0.308587 0.156863 0.015152
0 0.640852 0.308587 0.156863 0.015152
0 0.806212 0.308587 0.156863 0.015152
2 0.163399 0.351010 0.019608 0.015152
2 0.421569 0.351010 0.019608 0.015152
0 0.379413 0.381820 0.490198 0.015152
0 0.756212 0.382325 0.248367 0.015152
0 0.380177 0.411198 0.492378 0.024411
0 0.757192 0.414648 0.248367 0.015152
2 0.125000 0.576389 0.017974 0.013889
2 0.518791 0.576389 0.017974 0.013889
2 0.125000 0.776515 0.017974 0.012626
0 0.410134 0.789568 0.081700 0.015152
2 0.125000 0.828283 0.017974 0.012626
2 0.518791 0.828283 0.017974 0.012626
0 0.708499 0.843943 0.350328 0.015152
0 0.741836 0.875428 0.294120 0.015152
5 0.376365 0.925091 0.133988 0.031987
5 0.516911 0.925126 0.135119 0.031566
5 0.660680 0.924250 0.133988 0.031987