0 0.346712 0.138997 0.459994 0.019099
0 0.734617 0.140058 0.222445 0.019099
0 0.232057 0.240857 0.233430 0.019099
0 0.473039 0.240857 0.218326 0.019099
0 0.732558 0.240857 0.234803 0.019099
0 0.367309 0.309295 0.465486 0.018038
0 0.497068 0.696045 0.035701 0.019099
0 0.692810 0.695076 0.241830 0.018939
0 0.870098 0.696970 0.047386 0.017677
0 0.278595 0.736111 0.282680 0.017677
0 0.561951 0.735619 0.214550 0.017567
0 0.333333 0.832071 0.107843 0.017677
0 0.741830 0.832071 0.303922 0.017677
5 0.546021 0.980634 0.117102 0.023148
5 0.473172 0.954855 0.115740 0.024200
5 0.397601 0.980634 0.117102 0.023148