0 0.275593 0.111692 0.447102 0.021853
0 0.619741 0.111980 0.183123 0.021854
0 0.863100 0.113081 0.199054 0.021853
1 0.070233 0.148663 0.019608 0.015152
1 0.070259 0.166106 0.019608 0.015152
1 0.070200 0.183003 0.019608 0.015152
1 0.070438 0.199991 0.019608 0.015152
1 0.070200 0.216886 0.019608 0.015152
1 0.540670 0.149027 0.019608 0.015152
1 0.540670 0.165831 0.019608 0.015152
1 0.540789 0.183003 0.019608 0.015152
0 0.767020 0.208575 0.407626 0.034362
1 0.070081 0.251702 0.019608 0.015152
0 0.264439 0.246871 0.105191 0.020907
1 0.540873 0.251860 0.019608 0.015152
0 0.807331 0.248202 0.308623 0.020907
1 0.070616 0.285547 0.019608 0.015152
1 0.070616 0.307821 0.019608 0.015152
0 0.295220 0.350630 0.407730 0.064430
1 0.540582 0.284920 0.019608 0.015152
1 0.540611 0.302267 0.019608 0.015152
1 0.540815 0.319194 0.019608 0.015152
1 0.577428 0.337227 0.019608 0.015152
1 0.629407 0.337385 0.019608 0.015152
1 0.680163 0.337227 0.019608 0.015152
1 0.731949 0.337227 0.018569 0.015152
1 0.783209 0.337778 0.019608 0.015152
1 0.541172 0.360677 0.019608 0.015152
1 0.577825 0.377684 0.019608 0.015153
1 0.628837 0.377487 0.019608 0.015152
1 0.680817 0.377447 0.019608 0.015152
1 0.731778 0.377330 0.019608 0.015152
1 0.783047 0.379033 0.019608 0.015151
1 0.862752 0.423865 0.019608 0.015152
1 0.934121 0.424292 0.019608 0.015152
1 0.862626 0.441028 0.019608 0.015152
1 0.934477 0.441249 0.019608 0.015152
1 0.862090 0.458426 0.019608 0.015152
1 0.934477 0.458462 0.019608 0.015152
1 0.862531 0.476662 0.019608 0.015152
1 0.934721 0.475971 0.019608 0.015152
1 0.862173 0.501105 0.019608 0.015152
1 0.934565 0.501309 0.020141 0.015152
1 0.862221 0.527064 0.019608 0.015152
1 0.934614 0.527046 0.020144 0.015152
1 0.862008 0.543795 0.019072 0.015152
1 0.934832 0.544278 0.019608 0.015152
1 0.862221 0.560340 0.019608 0.015152
1 0.934881 0.561211 0.019608 0.015152
1 0.862191 0.585577 0.019608 0.015152
1 0.935052 0.586385 0.019072 0.015152
1 0.862209 0.619650 0.019608 0.015152
1 0.934309 0.620898 0.019608 0.015152
0 0.859477 0.651188 0.211886 0.020908
1 0.863235 0.674951 0.019608 0.015152
1 0.935410 0.674994 0.019608 0.015152
1 0.863260 0.701664 0.019608 0.015152
1 0.935435 0.701688 0.019608 0.015152
1 0.863284 0.719072 0.019608 0.015152
1 0.935459 0.718711 0.019608 0.015152
1 0.862943 0.734836 0.019608 0.015152
1 0.935406 0.735226 0.019074 0.015152
1 0.864229 0.758643 0.019608 0.015152
1 0.936692 0.759034 0.019073 0.015152
1 0.789420 0.813915 0.019608 0.015152
1 0.861948 0.814099 0.019608 0.015152
1 0.934924 0.813870 0.020113 0.015152
1 0.789663 0.831443 0.019074 0.015152
1 0.861948 0.831424 0.019608 0.015151
1 0.934430 0.832269 0.019072 0.015152
1 0.789420 0.848664 0.019608 0.015152
1 0.861972 0.848924 0.019608 0.015152
1 0.789489 0.865856 0.019072 0.015152
1 0.861919 0.865684 0.020142 0.015152
1 0.789420 0.883272 0.019608 0.015152
1 0.861997 0.883318 0.019608 0.015152
1 0.789538 0.900108 0.019072 0.015152
1 0.861968 0.899718 0.020142 0.015152
1 0.070766 0.933433 0.019608 0.015152
1 0.209758 0.933314 0.019608 0.015152
0 0.631710 0.931989 0.657959 0.020907