0 0.262911 0.177692 0.440590 0.017169
0 0.552739 0.177930 0.131186 0.017072
0 0.773532 0.177849 0.127508 0.016599
1 0.049233 0.211995 0.015777 0.012942
0 0.231618 0.227660 0.090337 0.017071
0 0.167484 0.250388 0.081349 0.017071
1 0.049224 0.272854 0.016442 0.012942
1 0.049785 0.303157 0.016748 0.012942
1 0.049020 0.325126 0.015777 0.012942
0 0.497141 0.323864 0.307418 0.017169
0 0.732435 0.324495 0.051121 0.017071
5 0.255310 0.964015 0.071078 0.028409
5 0.335376 0.969066 0.071078 0.028409
5 0.413399 0.974116 0.070261 0.028409