2 0.495913 0.118317 0.014706 0.011364
2 0.710013 0.118317 0.014706 0.011364
2 0.069123 0.235268 0.014706 0.011364
2 0.069123 0.250894 0.014706 0.011364
2 0.069123 0.265500 0.014706 0.011364
0 0.918671 0.262749 0.104577 0.022232
0 0.360889 0.262749 0.352941 0.022232
0 0.618515 0.262659 0.132899 0.022412
3 0.776266 0.262749 0.166670 0.022232
0 0.210153 0.196223 0.301472 0.018653
0 0.463827 0.196133 0.176471 0.018832
3 0.599859 0.198013 0.066175 0.022232
3 0.864563 0.196133 0.213237 0.018832
0 0.699123 0.196616 0.102941 0.017866
0 0.876805 0.949979 0.188747 0.017261