0 0.308824 0.200202 0.500000 0.064498
0 0.746109 0.313867 0.058824 0.017985
0 0.645658 0.313867 0.132353 0.017985
0 0.630953 0.227157 0.102941 0.022973
0 0.830882 0.227157 0.102941 0.022973
1 0.895062 0.227907 0.016340 0.012626
1 0.895067 0.204302 0.016340 0.012626
1 0.700088 0.227907 0.016340 0.012626
0 0.677422 0.539028 0.107804 0.017985
3 0.850195 0.540343 0.225966 0.022513
3 0.580219 0.540424 0.074343 0.022351
0 0.434030 0.538545 0.205567 0.018951
0 0.190673 0.538635 0.261033 0.018771
0 0.190673 0.379508 0.261033 0.018771
0 0.434030 0.379419 0.205567 0.018951
3 0.580219 0.381298 0.074343 0.022351
3 0.850195 0.381217 0.225966 0.022513
0 0.677422 0.379902 0.107804 0.017985
0 0.308824 0.297722 0.500000 0.050277
0 0.249727 0.452308 0.381807 0.052841
1 0.792214 0.310020 0.016340 0.012626
1 0.880449 0.280859 0.016340 0.012626
1 0.792214 0.280859 0.016340 0.012626
1 0.454021 0.412792 0.016340 0.012626
1 0.592284 0.438447 0.016340 0.012626
1 0.792214 0.467607 0.016340 0.012626
1 0.880449 0.438447 0.016340 0.012626
1 0.792214 0.438447 0.016340 0.012626
0 0.746109 0.471455 0.058824 0.017985
0 0.645658 0.471455 0.132353 0.017985
1 0.845943 0.503189 0.016340 0.012626
2 0.073776 0.594001 0.017974 0.013889
2 0.134791 0.594005 0.017974 0.013889
0 0.640365 0.594001 0.646531 0.032212