1 0.132843 0.138636 0.016274 0.012727
0 0.743431 0.145833 0.342549 0.030152
1 0.132843 0.170606 0.016274 0.012727
0 0.743431 0.174697 0.342549 0.024242
1 0.132843 0.196515 0.016274 0.012727
0 0.743431 0.210671 0.342549 0.043809
1 0.132843 0.242273 0.016274 0.012727
0 0.743431 0.246364 0.342549 0.024242
1 0.132843 0.268182 0.016274 0.012727
0 0.743431 0.272273 0.342549 0.024242
1 0.132843 0.294091 0.016274 0.012727
0 0.743431 0.298182 0.342549 0.024242
0 0.500784 0.466818 0.826275 0.256970
0 0.395784 0.760780 0.397059 0.021471
0 0.817059 0.761345 0.172549 0.020644
1 0.103320 0.138636 0.016275 0.012727
1 0.103320 0.170606 0.016275 0.012727
1 0.103320 0.196104 0.016275 0.011904
1 0.103320 0.242273 0.016275 0.012727
1 0.103320 0.268182 0.016275 0.012727
1 0.103320 0.294091 0.016275 0.012727