0 0.187549 0.641667 0.224510 0.032424
0 0.433824 0.641093 0.261373 0.032424
0 0.625000 0.641667 0.114314 0.032424
0 0.750000 0.641667 0.129020 0.032424
0 0.889706 0.641667 0.143725 0.032424
0 0.187549 0.764697 0.224510 0.032424
0 0.433824 0.764697 0.261373 0.032424
0 0.658137 0.764697 0.180588 0.032424
0 0.856667 0.764697 0.209804 0.032424
0 0.187549 0.877273 0.224510 0.032424
0 0.433824 0.877846 0.261373 0.032424
0 0.625000 0.877273 0.114314 0.032424
0 0.750000 0.877273 0.129020 0.032424
0 0.889706 0.877273 0.143725 0.032424