0 0.694931 0.170253 0.134451 0.019191
0 0.897465 0.169116 0.143858 0.019973
0 0.304532 0.208549 0.501220 0.032027
0 0.672743 0.209212 0.176691 0.027736
0 0.878734 0.210337 0.182531 0.026477
0 0.304412 0.253013 0.503333 0.033030
0 0.879270 0.254747 0.183993 0.032424
0 0.305481 0.299296 0.501194 0.032027
0 0.672812 0.304128 0.178690 0.022729
0 0.880094 0.305318 0.183930 0.022529
1 0.043431 0.375328 0.026863 0.020758
1 0.043431 0.459364 0.026863 0.019655
1 0.043639 0.545503 0.024011 0.018003
1 0.513457 0.460192 0.026863 0.019657
1 0.515062 0.545700 0.024010 0.018003
1 0.515062 0.591154 0.024010 0.018003
1 0.515062 0.636609 0.024010 0.018003
1 0.515569 0.682063 0.025025 0.018003
0 0.182506 0.607112 0.306972 0.029201
0 0.419785 0.608217 0.154315 0.028098
0 0.262656 0.669754 0.465704 0.068774
0 0.167843 0.736070 0.276471 0.027355
1 0.339469 0.738278 0.022105 0.015977
1 0.425238 0.739072 0.020263 0.016914
0 0.865918 0.735352 0.182706 0.025023
0 0.389076 0.794438 0.721112 0.043626
0 0.862358 0.801858 0.213405 0.028140
5 0.391672 0.984163 0.088595 0.015488
5 0.488704 0.984062 0.088595 0.016314
5 0.582495 0.983557 0.087526 0.015488
3 0.526880 0.960365 0.247453 0.021485