0 0.768367 0.143701 0.117352 0.025300
0 0.874806 0.145567 0.043182 0.021569
0 0.045889 0.219247 0.053899 0.024549
3 0.094544 0.219655 0.038545 0.023732
1 0.136224 0.222698 0.028788 0.017647
3 0.180373 0.219970 0.041667 0.022728
0 0.245112 0.219247 0.083433 0.024549
0 0.332868 0.219247 0.086555 0.024549
0 0.416702 0.219247 0.074425 0.024549
0 0.485997 0.219247 0.055694 0.024549
0 0.550620 0.219247 0.060697 0.024549
0 0.613453 0.219247 0.057576 0.024549
0 0.667872 0.219247 0.047344 0.024549
0 0.716483 0.219247 0.043182 0.024549
0 0.780023 0.219247 0.074051 0.024549
0 0.862916 0.219247 0.082376 0.024549
0 0.941001 0.219247 0.069797 0.024549
0 0.045889 0.244793 0.053899 0.021569
3 0.094544 0.244874 0.038545 0.021405
1 0.136224 0.246753 0.028788 0.017647
3 0.180373 0.244874 0.041667 0.021405
0 0.245112 0.244793 0.083433 0.021569
0 0.332868 0.244793 0.086555 0.021569
0 0.416702 0.244793 0.074425 0.021569
0 0.485997 0.244793 0.055694 0.021569
0 0.550620 0.244793 0.060697 0.021569
0 0.613453 0.244793 0.057576 0.021569
0 0.667872 0.244793 0.047344 0.021569
0 0.716483 0.244793 0.043182 0.021569
0 0.780023 0.244793 0.074051 0.021569
0 0.862916 0.244793 0.082376 0.021569
0 0.941001 0.244119 0.069797 0.022915
0 0.045889 0.273616 0.053899 0.021569
3 0.094544 0.273697 0.038545 0.021405
1 0.136224 0.273942 0.028788 0.017647
3 0.180373 0.273697 0.041667 0.021405
0 0.245112 0.273616 0.083433 0.021569
0 0.332868 0.273616 0.086555 0.021569
0 0.416702 0.273616 0.074425 0.021569
0 0.485997 0.273616 0.055694 0.021569
0 0.550620 0.273616 0.060697 0.021569
0 0.613453 0.273616 0.057576 0.021569
0 0.667872 0.273616 0.047344 0.021569
0 0.716483 0.273616 0.043182 0.021569
0 0.780023 0.273616 0.074051 0.021569
0 0.862916 0.273616 0.082376 0.021569
0 0.941001 0.272942 0.069797 0.022915
0 0.045889 0.297671 0.053899 0.021569
3 0.094544 0.297753 0.038545 0.021405
1 0.136224 0.299632 0.028788 0.017647
3 0.180373 0.297753 0.041667 0.021405
0 0.245112 0.297671 0.083433 0.021569
0 0.332868 0.297671 0.086555 0.021569
0 0.416702 0.297671 0.074425 0.021569
0 0.485997 0.297671 0.055694 0.021569
0 0.550620 0.297671 0.060697 0.021569
0 0.613453 0.297671 0.057576 0.021569
0 0.667872 0.297671 0.047344 0.021569
0 0.716483 0.297671 0.043182 0.021569
0 0.780023 0.297671 0.074051 0.021569
0 0.862916 0.297671 0.082376 0.021569
0 0.941001 0.296998 0.069797 0.022915
0 0.045889 0.325608 0.053899 0.021569
3 0.094544 0.325689 0.038545 0.021405
1 0.136224 0.327568 0.028788 0.017647
3 0.180373 0.325689 0.041667 0.021405
0 0.245112 0.325608 0.083433 0.021569
0 0.332868 0.325608 0.086555 0.021569
0 0.416702 0.325608 0.074425 0.021569
0 0.485997 0.325608 0.055694 0.021569
0 0.550620 0.325608 0.060697 0.021569
0 0.613453 0.325608 0.057576 0.021569
0 0.665347 0.325608 0.042294 0.021569
0 0.716483 0.325608 0.043182 0.021569
0 0.780023 0.325608 0.074051 0.021569
0 0.862916 0.325608 0.082376 0.021569
0 0.941001 0.324934 0.069797 0.022915
0 0.045889 0.351297 0.053899 0.021569
3 0.094544 0.351379 0.038545 0.021405
1 0.136224 0.353258 0.028788 0.017647
3 0.180373 0.351379 0.041667 0.021405
0 0.245112 0.351297 0.083433 0.021569
0 0.332868 0.351297 0.086555 0.021569
0 0.416702 0.351297 0.074425 0.021569
0 0.485997 0.351297 0.055694 0.021569
0 0.550620 0.351297 0.060697 0.021569
0 0.613453 0.351297 0.057576 0.021569
0 0.667872 0.351297 0.047344 0.021569
0 0.716483 0.351297 0.043182 0.021569
0 0.780023 0.351297 0.074051 0.021569
0 0.862916 0.351297 0.082376 0.021569
0 0.941001 0.350624 0.069797 0.022915
0 0.045889 0.378486 0.053899 0.021569
3 0.094544 0.376934 0.038545 0.021405
1 0.136224 0.378813 0.028788 0.017647
3 0.180373 0.378568 0.041667 0.021405
0 0.245112 0.378486 0.083433 0.021569
0 0.332868 0.378486 0.086555 0.021569
0 0.416702 0.378486 0.074425 0.021569
0 0.485997 0.378486 0.055694 0.021569
0 0.550620 0.378486 0.060697 0.021569
0 0.613453 0.378486 0.057576 0.021569
0 0.667872 0.378486 0.047344 0.021569
0 0.716483 0.378486 0.043182 0.021569
0 0.780023 0.378486 0.074051 0.021569
0 0.862916 0.378486 0.082376 0.021569
0 0.941001 0.377813 0.069797 0.022915
0 0.045889 0.404176 0.053899 0.021569
3 0.094544 0.404257 0.038545 0.021405
1 0.136224 0.406136 0.028788 0.017647
3 0.180373 0.404257 0.041667 0.021405
0 0.245112 0.404176 0.083433 0.021569
0 0.332868 0.404176 0.086555 0.021569
0 0.416702 0.404176 0.074425 0.021569
0 0.485997 0.404176 0.055694 0.021569
0 0.550620 0.404176 0.060697 0.021569
0 0.613453 0.404176 0.057576 0.021569
0 0.667872 0.404176 0.047344 0.021569
0 0.716483 0.404176 0.043182 0.021569
0 0.780023 0.404176 0.074051 0.021569
0 0.862916 0.404176 0.082376 0.021569
0 0.941001 0.403502 0.069797 0.022915
0 0.045889 0.432486 0.053899 0.021569
3 0.094544 0.432568 0.038545 0.021405
1 0.136224 0.434447 0.028788 0.017647
3 0.180373 0.432568 0.041667 0.021405
0 0.245112 0.432486 0.083433 0.021569
0 0.332868 0.432486 0.086555 0.021569
0 0.416702 0.432486 0.074425 0.021569
0 0.485997 0.432486 0.055694 0.021569
0 0.550620 0.432486 0.060697 0.021569
0 0.613453 0.432486 0.057576 0.021569
0 0.667872 0.432486 0.047344 0.021569
0 0.716483 0.432486 0.043182 0.021569
0 0.780023 0.432486 0.074051 0.021569
0 0.862916 0.432486 0.082376 0.021569
0 0.941001 0.431813 0.069797 0.022915
0 0.045889 0.461444 0.053899 0.021569
3 0.094544 0.461525 0.038545 0.021405
1 0.136224 0.463404 0.028788 0.017647
3 0.180373 0.461525 0.041667 0.021405
0 0.245112 0.461444 0.083433 0.021569
0 0.332868 0.461444 0.086555 0.021569
0 0.416702 0.461444 0.074425 0.021569
0 0.485997 0.461444 0.055694 0.021569
0 0.550620 0.461444 0.060697 0.021569
0 0.613453 0.461444 0.057576 0.021569
0 0.667872 0.461444 0.047344 0.021569
0 0.716483 0.461444 0.043182 0.021569
0 0.780023 0.461444 0.074051 0.021569
0 0.862916 0.461444 0.082376 0.021569
0 0.941001 0.460770 0.069797 0.022915
0 0.045889 0.491901 0.053899 0.021569
3 0.094544 0.491982 0.038545 0.021405
1 0.136224 0.493861 0.028788 0.017647
3 0.180373 0.491982 0.041667 0.021405
0 0.245112 0.491901 0.083433 0.021569
0 0.332868 0.491901 0.086555 0.021569
0 0.416702 0.491901 0.074425 0.021569
0 0.485997 0.491901 0.055694 0.021569
0 0.550620 0.491901 0.060697 0.021569
0 0.613453 0.491901 0.057576 0.021569
0 0.667872 0.491901 0.047344 0.021569
0 0.716483 0.491901 0.043182 0.021569
0 0.780023 0.491901 0.074051 0.021569
0 0.862916 0.491901 0.082376 0.021569
0 0.941001 0.491227 0.069797 0.022915
0 0.045889 0.522492 0.053899 0.021569
3 0.094544 0.522574 0.038545 0.021405
1 0.136224 0.524453 0.028788 0.017647
3 0.180373 0.522574 0.041667 0.021405
0 0.245112 0.522492 0.083433 0.021569
0 0.332868 0.522492 0.086555 0.021569
0 0.416702 0.522492 0.074425 0.021569
0 0.485997 0.522492 0.055694 0.021569
0 0.550620 0.522492 0.060697 0.021569
0 0.613453 0.522492 0.057576 0.021569
0 0.667872 0.522492 0.047344 0.021569
0 0.716483 0.522492 0.043182 0.021569
0 0.780023 0.522492 0.074051 0.021569
0 0.862916 0.522492 0.082376 0.021569
0 0.941001 0.521819 0.069797 0.022915
0 0.045889 0.547161 0.053899 0.021569
3 0.094544 0.547242 0.038545 0.021405
1 0.136224 0.549121 0.028788 0.017647
3 0.180373 0.547242 0.041667 0.021405
0 0.245112 0.547161 0.083433 0.021569
0 0.332868 0.547161 0.086555 0.021569
0 0.416702 0.547161 0.074425 0.021569
0 0.485997 0.547161 0.055694 0.021569
0 0.550620 0.547161 0.060697 0.021569
0 0.613453 0.547161 0.057576 0.021569
0 0.667872 0.547161 0.047344 0.021569
0 0.716483 0.547161 0.043182 0.021569
0 0.780023 0.547161 0.074051 0.021569
0 0.862916 0.547161 0.082376 0.021569
0 0.941001 0.546487 0.069797 0.022915
0 0.045889 0.576118 0.053899 0.021569
3 0.094544 0.576200 0.038545 0.021405
1 0.136224 0.578079 0.028788 0.017647
3 0.180373 0.576200 0.041667 0.021405
0 0.245112 0.576118 0.083433 0.021569
0 0.332868 0.576118 0.086555 0.021569
0 0.416702 0.576118 0.074425 0.021569
0 0.485997 0.576118 0.055694 0.021569
0 0.550620 0.576118 0.060697 0.021569
0 0.613453 0.576118 0.057576 0.021569
0 0.667872 0.576118 0.047344 0.021569
0 0.716483 0.576118 0.043182 0.021569
0 0.780023 0.576118 0.074051 0.021569
0 0.862916 0.576118 0.082376 0.021569
0 0.941001 0.575445 0.069797 0.022915
0 0.045889 0.604941 0.053899 0.021569
3 0.094544 0.605023 0.038545 0.021405
1 0.136224 0.606902 0.028788 0.017647
3 0.180373 0.605023 0.041667 0.021405
0 0.245112 0.604941 0.083433 0.021569
0 0.332868 0.604941 0.086555 0.021569
0 0.416702 0.604941 0.074425 0.021569
0 0.485997 0.604941 0.055694 0.021569
0 0.550620 0.604941 0.060697 0.021569
0 0.613453 0.604941 0.057576 0.021569
0 0.667872 0.604941 0.047344 0.021569
0 0.716483 0.604941 0.043182 0.021569
0 0.780023 0.604941 0.074051 0.021569
0 0.862916 0.604941 0.082376 0.021569
0 0.941001 0.604268 0.069797 0.022915
0 0.045889 0.632264 0.053899 0.021569
3 0.094544 0.632346 0.038545 0.021405
1 0.136224 0.634225 0.028788 0.017647
3 0.180373 0.632346 0.041667 0.021405
0 0.245112 0.632264 0.083433 0.021569
0 0.332868 0.632264 0.086555 0.021569
0 0.416702 0.632264 0.074425 0.021569
0 0.485997 0.632264 0.055694 0.021569
0 0.550620 0.632264 0.060697 0.021569
0 0.613453 0.632264 0.057576 0.021569
0 0.667872 0.632264 0.047344 0.021569
0 0.716483 0.632264 0.043182 0.021569
0 0.780023 0.632264 0.074051 0.021569
0 0.862916 0.632264 0.082376 0.021569
0 0.941001 0.631591 0.069797 0.022915
0 0.045789 0.661862 0.053699 0.021569
3 0.094544 0.661944 0.038545 0.021405
1 0.136224 0.663823 0.028788 0.017647
3 0.180174 0.661944 0.041667 0.021405
0 0.244913 0.661862 0.083433 0.021569
0 0.332668 0.661862 0.086555 0.021569
0 0.416502 0.661862 0.074425 0.021569
0 0.485997 0.661862 0.055694 0.021569
0 0.551368 0.661862 0.060697 0.021569
0 0.613253 0.661862 0.057576 0.021569
0 0.667672 0.661862 0.047344 0.021569
0 0.716483 0.661862 0.043182 0.021569
0 0.780023 0.661862 0.074051 0.021569
0 0.862916 0.661862 0.082376 0.021569
0 0.941001 0.661189 0.069797 0.022915
0 0.045789 0.689186 0.053699 0.021569
3 0.094544 0.689267 0.038545 0.021405
1 0.136224 0.691147 0.028788 0.017647
3 0.180174 0.689267 0.041667 0.021405
0 0.244913 0.689186 0.083433 0.021569
0 0.332668 0.689186 0.086555 0.021569
0 0.416502 0.689186 0.074425 0.021569
0 0.485997 0.689186 0.055694 0.021569
0 0.550421 0.689186 0.060697 0.021569
0 0.613253 0.689186 0.057576 0.021569
0 0.667672 0.689186 0.047344 0.021569
0 0.716483 0.689186 0.043182 0.021569
0 0.780023 0.689186 0.074051 0.021569
0 0.862916 0.689186 0.082376 0.021569
0 0.941001 0.688512 0.069797 0.022915
0 0.045789 0.718009 0.053699 0.021569
3 0.094544 0.718090 0.038545 0.021405
1 0.136224 0.719970 0.028788 0.017647
3 0.180174 0.718090 0.041667 0.021405
0 0.244913 0.718009 0.083433 0.021569
0 0.332668 0.718009 0.086555 0.021569
0 0.416502 0.718009 0.074425 0.021569
0 0.485997 0.718009 0.055694 0.021569
0 0.550421 0.718009 0.060697 0.021569
0 0.613253 0.718009 0.057576 0.021569
0 0.667672 0.718009 0.047344 0.021569
0 0.716483 0.718009 0.043182 0.021569
0 0.780023 0.718009 0.074051 0.021569
0 0.862916 0.718009 0.082376 0.021569
0 0.941001 0.717335 0.069797 0.022915
0 0.045789 0.748600 0.053699 0.021569
3 0.094544 0.748682 0.038545 0.021405
1 0.136224 0.750561 0.028788 0.017647
3 0.180174 0.748682 0.041667 0.021405
0 0.244913 0.748600 0.083433 0.021569
0 0.332668 0.748600 0.086555 0.021569
0 0.416502 0.748600 0.074425 0.021569
0 0.485997 0.748600 0.055694 0.021569
0 0.550421 0.748600 0.060697 0.021569
0 0.613253 0.748600 0.057576 0.021569
0 0.667672 0.748600 0.047344 0.021569
0 0.716483 0.748600 0.043182 0.021569
0 0.780023 0.748600 0.074051 0.021569
0 0.862916 0.748600 0.082376 0.021569
0 0.941001 0.747927 0.069797 0.022915
0 0.045789 0.776537 0.053699 0.021569
3 0.094544 0.776619 0.038545 0.021405
1 0.136224 0.778498 0.028788 0.017647
3 0.180174 0.776619 0.041667 0.021405
0 0.244913 0.776537 0.083433 0.021569
0 0.332668 0.776537 0.086555 0.021569
0 0.416502 0.776537 0.074425 0.021569
0 0.485997 0.776537 0.055694 0.021569
0 0.550421 0.776537 0.060697 0.021569
0 0.613253 0.776537 0.057576 0.021569
0 0.667672 0.776537 0.047344 0.021569
0 0.716483 0.776537 0.043182 0.021569
0 0.780023 0.776537 0.074051 0.021569
0 0.862916 0.776537 0.082376 0.021569
0 0.941001 0.775864 0.069797 0.022915
0 0.045789 0.805494 0.053699 0.021569
3 0.094544 0.805576 0.038545 0.021405
1 0.136224 0.807455 0.028788 0.017647
3 0.180174 0.805576 0.041667 0.021405
0 0.244913 0.805494 0.083433 0.021569
0 0.332668 0.805494 0.086555 0.021569
0 0.416502 0.805494 0.074425 0.021569
0 0.485997 0.805494 0.055694 0.021569
0 0.550421 0.805494 0.060697 0.021569
0 0.613253 0.805494 0.057576 0.021569
0 0.667672 0.805494 0.047344 0.021569
0 0.716483 0.805494 0.043182 0.021569
0 0.780023 0.805494 0.074051 0.021569
0 0.862916 0.805494 0.082376 0.021569
0 0.941001 0.804821 0.069797 0.022915
0 0.045789 0.832683 0.053699 0.021569
3 0.094544 0.832765 0.038545 0.021405
1 0.136224 0.834644 0.028788 0.017647
3 0.180174 0.832765 0.041667 0.021405
0 0.244913 0.832683 0.083433 0.021569
0 0.332668 0.832683 0.086555 0.021569
0 0.416502 0.832683 0.074425 0.021569
0 0.485997 0.832683 0.055694 0.021569
0 0.550421 0.832683 0.060697 0.021569
0 0.613253 0.832683 0.057576 0.021569
0 0.667672 0.832683 0.047344 0.021569
0 0.716483 0.832683 0.043182 0.021569
0 0.780023 0.832683 0.074051 0.021569
0 0.862916 0.832683 0.082376 0.021569
0 0.941001 0.832010 0.069797 0.022915
0 0.045789 0.861641 0.053699 0.021569
3 0.094544 0.861722 0.038545 0.021405
1 0.136224 0.863601 0.028788 0.017647
3 0.180174 0.861722 0.041667 0.021405
0 0.244913 0.861641 0.083433 0.021569
0 0.332668 0.861641 0.086555 0.021569
0 0.416502 0.861641 0.074425 0.021569
0 0.485997 0.861641 0.055694 0.021569
0 0.550421 0.861641 0.060697 0.021569
0 0.613253 0.861641 0.057576 0.021569
0 0.667672 0.861641 0.047344 0.021569
0 0.716483 0.861641 0.043182 0.021569
0 0.780023 0.861641 0.074051 0.021569
0 0.862916 0.861641 0.082376 0.021569
0 0.941001 0.860967 0.069797 0.022915
5 0.445731 0.936620 0.117190 0.029066
5 0.582009 0.937502 0.119458 0.030829
5 0.718286 0.937472 0.118702 0.030769