0 0.286653 0.159060 0.468881 0.017168
0 0.666306 0.157739 0.254806 0.016125
0 0.880079 0.157477 0.127508 0.015651
0 0.286477 0.186506 0.469003 0.018683
0 0.286387 0.215725 0.466310 0.020386
0 0.664195 0.188193 0.248992 0.015651
0 0.880001 0.187785 0.131185 0.015651
0 0.751832 0.216547 0.420523 0.020386
1 0.079158 0.249764 0.015523 0.012942
1 0.264614 0.249764 0.016748 0.012942
0 0.753982 0.249025 0.416408 0.016883
1 0.078248 0.302951 0.016935 0.012942
1 0.519942 0.303030 0.015897 0.012942
0 0.354829 0.337153 0.573921 0.017926
0 0.734204 0.340815 0.126866 0.015653
0 0.888815 0.341320 0.126864 0.015653
0 0.271823 0.383744 0.415099 0.017926
0 0.576070 0.383366 0.134944 0.017926
1 0.687408 0.370818 0.015033 0.012942
1 0.687245 0.386443 0.015033 0.012941
0 0.880951 0.384344 0.159585 0.017926
1 0.078767 0.447206 0.015897 0.012942
1 0.656678 0.446732 0.016935 0.012942
0 0.840694 0.632986 0.117060 0.015653
0 0.840122 0.671811 0.117060 0.015653
0 0.235712 0.928945 0.390589 0.017926
0 0.489632 0.928945 0.119023 0.017926
0 0.627377 0.928945 0.156276 0.017926
0 0.785220 0.928945 0.156276 0.017925