0 0.873341 0.941713 0.188747 0.017261
2 0.678660 0.103213 0.014706 0.011364
2 0.748516 0.103213 0.014706 0.011364
2 0.070809 0.374509 0.014706 0.011364
2 0.148882 0.374509 0.014706 0.011364
0 0.154412 0.245363 0.191176 0.024425
1 0.282681 0.244101 0.014706 0.011364
0 0.649281 0.244013 0.636794 0.019967
0 0.189340 0.292926 0.261033 0.018771
0 0.433667 0.292837 0.205567 0.018951
3 0.583748 0.294716 0.074343 0.022351
3 0.857605 0.292845 0.225966 0.018933
0 0.685815 0.293319 0.107804 0.017985
0 0.308823 0.428765 0.448531 0.018653
0 0.209557 0.479024 0.250000 0.017255
0 0.439183 0.478176 0.194539 0.018951
3 0.583748 0.480056 0.074343 0.022351
3 0.857605 0.477482 0.225966 0.020340
0 0.685815 0.478659 0.107804 0.017985
0 0.758340 0.428765 0.424497 0.018653
0 0.308823 0.533883 0.448531 0.018653
0 0.209557 0.584143 0.250000 0.017255
0 0.439183 0.583295 0.194539 0.018951
3 0.583748 0.585174 0.074343 0.022351
3 0.857605 0.582600 0.225966 0.020340
0 0.685815 0.583778 0.107804 0.017985
0 0.758340 0.533883 0.424497 0.018653
0 0.513946 0.330939 0.911931 0.017985