0 0.873341 0.941713 0.188747 0.017261
3 0.928807 0.343484 0.083330 0.022323
0 0.762642 0.341694 0.231389 0.018744
0 0.208221 0.341694 0.259806 0.018744
0 0.487635 0.341694 0.284312 0.018744
0 0.208212 0.392916 0.259806 0.018653
0 0.437381 0.392826 0.183824 0.018832
3 0.574216 0.394706 0.071917 0.022232
3 0.849150 0.392826 0.232029 0.018832
0 0.670998 0.393309 0.107842 0.017866
2 0.580011 0.291717 0.014706 0.011364
2 0.651582 0.291717 0.014706 0.011364
1 0.266227 0.254210 0.014706 0.011364
0 0.156751 0.249767 0.196077 0.018582
3 0.928608 0.496133 0.083330 0.022323
0 0.762443 0.494343 0.231389 0.018744
0 0.208022 0.494343 0.259806 0.018744
0 0.487435 0.494343 0.284312 0.018744
0 0.208004 0.545740 0.259806 0.018303
0 0.437173 0.545475 0.183823 0.018832
3 0.574009 0.547355 0.071917 0.022232
3 0.848943 0.545475 0.232029 0.018832
0 0.670790 0.545958 0.107842 0.017866
0 0.801265 0.600806 0.338046 0.022232
3 0.211681 0.600806 0.267160 0.022232
3 0.488860 0.601407 0.257351 0.022232
0 0.801454 0.447394 0.338046 0.022232
3 0.211699 0.447394 0.267160 0.022232
3 0.488860 0.447394 0.257351 0.022232
1 0.256422 0.151657 0.014706 0.011364
0 0.181262 0.200256 0.245100 0.017734
0 0.523615 0.249341 0.429806 0.017730
0 0.284201 0.289312 0.450977 0.018748
1 0.521126 0.291719 0.014706 0.011364
3 0.862957 0.200337 0.215039 0.018832
0 0.658614 0.200337 0.181176 0.018832
0 0.434472 0.200426 0.251520 0.018653
1 0.825051 0.151657 0.014706 0.011364
1 0.717204 0.151657 0.014706 0.011364
1 0.344657 0.151657 0.014706 0.011364
1 0.928802 0.256826 0.014706 0.011364
0 0.836779 0.252326 0.162681 0.018582