2 0.068928 0.449784 0.014706 0.011364
2 0.068928 0.432740 0.014706 0.011364
0 0.197583 0.389738 0.277897 0.018653
0 0.436681 0.389648 0.181386 0.018832
3 0.574574 0.391528 0.073047 0.022232
3 0.853363 0.390341 0.231977 0.016424
0 0.676672 0.390597 0.107841 0.016936
1 0.290433 0.452702 0.014706 0.011364
0 0.194931 0.193003 0.272059 0.022232
0 0.435042 0.192913 0.178106 0.022412
3 0.574569 0.193003 0.073047 0.022232
3 0.796706 0.192913 0.344252 0.022412
0 0.143622 0.281590 0.169440 0.022323
0 0.270004 0.281635 0.062093 0.022232
0 0.798379 0.282028 0.345206 0.021446
1 0.383160 0.265918 0.014706 0.011364
1 0.383160 0.284383 0.014706 0.011364
0 0.194931 0.245248 0.272059 0.022232
0 0.435037 0.245158 0.178106 0.022412
3 0.574569 0.245248 0.073047 0.022232
3 0.853384 0.245158 0.232029 0.022412
0 0.676667 0.245641 0.107841 0.021446
0 0.435861 0.453188 0.179745 0.022412
3 0.574574 0.453278 0.073047 0.022232
3 0.853389 0.453188 0.232029 0.022412
0 0.676672 0.453671 0.107841 0.021446
1 0.864778 0.419093 0.014706 0.011364
1 0.320660 0.266462 0.014706 0.011364
1 0.320660 0.284927 0.014706 0.011364
1 0.805922 0.215545 0.014706 0.011364
0 0.321348 0.326681 0.314340 0.018653
0 0.578510 0.326592 0.185670 0.018832
3 0.765892 0.328471 0.166670 0.022232
0 0.902327 0.326681 0.089879 0.018653
2 0.069108 0.315034 0.014706 0.011364
2 0.069108 0.329128 0.014706 0.011364
0 0.219100 0.453742 0.108778 0.024232
0 0.876805 0.949969 0.188747 0.017261