0 0.873341 0.941713 0.188747 0.017261
0 0.194015 0.290233 0.272059 0.018653
0 0.432093 0.290143 0.181176 0.018832
3 0.573943 0.292023 0.074343 0.022232
3 0.852745 0.290143 0.232029 0.018832
0 0.676029 0.290626 0.107841 0.017866
1 0.407708 0.314010 0.014706 0.011364
0 0.194858 0.406052 0.272059 0.018653
0 0.432075 0.405963 0.181176 0.018832
3 0.573925 0.407842 0.074343 0.022232
3 0.852725 0.406366 0.232029 0.018027
0 0.676009 0.406446 0.107842 0.017866
1 0.895209 0.367402 0.014706 0.011364
2 0.137938 0.446803 0.014706 0.011364
2 0.070814 0.446803 0.014706 0.011364
0 0.661774 0.453311 0.615655 0.023314
1 0.895212 0.314011 0.014706 0.011364
0 0.225261 0.344876 0.334552 0.020373
1 0.746229 0.331836 0.014706 0.011364
1 0.804871 0.331836 0.014706 0.011364
0 0.568478 0.344941 0.164433 0.022323
0 0.690509 0.344986 0.062093 0.022232
1 0.746229 0.348071 0.014706 0.011364
0 0.194015 0.632967 0.272059 0.018653
0 0.433080 0.632877 0.181176 0.018832
3 0.574930 0.634756 0.074343 0.022232
3 0.853732 0.632877 0.232029 0.018832
0 0.677016 0.633360 0.107841 0.017866
1 0.408694 0.656745 0.014706 0.011364
0 0.194015 0.748786 0.272059 0.018653
0 0.433062 0.748696 0.181176 0.018832
3 0.574912 0.750576 0.074343 0.022232
3 0.853712 0.749099 0.232029 0.018027
0 0.676996 0.749179 0.107842 0.017866
1 0.895209 0.710136 0.014706 0.011364
2 0.138925 0.789538 0.014706 0.011364
2 0.071801 0.789538 0.014706 0.011364
0 0.662761 0.796045 0.615655 0.023314
1 0.896199 0.656745 0.014706 0.011364
0 0.225261 0.687940 0.334552 0.020372
1 0.747214 0.674569 0.014706 0.011364
1 0.805858 0.674569 0.014706 0.011364
0 0.569465 0.687674 0.164433 0.022323
0 0.691496 0.687720 0.062093 0.022232
1 0.747214 0.690806 0.014706 0.011364
0 0.301579 0.229220 0.487188 0.023739
0 0.631579 0.176332 0.135711 0.022409
1 0.714832 0.176485 0.014706 0.011364
0 0.824771 0.176332 0.123807 0.022409
1 0.906907 0.160655 0.014706 0.011364
1 0.906910 0.177753 0.014706 0.011364
1 0.823689 0.210683 0.014706 0.011364
1 0.908271 0.210683 0.014706 0.011364
0 0.645940 0.227192 0.164433 0.022323
0 0.767971 0.227237 0.062093 0.022232
1 0.823689 0.225028 0.014706 0.011364
0 0.305388 0.169059 0.494613 0.033604
0 0.301579 0.573744 0.487188 0.023739
0 0.631579 0.520856 0.135711 0.022409
1 0.714832 0.521009 0.014706 0.011364
0 0.824771 0.520856 0.123807 0.022409
1 0.906907 0.505179 0.014706 0.011364
1 0.906907 0.522277 0.014706 0.011364
1 0.823689 0.555207 0.014706 0.011364
1 0.908271 0.555207 0.014706 0.011364
0 0.645940 0.571716 0.164433 0.022323
0 0.767971 0.571761 0.062093 0.022232
1 0.823689 0.569552 0.014706 0.011364
0 0.305388 0.513583 0.494613 0.033604