0 0.755107 0.185397 0.432149 0.022412
1 0.286948 0.241102 0.014706 0.011364
2 0.747873 0.111631 0.014706 0.011364
2 0.810998 0.111631 0.014706 0.011364
2 0.071402 0.185866 0.014706 0.011364
2 0.177613 0.185866 0.014706 0.011364
2 0.291170 0.185866 0.014706 0.011364
2 0.404732 0.185866 0.014706 0.011364
1 0.566364 0.238582 0.014706 0.011364
1 0.566361 0.222011 0.014706 0.011364
0 0.797975 0.236796 0.219768 0.017251
1 0.922979 0.236674 0.014706 0.011364
0 0.199123 0.370600 0.279412 0.018653
0 0.441670 0.370511 0.181176 0.018832
3 0.578828 0.372390 0.078825 0.022232
3 0.853333 0.370511 0.232029 0.018832
0 0.676617 0.370994 0.107842 0.017866
3 0.914609 0.283562 0.112747 0.019886
0 0.738421 0.284045 0.230227 0.018920
0 0.199123 0.283652 0.279412 0.019707
0 0.480986 0.283562 0.259806 0.019886
0 0.213827 0.469752 0.264706 0.018653
0 0.441672 0.469662 0.181176 0.018832
3 0.578829 0.471542 0.078825 0.022232
3 0.853333 0.469662 0.232029 0.018832
0 0.676617 0.470145 0.107842 0.017866
0 0.325961 0.419491 0.488967 0.018653
0 0.515299 0.524602 0.911765 0.018653
0 0.338828 0.320494 0.558824 0.019886
2 0.819292 0.495915 0.014706 0.011364
2 0.630225 0.495915 0.014706 0.011364
0 0.755107 0.579523 0.432149 0.022412
1 0.286948 0.635229 0.014706 0.011364
2 0.071402 0.579992 0.014706 0.011364
2 0.177613 0.579992 0.014706 0.011364
2 0.291170 0.579992 0.014706 0.011364
2 0.404732 0.579992 0.014706 0.011364
1 0.566364 0.632708 0.014706 0.011364
1 0.566361 0.616138 0.014706 0.011364
0 0.797975 0.630922 0.219768 0.017251
1 0.922979 0.630802 0.014706 0.011364
0 0.199123 0.764727 0.279412 0.018653
0 0.441670 0.764637 0.181176 0.018832
3 0.578828 0.766516 0.078825 0.022232
3 0.853333 0.764637 0.232029 0.018832
0 0.676617 0.765120 0.107842 0.017866
3 0.914609 0.677688 0.112747 0.019886
0 0.738421 0.678171 0.230227 0.018920
0 0.199123 0.677778 0.279412 0.019707
0 0.480986 0.677688 0.259806 0.019886
0 0.213827 0.863879 0.264706 0.018653
0 0.441672 0.863790 0.181176 0.018832
3 0.578829 0.865669 0.078825 0.022232
3 0.853333 0.863790 0.232029 0.018832
0 0.676617 0.864273 0.107842 0.017866
0 0.325961 0.815672 0.488967 0.017078
0 0.515299 0.918729 0.911765 0.018653
0 0.338828 0.714621 0.558824 0.019886
2 0.819292 0.890042 0.014706 0.011364
2 0.630225 0.890042 0.014706 0.011364
0 0.166035 0.631770 0.213237 0.022716
0 0.166035 0.237643 0.213237 0.022716
0 0.452800 0.631770 0.198531 0.022716
0 0.452800 0.237643 0.198531 0.022716
0 0.876805 0.949979 0.188747 0.017261