0 0.873341 0.941713 0.188747 0.017261
2 0.714190 0.104867 0.014706 0.011364
2 0.777315 0.104867 0.014706 0.011364
0 0.209460 0.283599 0.301672 0.033596
0 0.157989 0.191923 0.198730 0.022323
0 0.667793 0.191969 0.600293 0.022232
0 0.518383 0.283337 0.301472 0.034122
0 0.823430 0.290617 0.294317 0.019561
0 0.198529 0.238522 0.279412 0.018653
0 0.436178 0.238433 0.181176 0.018832
3 0.574819 0.240312 0.074343 0.022232
3 0.852740 0.238433 0.232029 0.018832
0 0.676024 0.238915 0.107842 0.017866
1 0.312090 0.192237 0.014706 0.011364
0 0.209659 0.437006 0.301672 0.033596
0 0.158189 0.345331 0.198730 0.022323
0 0.665725 0.345376 0.604827 0.022232
0 0.518582 0.436743 0.301472 0.034122
0 0.823430 0.444024 0.294317 0.019561
0 0.198529 0.391929 0.279412 0.018653
0 0.436178 0.391839 0.181176 0.018832
3 0.574819 0.393718 0.074343 0.022232
3 0.852740 0.391839 0.232029 0.018832
0 0.676024 0.392322 0.107842 0.017866
1 0.312288 0.345644 0.014706 0.011364