0 0.210519 0.970391 0.272811 0.020615
0 0.683837 0.970101 0.125776 0.020615
0 0.893945 0.970101 0.156688 0.020615
0 0.161138 0.196652 0.071651 0.027778
0 0.274003 0.196652 0.084931 0.027778
0 0.489358 0.196652 0.067503 0.027778
0 0.470685 0.279376 0.036796 0.027778
0 0.537906 0.279376 0.036796 0.027778
0 0.824216 0.279376 0.036796 0.027778
0 0.896417 0.279376 0.036797 0.027778
0 0.627949 0.303745 0.245098 0.025212
0 0.460312 0.326510 0.110657 0.023288
0 0.546078 0.339922 0.048307 0.020341
0 0.608645 0.339922 0.048307 0.020341
2 0.526753 0.370673 0.019281 0.014899
2 0.624078 0.370673 0.019281 0.014899
0 0.520142 0.388683 0.052049 0.017034
0 0.735115 0.385376 0.052051 0.017033
0 0.513725 0.407690 0.060606 0.017034
0 0.735115 0.404797 0.052051 0.017034
0 0.481105 0.519054 0.048841 0.023232
0 0.561319 0.519054 0.043494 0.023232
0 0.481105 0.548393 0.048841 0.023232
0 0.561319 0.548393 0.043494 0.023232
0 0.749554 0.519054 0.043494 0.023232
0 0.827539 0.519054 0.043494 0.023232
0 0.754456 0.548393 0.043494 0.023232
0 0.832441 0.548393 0.043494 0.023232
2 0.481981 0.658597 0.020645 0.015953
2 0.555243 0.659032 0.020645 0.015953
2 0.352033 0.680497 0.020645 0.015955
2 0.423157 0.680085 0.020647 0.015955
2 0.281981 0.704051 0.020645 0.015953
2 0.347222 0.704464 0.020647 0.015953