0 0.873341 0.941713 0.188747 0.017261
2 0.857575 0.421846 0.014706 0.011364
2 0.915451 0.421846 0.014706 0.011364
2 0.857774 0.728668 0.014706 0.011364
2 0.915650 0.728668 0.014706 0.011364
0 0.837618 0.652209 0.251637 0.017047
0 0.158288 0.702656 0.198531 0.024102
1 0.268175 0.700841 0.014706 0.011364
0 0.430347 0.703114 0.227940 0.023187
1 0.562292 0.700841 0.014706 0.011364
0 0.790440 0.694070 0.360296 0.034122
2 0.857774 0.757076 0.014706 0.011364
2 0.915572 0.757076 0.014706 0.011364
2 0.857774 0.779803 0.014706 0.011364
2 0.915645 0.779803 0.014706 0.011364
0 0.514806 0.814788 0.911565 0.017667
2 0.747279 0.160482 0.014706 0.011364
2 0.809041 0.160482 0.014706 0.011364
0 0.158089 0.395834 0.198531 0.024102
1 0.267975 0.394019 0.014706 0.011364
0 0.430148 0.396292 0.227940 0.023187
1 0.562093 0.394019 0.014706 0.011364
0 0.790440 0.387248 0.360296 0.034123
2 0.857575 0.450254 0.014706 0.011364
2 0.915373 0.450254 0.014706 0.011364
2 0.857575 0.472981 0.014706 0.011364
2 0.915446 0.472981 0.014706 0.011364
0 0.514806 0.507967 0.911565 0.017667
2 0.070448 0.257814 0.014706 0.011364
2 0.070448 0.279597 0.014706 0.011364
2 0.070448 0.301379 0.014706 0.011364
2 0.519178 0.301379 0.014706 0.011364
2 0.519178 0.257814 0.014706 0.011364
2 0.519178 0.279597 0.014706 0.011364
2 0.070448 0.323158 0.014706 0.011364
2 0.519178 0.323158 0.014706 0.011364
2 0.070448 0.344941 0.014706 0.011364
2 0.519178 0.344941 0.014706 0.011364
0 0.838961 0.344941 0.251637 0.017047
2 0.070448 0.566718 0.014706 0.011364
2 0.070448 0.588501 0.014706 0.011364
2 0.070448 0.610283 0.014706 0.011364
2 0.519178 0.610283 0.014706 0.011364
2 0.519178 0.566718 0.014706 0.011364
2 0.519178 0.588501 0.014706 0.011364
2 0.070448 0.632062 0.014706 0.011364
2 0.519178 0.632062 0.014706 0.011364
2 0.070448 0.653845 0.014706 0.011364
2 0.519178 0.653845 0.014706 0.011364