2 0.699980 0.114158 0.014706 0.011364
2 0.763204 0.114158 0.014706 0.011364
1 0.544304 0.213213 0.014706 0.011364
0 0.280005 0.273968 0.441176 0.035986
0 0.737523 0.272864 0.441176 0.035986
0 0.280005 0.346729 0.441176 0.035986
0 0.737523 0.346729 0.441176 0.035986
1 0.544304 0.405139 0.014706 0.011364
0 0.280005 0.464790 0.441176 0.035986
0 0.737523 0.464790 0.441176 0.035986
0 0.280005 0.538655 0.441176 0.035986
0 0.737523 0.538655 0.441176 0.035986
0 0.292872 0.213287 0.466910 0.022327
0 0.293053 0.406123 0.466910 0.022327
0 0.876805 0.939099 0.188747 0.017261