0 0.873341 0.941713 0.188747 0.017261
2 0.710516 0.102025 0.014706 0.011364
2 0.773642 0.102025 0.014706 0.011364
2 0.070261 0.200543 0.014706 0.011364
2 0.070261 0.219431 0.014706 0.011364
2 0.070261 0.239317 0.014706 0.011364
2 0.418070 0.200541 0.014706 0.011364
2 0.418070 0.219431 0.014706 0.011364
2 0.418070 0.239317 0.014706 0.011364
2 0.070261 0.258705 0.014706 0.011364
0 0.636915 0.258320 0.097359 0.021456
1 0.712825 0.258010 0.014706 0.011364
0 0.810464 0.258320 0.100510 0.021456
1 0.900325 0.258952 0.014706 0.011364
1 0.900328 0.243168 0.014706 0.011364
0 0.777777 0.197434 0.379083 0.018653
3 0.184641 0.294656 0.251636 0.018653
0 0.478758 0.294656 0.323529 0.018653
0 0.808824 0.294656 0.323529 0.018653
0 0.763071 0.339166 0.415034 0.036963
0 0.303921 0.339121 0.490194 0.037054
0 0.194853 0.500006 0.272059 0.017207
0 0.437550 0.499194 0.186864 0.018832
3 0.574172 0.501073 0.073047 0.022232
3 0.852740 0.499194 0.232029 0.018832
0 0.676024 0.499677 0.107842 0.017866
0 0.737979 0.452258 0.225500 0.017866
0 0.194853 0.451864 0.272059 0.018653
0 0.480147 0.451775 0.272059 0.018832
3 0.912382 0.453564 0.112747 0.022412
0 0.640593 0.550316 0.097359 0.021456
1 0.716503 0.550008 0.014706 0.011364
0 0.814140 0.550316 0.100510 0.021456
1 0.904002 0.550948 0.014706 0.011364
1 0.904006 0.535164 0.014706 0.011364
2 0.070809 0.390809 0.014706 0.011364
2 0.133935 0.390809 0.014706 0.011364
0 0.458824 0.541986 0.229412 0.033485
0 0.194854 0.541897 0.272060 0.033664
0 0.194853 0.664047 0.272059 0.018653
0 0.437550 0.663958 0.186864 0.018832
3 0.574172 0.665837 0.073047 0.022232
3 0.852740 0.663958 0.232029 0.018832
0 0.676024 0.664441 0.107842 0.017866
0 0.737979 0.617022 0.225500 0.017866
0 0.194853 0.616628 0.272059 0.018653
0 0.480147 0.616539 0.272059 0.018832
3 0.912382 0.618328 0.112747 0.022412
0 0.640180 0.715588 0.097359 0.022323
1 0.716503 0.715408 0.014706 0.011364
0 0.814140 0.715588 0.100510 0.022323
1 0.904002 0.716672 0.014706 0.011364
1 0.904003 0.699606 0.014706 0.011364
0 0.194854 0.707376 0.272060 0.033485
0 0.458824 0.707376 0.229412 0.033485
0 0.442454 0.258705 0.271703 0.021467