0 0.696392 0.169881 0.133438 0.019974
0 0.900448 0.169135 0.139801 0.019974
0 0.305486 0.208568 0.501221 0.032027
0 0.672498 0.210172 0.176691 0.027736
0 0.881084 0.211797 0.176119 0.025755
0 0.304249 0.253825 0.502404 0.031585
0 0.879769 0.254007 0.179142 0.033140
0 0.303418 0.299767 0.501194 0.032027
0 0.672497 0.299842 0.177627 0.030992
0 0.878620 0.306522 0.183930 0.019223
1 0.043654 0.373052 0.026863 0.020758
1 0.043654 0.458438 0.026863 0.019655
1 0.043654 0.545326 0.024011 0.018003
1 0.514242 0.460963 0.026863 0.019655
1 0.515062 0.545056 0.024010 0.018002
1 0.515062 0.590510 0.024010 0.018003
1 0.515062 0.635965 0.024010 0.018003
1 0.515062 0.681419 0.024010 0.018003
0 0.183382 0.607194 0.303468 0.029201
0 0.419857 0.608810 0.155384 0.026446
0 0.264241 0.672468 0.465703 0.068774
0 0.170569 0.734743 0.271793 0.024463
1 0.339469 0.737697 0.022105 0.015977
1 0.424775 0.738133 0.021190 0.017630
0 0.858945 0.735196 0.182708 0.025023
0 0.389257 0.794974 0.718255 0.045110
0 0.863163 0.800601 0.218752 0.032273