0 0.671194 0.398538 0.197038 0.017182
0 0.278261 0.204520 0.439164 0.020524
0 0.630641 0.204519 0.203832 0.019568
0 0.866901 0.204520 0.204449 0.020524
0 0.277643 0.237691 0.439164 0.020046
0 0.630641 0.237691 0.205067 0.020046
0 0.867210 0.237691 0.201361 0.021001
0 0.748617 0.272056 0.438547 0.021001
0 0.278570 0.272534 0.438547 0.020047
0 0.854239 0.493758 0.228539 0.019568
0 0.856039 0.527932 0.230160 0.019174
1 0.069875 0.644902 0.019964 0.014875
1 0.511585 0.645177 0.020676 0.014324
0 0.856326 0.705898 0.229590 0.024794
0 0.856682 0.747381 0.230302 0.022590
0 0.367557 0.782919 0.670944 0.019835