0 0.275624 0.130258 0.447101 0.021853
0 0.745346 0.130376 0.447103 0.021854
0 0.223175 0.163836 0.344752 0.021853
0 0.222470 0.198085 0.344752 0.021854
0 0.223491 0.232333 0.344752 0.021854
0 0.595395 0.163836 0.274725 0.021853
0 0.863395 0.163836 0.208737 0.021853
0 0.576865 0.198085 0.312433 0.021854
0 0.862688 0.198085 0.210085 0.021854
0 0.555804 0.232333 0.274725 0.021854
0 0.863920 0.232333 0.208739 0.021854
0 0.393331 0.317817 0.679945 0.021854
0 0.390982 0.352697 0.678107 0.021854
0 0.849418 0.317975 0.188941 0.021853
0 0.863000 0.354907 0.213026 0.021853
0 0.277115 0.539852 0.447103 0.021852
0 0.630670 0.540010 0.209366 0.021852
0 0.865555 0.540010 0.208739 0.021852
0 0.158549 0.574100 0.211195 0.021852
0 0.395172 0.573943 0.209366 0.021852
0 0.902530 0.576310 0.127855 0.021852
0 0.867649 0.387311 0.200771 0.021854
1 0.069700 0.269452 0.019608 0.015152
1 0.208997 0.269769 0.019608 0.015152
1 0.407730 0.269769 0.019608 0.015152
1 0.907935 0.269769 0.019608 0.015152
1 0.070228 0.423516 0.019608 0.015152
1 0.724309 0.423674 0.019608 0.015152
1 0.070228 0.456976 0.019608 0.015152
1 0.725346 0.457607 0.019608 0.015152
1 0.070619 0.508168 0.019608 0.015152
1 0.725031 0.508326 0.019608 0.015152
1 0.724417 0.559147 0.019608 0.015152
1 0.724621 0.576508 0.019608 0.015152
1 0.069598 0.610599 0.019608 0.015152
1 0.724621 0.610599 0.019608 0.015152
0 0.390523 0.383838 0.678108 0.021854