2 0.747873 0.171290 0.014706 0.011364
2 0.810998 0.171290 0.014706 0.011364
0 0.717506 0.354246 0.507351 0.029788
0 0.514944 0.261235 0.911676 0.022232
0 0.254270 0.410568 0.389708 0.020465
0 0.717502 0.411326 0.507359 0.018948
1 0.805333 0.330629 0.014706 0.011364
1 0.305335 0.383188 0.014706 0.011364
0 0.199123 0.309248 0.279412 0.018653
0 0.436770 0.309158 0.181176 0.018832
3 0.575412 0.311038 0.074343 0.022232
3 0.853333 0.309158 0.232029 0.018832
0 0.676617 0.309641 0.107842 0.017866
1 0.389892 0.345172 0.014706 0.011364
1 0.206067 0.360014 0.014706 0.011364
1 0.389892 0.361284 0.014706 0.011364
0 0.717506 0.555950 0.507351 0.029788
0 0.515255 0.462938 0.911677 0.022232
0 0.254581 0.612273 0.389707 0.020465
0 0.717502 0.612470 0.507359 0.020069
1 0.805644 0.532333 0.014706 0.011364
1 0.305645 0.584891 0.014706 0.011364
0 0.199123 0.510951 0.279412 0.018653
0 0.436770 0.510862 0.181176 0.018832
3 0.575412 0.512741 0.074343 0.022232
3 0.853333 0.510862 0.232029 0.018832
0 0.676617 0.511345 0.107842 0.017866
1 0.390286 0.546875 0.014706 0.011364
1 0.206377 0.561717 0.014706 0.011364
1 0.390286 0.562987 0.014706 0.011364
0 0.315968 0.362206 0.122913 0.021899
0 0.126632 0.361713 0.131542 0.022327
0 0.316579 0.563115 0.122913 0.021899
0 0.127245 0.562622 0.131542 0.022327
0 0.876805 0.949979 0.188747 0.017261