2 0.094492 0.508249 0.014706 0.011364
2 0.159309 0.507203 0.014706 0.011364
0 0.682114 0.638052 0.578136 0.022004
1 0.321070 0.266799 0.014706 0.011364
0 0.670055 0.266522 0.602252 0.022388
0 0.195753 0.455308 0.228559 0.018832
3 0.575412 0.457187 0.074343 0.022232
3 0.853041 0.455308 0.232029 0.018832
0 0.676324 0.455790 0.107842 0.017866
2 0.093131 0.309601 0.014706 0.011364
2 0.159309 0.309601 0.014706 0.011364
0 0.526328 0.543969 0.889707 0.018653
0 0.196786 0.594107 0.228559 0.017999
3 0.576449 0.595823 0.074343 0.021725
3 0.854111 0.593631 0.233863 0.018951
0 0.676497 0.594114 0.107804 0.017985
2 0.094492 0.637443 0.014706 0.011364
2 0.093136 0.660170 0.014706 0.011364
0 0.229874 0.713573 0.228559 0.018951
3 0.593948 0.715452 0.074343 0.022351
3 0.860574 0.713573 0.221214 0.018951
0 0.690346 0.714056 0.100505 0.017985
0 0.653109 0.660172 0.636144 0.021467
3 0.146336 0.802301 0.130580 0.016107
0 0.358309 0.802301 0.284105 0.016107
0 0.653093 0.802301 0.296203 0.016107
0 0.862966 0.802301 0.114278 0.016105
1 0.933042 0.802301 0.014706 0.011364
3 0.146336 0.822151 0.130580 0.016436
0 0.358309 0.822151 0.284105 0.016436
0 0.653093 0.822151 0.296203 0.016436
0 0.862966 0.822151 0.114278 0.016433
1 0.933042 0.822150 0.014706 0.011364
3 0.146336 0.841850 0.130580 0.015806
0 0.358309 0.841850 0.284105 0.015806
0 0.653093 0.841850 0.296203 0.015806
0 0.862966 0.841850 0.114278 0.015803
1 0.933042 0.841850 0.014706 0.011364
3 0.146336 0.861384 0.130580 0.016107
0 0.358309 0.861384 0.284105 0.016107
0 0.653093 0.861384 0.296203 0.016107
0 0.862966 0.861384 0.114278 0.016105
1 0.933042 0.861384 0.014706 0.011364
0 0.453096 0.713573 0.197059 0.018951
0 0.427359 0.594107 0.211765 0.017999
0 0.427359 0.455308 0.211765 0.018832
1 0.091433 0.346702 0.014706 0.011364
1 0.091435 0.389316 0.014706 0.011364
1 0.091435 0.408256 0.014706 0.011364
0 0.183838 0.266520 0.247990 0.022391
0 0.876805 0.949969 0.188747 0.017261