2 0.703162 0.101647 0.014706 0.011364
2 0.766752 0.101647 0.014706 0.011364
3 0.287483 0.177070 0.454047 0.018744
0 0.288979 0.215900 0.457039 0.018744
0 0.593760 0.217689 0.135614 0.022323
1 0.693918 0.219700 0.014706 0.011364
0 0.820065 0.217689 0.125817 0.022323
1 0.907681 0.205176 0.014706 0.011364
1 0.907680 0.220963 0.014706 0.011364
2 0.137410 0.256066 0.014706 0.011364
2 0.072444 0.256066 0.014706 0.011364
0 0.650330 0.254277 0.640121 0.018654
2 0.139235 0.295207 0.014706 0.011364
2 0.072444 0.295207 0.014706 0.011364
0 0.651243 0.293418 0.638291 0.018654
0 0.288979 0.383512 0.457039 0.018744
0 0.598253 0.388144 0.141732 0.022323
1 0.694118 0.389206 0.014706 0.011364
0 0.819444 0.388144 0.125817 0.022323
1 0.907681 0.376421 0.014706 0.011364
1 0.907680 0.390476 0.014706 0.011364
2 0.072444 0.424946 0.014706 0.011364
2 0.137011 0.424946 0.014706 0.011364
0 0.649931 0.423160 0.640121 0.018654
0 0.650327 0.461034 0.640124 0.018654
2 0.072444 0.462820 0.014706 0.011364
2 0.138837 0.462820 0.014706 0.011364
3 0.287483 0.346579 0.454047 0.018744
2 0.759351 0.490852 0.014706 0.011364
2 0.695807 0.490852 0.014706 0.011364
3 0.288101 0.566282 0.453209 0.018744
0 0.687501 0.568072 0.316178 0.022323
1 0.907680 0.567885 0.014706 0.011364
0 0.335895 0.614919 0.548796 0.017412
3 0.796670 0.614919 0.347837 0.017412
0 0.206006 0.663317 0.289018 0.017207
0 0.483874 0.662504 0.252843 0.018832
0 0.729578 0.662987 0.209152 0.017866
3 0.911665 0.664294 0.117448 0.022412
0 0.288101 0.697903 0.453209 0.018744
0 0.687501 0.699693 0.316178 0.022323
1 0.907680 0.700769 0.014706 0.011364
2 0.137408 0.735833 0.014706 0.011364
2 0.073879 0.735833 0.014706 0.011364
3 0.276429 0.792423 0.382011 0.016422
0 0.540820 0.792423 0.137510 0.016422
1 0.619866 0.792423 0.014706 0.011364
0 0.742626 0.792423 0.126111 0.016422
1 0.822703 0.792423 0.014706 0.011364
1 0.880056 0.792423 0.014706 0.011364
3 0.276429 0.812423 0.382011 0.016422
0 0.540820 0.812423 0.137510 0.016422
1 0.619866 0.812423 0.014706 0.011364
0 0.742626 0.812423 0.126111 0.016422
1 0.822703 0.812423 0.014706 0.011364
1 0.880056 0.812423 0.014706 0.011364
3 0.276429 0.832423 0.382011 0.016422
0 0.540820 0.832423 0.137510 0.016422
1 0.619866 0.832423 0.014706 0.011364
0 0.742626 0.832423 0.126111 0.016422
1 0.822703 0.832423 0.014706 0.011364
1 0.880056 0.832423 0.014706 0.011364
3 0.276429 0.852423 0.382011 0.016422
0 0.540820 0.852423 0.137510 0.016422
1 0.619866 0.852423 0.014706 0.011364
0 0.742626 0.852423 0.126111 0.016422
1 0.822703 0.852423 0.014706 0.011364
1 0.880056 0.852423 0.014706 0.011364
3 0.276429 0.872423 0.382011 0.016422
0 0.540820 0.872423 0.137510 0.016422
1 0.619866 0.872423 0.014706 0.011364
0 0.742626 0.872423 0.126111 0.016422
1 0.822703 0.872423 0.014706 0.011364
1 0.880056 0.872423 0.014706 0.011364
3 0.276429 0.892423 0.382011 0.016422
0 0.540820 0.892423 0.137510 0.016422
1 0.620420 0.892423 0.014706 0.011364
0 0.742626 0.892423 0.126111 0.016422
1 0.822408 0.892423 0.014706 0.011364
1 0.880056 0.892423 0.014706 0.011364
0 0.873341 0.941713 0.188747 0.017261