0 0.873341 0.941713 0.188747 0.017261
0 0.102709 0.155527 0.086206 0.018654
1 0.165289 0.160859 0.014706 0.011364
1 0.352925 0.144571 0.014706 0.011364
1 0.352923 0.162126 0.014706 0.011364
2 0.430136 0.142881 0.014706 0.011364
2 0.658088 0.143518 0.014706 0.011364
2 0.430132 0.161479 0.014706 0.011364
2 0.657676 0.162115 0.014706 0.011364
2 0.071591 0.460845 0.014706 0.011364
2 0.136752 0.460845 0.014706 0.011364
0 0.206570 0.266843 0.293928 0.018653
0 0.453207 0.266753 0.181386 0.018832
3 0.594132 0.268633 0.080882 0.022232
3 0.861926 0.266753 0.217324 0.018832
0 0.691762 0.267236 0.107841 0.017866
0 0.514671 0.194391 0.910129 0.018653
0 0.315651 0.324763 0.262871 0.018653
0 0.563101 0.324674 0.212418 0.018832
1 0.071591 0.314942 0.014706 0.011364
0 0.206570 0.373679 0.293928 0.017880
0 0.453207 0.373203 0.181386 0.018832
3 0.594132 0.375082 0.080882 0.022232
3 0.862133 0.373203 0.216910 0.018832
0 0.691762 0.373686 0.107841 0.017866
0 0.761848 0.423097 0.417480 0.022323
1 0.879632 0.396366 0.014706 0.011364
3 0.306332 0.529338 0.485551 0.016121
0 0.649469 0.529338 0.191461 0.016121
0 0.827901 0.529338 0.156142 0.016121
1 0.936717 0.529338 0.014706 0.011364
3 0.306332 0.547619 0.485551 0.013283
0 0.649469 0.547619 0.191461 0.013283
0 0.827901 0.547619 0.156142 0.013283
1 0.936717 0.547619 0.014706 0.011364
0 0.257643 0.155527 0.088041 0.018654
1 0.323717 0.411139 0.014706 0.011364
1 0.439845 0.396099 0.014706 0.011364
0 0.147842 0.424253 0.176471 0.022323
0 0.274960 0.424298 0.062093 0.022232
1 0.323717 0.425719 0.014706 0.011364
1 0.378863 0.425719 0.014706 0.011364