0 0.873341 0.941713 0.188747 0.017261
2 0.747279 0.102025 0.014706 0.011364
2 0.810405 0.102025 0.014706 0.011364
0 0.716913 0.312128 0.507351 0.029788
0 0.514351 0.220380 0.911676 0.022232
0 0.253677 0.368451 0.389708 0.020465
0 0.716908 0.369209 0.507359 0.018948
1 0.804740 0.288511 0.014706 0.011364
1 0.304742 0.341071 0.014706 0.011364
0 0.198529 0.265670 0.279412 0.018653
0 0.436178 0.265580 0.181176 0.018832
3 0.574819 0.267460 0.074343 0.022232
3 0.852740 0.265580 0.232029 0.018832
0 0.676024 0.266063 0.107842 0.017866
1 0.389299 0.304317 0.014706 0.011364
0 0.126839 0.318097 0.136031 0.022388
1 0.205474 0.319159 0.014706 0.011364
0 0.318014 0.318097 0.121325 0.022388
1 0.389373 0.320429 0.014706 0.011364
0 0.716913 0.513831 0.507351 0.029788
0 0.514662 0.422083 0.911676 0.022232
0 0.253988 0.570154 0.389707 0.020465
0 0.716908 0.570912 0.507359 0.018948
1 0.805051 0.490215 0.014706 0.011364
1 0.305052 0.542774 0.014706 0.011364
0 0.198529 0.467373 0.279412 0.018653
0 0.436178 0.467284 0.181176 0.018832
3 0.574819 0.469163 0.074343 0.022232
3 0.852740 0.467284 0.232029 0.018832
0 0.676024 0.467766 0.107842 0.017866
1 0.389693 0.506020 0.014706 0.011364
0 0.127150 0.519801 0.136031 0.022388
1 0.205784 0.520862 0.014706 0.011364
0 0.318169 0.519801 0.121015 0.022388
1 0.389683 0.522133 0.014706 0.011364