0 0.873341 0.941713 0.188747 0.017261
1 0.562093 0.563186 0.014706 0.011364
3 0.221810 0.540386 0.323529 0.022232
3 0.558172 0.540386 0.319783 0.022232
1 0.745912 0.144251 0.014706 0.011364
3 0.696709 0.174713 0.065359 0.022412
0 0.575164 0.173407 0.160129 0.017866
0 0.165750 0.172775 0.213853 0.019130
0 0.383988 0.172924 0.212423 0.018832
0 0.854051 0.173013 0.233070 0.018653
0 0.214458 0.212321 0.308824 0.022323
1 0.394196 0.212140 0.014706 0.011364
0 0.596975 0.212321 0.308495 0.022323
1 0.776549 0.213404 0.014706 0.011364
1 0.301678 0.247784 0.014706 0.011364
1 0.507158 0.247784 0.014706 0.011364
1 0.071484 0.247784 0.014706 0.011364
1 0.071484 0.266409 0.014706 0.011364
0 0.730040 0.266410 0.473332 0.021467
1 0.301678 0.266409 0.014706 0.011364
2 0.071484 0.302379 0.014706 0.011364
2 0.071484 0.321019 0.014706 0.011364
2 0.301678 0.303653 0.014706 0.011364
2 0.301678 0.321019 0.014706 0.011364
2 0.507157 0.303653 0.014706 0.011364
2 0.507157 0.321019 0.014706 0.011364
0 0.831495 0.321020 0.270425 0.021467
0 0.839452 0.372802 0.257364 0.021467
1 0.522466 0.372802 0.014706 0.011364
1 0.521243 0.354494 0.014706 0.011364
1 0.071484 0.354495 0.014706 0.011364
0 0.398000 0.372802 0.213801 0.021467
1 0.071484 0.372802 0.014706 0.011364
0 0.192663 0.430263 0.260242 0.017420
0 0.462559 0.430263 0.270288 0.017420
0 0.729923 0.430263 0.255180 0.017420
3 0.915208 0.430263 0.110760 0.020999
0 0.192663 0.450827 0.260242 0.016551
0 0.462559 0.450827 0.270288 0.016551
0 0.729923 0.450827 0.255180 0.016551
3 0.915208 0.450827 0.110760 0.020129
0 0.192663 0.470956 0.260242 0.016551
0 0.462559 0.470956 0.270288 0.016551
0 0.729923 0.470956 0.255180 0.016551
3 0.915208 0.470956 0.110760 0.020129
0 0.192663 0.490741 0.260242 0.015864
0 0.462559 0.490741 0.270288 0.015864
0 0.729923 0.490741 0.255180 0.015864
3 0.915208 0.490741 0.110760 0.019442
1 0.210376 0.594438 0.014706 0.011364
0 0.128061 0.589505 0.136031 0.020596
1 0.210374 0.563186 0.014706 0.011364
0 0.192399 0.642147 0.264706 0.018653
0 0.435049 0.642058 0.205882 0.018832
3 0.580634 0.643937 0.076471 0.022232
3 0.850491 0.642058 0.240194 0.018832
0 0.674407 0.642540 0.102163 0.017866
1 0.880281 0.613948 0.014706 0.011364
0 0.275731 0.743095 0.431371 0.018410
1 0.508575 0.746893 0.014706 0.011364
0 0.191704 0.804613 0.264706 0.018653
0 0.434353 0.805006 0.205882 0.017866
3 0.579940 0.806403 0.076471 0.022232
3 0.851019 0.804523 0.240194 0.018832
0 0.673712 0.805730 0.102163 0.016419
1 0.876315 0.771460 0.014706 0.011364
2 0.072031 0.863986 0.014706 0.011364
2 0.072031 0.845242 0.014706 0.011364
2 0.140693 0.863986 0.014706 0.011364
0 0.600895 0.860177 0.728758 0.023682
2 0.072031 0.698547 0.014706 0.011364
2 0.072031 0.681500 0.014706 0.011364
2 0.140696 0.698547 0.014706 0.011364
3 0.808824 0.589648 0.323529 0.018832
0 0.515928 0.589648 0.235294 0.018832
0 0.918300 0.696428 0.104577 0.022232
0 0.389708 0.696428 0.264706 0.022232
0 0.617649 0.696338 0.161765 0.022412
3 0.779412 0.696428 0.147059 0.022232