2 0.747873 0.111635 0.014706 0.011364
2 0.810355 0.111635 0.014706 0.011364
0 0.658070 0.337357 0.613974 0.021273
0 0.294711 0.201775 0.470588 0.022232
0 0.202799 0.250090 0.286765 0.017890
0 0.441670 0.249619 0.181176 0.018832
3 0.578828 0.251499 0.078824 0.022232
3 0.853333 0.249619 0.232029 0.018832
0 0.676617 0.250102 0.107842 0.017866
0 0.513376 0.287004 0.908448 0.022232
1 0.301654 0.341048 0.014706 0.011364
0 0.169711 0.338620 0.220588 0.023798
0 0.658070 0.530543 0.613974 0.021273
0 0.294711 0.394960 0.470588 0.022232
0 0.202799 0.443276 0.286765 0.017890
0 0.441670 0.442805 0.181176 0.018832
3 0.578828 0.444684 0.078824 0.022232
3 0.853333 0.442805 0.232029 0.018832
0 0.676617 0.443288 0.107842 0.017866
0 0.513376 0.480189 0.908448 0.022232
1 0.301654 0.534234 0.014706 0.011364
0 0.169711 0.531806 0.220588 0.023798
2 0.747873 0.560500 0.014706 0.011364
2 0.810355 0.560500 0.014706 0.011364
0 0.515299 0.749354 0.911765 0.021144
0 0.268976 0.650640 0.419119 0.022232
0 0.743240 0.698486 0.220588 0.018832
3 0.917768 0.700365 0.099056 0.022232
0 0.169611 0.700319 0.220389 0.022323
0 0.323919 0.700365 0.062093 0.022232
1 0.380225 0.685140 0.014706 0.011364
1 0.380225 0.701854 0.014706 0.011364
1 0.438951 0.701854 0.014706 0.011364
0 0.689729 0.650593 0.392974 0.022327
0 0.515299 0.905604 0.911765 0.021144
0 0.268976 0.806893 0.419119 0.022232
0 0.743240 0.854734 0.220588 0.018832
3 0.917768 0.856614 0.099056 0.022232
0 0.169611 0.856568 0.220389 0.022323
0 0.323919 0.856614 0.062093 0.022232
1 0.380225 0.841389 0.014706 0.011364
1 0.380225 0.858102 0.014706 0.011364
1 0.438951 0.858102 0.014706 0.011364
0 0.689729 0.806845 0.392974 0.022327
0 0.876805 0.949979 0.188747 0.017261