0 0.873341 0.941713 0.188747 0.017261
2 0.126274 0.496657 0.014706 0.011364
2 0.068766 0.496657 0.014706 0.011364
1 0.849261 0.518364 0.014706 0.011364
0 0.406809 0.325701 0.274618 0.018832
3 0.588455 0.327581 0.070538 0.022232
3 0.805150 0.325701 0.330884 0.018832
0 0.743262 0.279345 0.207109 0.018744
0 0.186578 0.279345 0.288606 0.018744
3 0.913194 0.281135 0.114789 0.022323
0 0.484682 0.279345 0.280639 0.018744
3 0.912172 0.459123 0.112747 0.022412
0 0.743056 0.457816 0.209152 0.017866
0 0.194852 0.457422 0.276142 0.018653
0 0.480393 0.457333 0.272060 0.018832
1 0.386440 0.428034 0.014706 0.011364
1 0.526691 0.428034 0.014706 0.011364
0 0.762730 0.557355 0.202618 0.018653
0 0.523414 0.557355 0.261436 0.018653
0 0.230597 0.557560 0.299426 0.018244
0 0.253679 0.593191 0.110296 0.022323
0 0.440485 0.593191 0.095582 0.022323
3 0.921118 0.559056 0.098114 0.022412
1 0.326799 0.595999 0.014706 0.011364
1 0.510621 0.595999 0.014706 0.011364
1 0.510623 0.580523 0.014706 0.011364
2 0.092869 0.593476 0.014706 0.011364
2 0.149211 0.593476 0.014706 0.011364
0 0.762730 0.628374 0.202618 0.018653
0 0.523414 0.628374 0.261436 0.018653
0 0.230597 0.628579 0.299426 0.018244
0 0.253679 0.664210 0.110296 0.022323
0 0.440485 0.664210 0.095582 0.022323
3 0.921118 0.630075 0.098114 0.022412
1 0.326799 0.667019 0.014706 0.011364
1 0.510621 0.667019 0.014706 0.011364
1 0.510623 0.651543 0.014706 0.011364
2 0.092869 0.664495 0.014706 0.011364
2 0.149211 0.664495 0.014706 0.011364
0 0.762730 0.699398 0.202618 0.018653
0 0.523414 0.699398 0.261436 0.018653
0 0.230597 0.699603 0.299426 0.018244
0 0.253679 0.735234 0.110296 0.022323
0 0.440485 0.735234 0.095582 0.022323
3 0.921118 0.701099 0.098114 0.022412
1 0.326799 0.738042 0.014706 0.011364
1 0.510621 0.738042 0.014706 0.011364
1 0.510623 0.722566 0.014706 0.011364
2 0.092869 0.735519 0.014706 0.011364
2 0.149211 0.735519 0.014706 0.011364
0 0.762730 0.770419 0.202618 0.018653
0 0.523414 0.770419 0.261436 0.018653
0 0.230597 0.770623 0.299426 0.018244
0 0.253679 0.806254 0.110296 0.022323
0 0.440485 0.806254 0.095582 0.022323
3 0.921118 0.772119 0.098114 0.022412
1 0.326799 0.809062 0.014706 0.011364
1 0.510621 0.809062 0.014706 0.011364
1 0.510623 0.793586 0.014706 0.011364
2 0.092869 0.806539 0.014706 0.011364
2 0.149211 0.806539 0.014706 0.011364
0 0.790033 0.591446 0.361111 0.018653
0 0.790033 0.662280 0.361111 0.018653
0 0.790033 0.733304 0.361111 0.018653
0 0.790033 0.805776 0.361111 0.018653
3 0.233451 0.234778 0.382353 0.022232
3 0.208636 0.376826 0.332724 0.022232
3 0.560343 0.376826 0.335294 0.022232
1 0.215845 0.328282 0.014706 0.011364
0 0.119886 0.329744 0.155224 0.022323
1 0.053920 0.146040 0.014706 0.011364
1 0.223856 0.146040 0.014706 0.011364
1 0.223856 0.163926 0.014706 0.011364
1 0.223856 0.128155 0.014706 0.011364
1 0.053920 0.163926 0.014706 0.011364
1 0.053920 0.128155 0.014706 0.011364
1 0.053920 0.181813 0.014706 0.011364
1 0.223856 0.181813 0.014706 0.011364
1 0.504902 0.129415 0.014706 0.011364
1 0.504902 0.146040 0.014706 0.011364
1 0.504902 0.163926 0.014706 0.011364
1 0.504902 0.181813 0.014706 0.011364
1 0.674838 0.146040 0.014706 0.011364
1 0.674838 0.129415 0.014706 0.011364
1 0.674838 0.163926 0.014706 0.011364
1 0.674838 0.181813 0.014706 0.011364