0 0.295347 0.205883 0.122913 0.021899
0 0.110482 0.205388 0.131542 0.022327
1 0.424343 0.346535 0.014706 0.011364
0 0.769556 0.253682 0.207041 0.017866
0 0.505556 0.253289 0.289341 0.018653
0 0.194403 0.253199 0.303580 0.018832
0 0.264257 0.289163 0.443289 0.017232
3 0.927064 0.254989 0.080881 0.022412
0 0.139164 0.345782 0.193103 0.025234
1 0.354492 0.314429 0.014706 0.011364
0 0.281640 0.346792 0.062093 0.023163
1 0.373024 0.204899 0.014706 0.011364
1 0.373023 0.187197 0.014706 0.011364
1 0.187998 0.204263 0.014706 0.011364
0 0.437681 0.394953 0.183011 0.018653
0 0.186956 0.394863 0.288686 0.018832
3 0.574759 0.396742 0.073047 0.022232
3 0.853041 0.394863 0.232029 0.018832
0 0.674741 0.395346 0.107842 0.017866
0 0.599857 0.346162 0.213237 0.028033
1 0.247873 0.314429 0.014706 0.011364
1 0.554227 0.204942 0.014706 0.011364
1 0.684417 0.187264 0.014706 0.011364
0 0.667873 0.289654 0.349268 0.016250
1 0.452920 0.204942 0.014706 0.011364
1 0.452920 0.187264 0.014706 0.011364
0 0.834234 0.204943 0.273895 0.022234
1 0.857618 0.276530 0.014706 0.011364
1 0.380225 0.275402 0.014706 0.011364
1 0.554227 0.187264 0.014706 0.011364
1 0.354492 0.346535 0.014706 0.011364
1 0.902286 0.347390 0.014706 0.011364
1 0.832435 0.347390 0.014706 0.011364
1 0.832430 0.314429 0.014706 0.011364
0 0.752228 0.347648 0.062093 0.023163
1 0.722139 0.314429 0.014706 0.011364
0 0.295347 0.462042 0.122913 0.021899
0 0.110482 0.461549 0.131542 0.022327
1 0.424343 0.602694 0.014706 0.011364
0 0.769556 0.509841 0.207041 0.017866
0 0.505556 0.509448 0.289341 0.018653
0 0.194403 0.509358 0.303580 0.018832
0 0.264257 0.545323 0.443289 0.017232
3 0.927064 0.511148 0.080881 0.022412
0 0.139164 0.601943 0.193103 0.025234
1 0.354492 0.570590 0.014706 0.011364
0 0.281640 0.602953 0.062093 0.023163
1 0.373024 0.461059 0.014706 0.011364
1 0.373023 0.443356 0.014706 0.011364
1 0.187998 0.460422 0.014706 0.011364
0 0.437681 0.651112 0.183011 0.018653
0 0.186956 0.651022 0.288686 0.018832
3 0.574759 0.652902 0.073047 0.022232
3 0.853041 0.651022 0.232029 0.018832
0 0.674741 0.651505 0.107842 0.017866
0 0.599857 0.602322 0.213237 0.028033
1 0.247873 0.570590 0.014706 0.011364
1 0.554227 0.461101 0.014706 0.011364
1 0.684417 0.443424 0.014706 0.011364
0 0.667873 0.545814 0.349268 0.016250
1 0.452920 0.461101 0.014706 0.011364
1 0.452920 0.443424 0.014706 0.011364
0 0.834234 0.461102 0.273895 0.022234
1 0.857618 0.532691 0.014706 0.011364
1 0.380225 0.531566 0.014706 0.011364
1 0.554227 0.443424 0.014706 0.011364
1 0.354492 0.602694 0.014706 0.011364
1 0.902286 0.603551 0.014706 0.011364
1 0.832435 0.603551 0.014706 0.011364
1 0.832430 0.570590 0.014706 0.011364
0 0.752228 0.603807 0.062093 0.023163
1 0.722139 0.570590 0.014706 0.011364
0 0.295347 0.720803 0.122913 0.021899
0 0.110482 0.720310 0.131542 0.022327
1 0.424343 0.861456 0.014706 0.011364
0 0.769556 0.768604 0.207041 0.017866
0 0.505556 0.768210 0.289341 0.018653
0 0.194403 0.768121 0.303580 0.018832
0 0.264257 0.804085 0.443289 0.017232
3 0.927064 0.769910 0.080881 0.022412
0 0.139164 0.860704 0.193103 0.025234
1 0.354492 0.829351 0.014706 0.011364
0 0.281640 0.861714 0.062093 0.023163
1 0.373024 0.719821 0.014706 0.011364
1 0.373023 0.702119 0.014706 0.011364
1 0.187998 0.719183 0.014706 0.011364
0 0.437681 0.909874 0.183011 0.018653
0 0.186956 0.909785 0.288686 0.018832
3 0.574759 0.911664 0.073047 0.022232
3 0.853041 0.909785 0.232029 0.018832
0 0.674741 0.910268 0.107842 0.017866
0 0.599857 0.861083 0.213237 0.028033
1 0.247873 0.829351 0.014706 0.011364
1 0.554227 0.719862 0.014706 0.011364
1 0.684417 0.702186 0.014706 0.011364
0 0.667873 0.804576 0.349268 0.016250
1 0.452920 0.719862 0.014706 0.011364
1 0.452920 0.702186 0.014706 0.011364
0 0.834234 0.719863 0.273895 0.022234
1 0.857618 0.791452 0.014706 0.011364
1 0.380225 0.790441 0.014706 0.011364
1 0.554227 0.702186 0.014706 0.011364
1 0.354492 0.861456 0.014706 0.011364
1 0.902286 0.862312 0.014706 0.011364
1 0.832435 0.862312 0.014706 0.011364
1 0.832430 0.829351 0.014706 0.011364
0 0.752228 0.862569 0.062093 0.023163
1 0.722139 0.829351 0.014706 0.011364
0 0.876805 0.949969 0.188747 0.017261