0 0.873341 0.941713 0.188747 0.017261
2 0.072647 0.233668 0.014706 0.011364
2 0.136172 0.233668 0.014706 0.011364
0 0.207626 0.146503 0.293928 0.017880
0 0.452629 0.146027 0.181386 0.018832
3 0.593554 0.147907 0.080882 0.022232
3 0.863876 0.146027 0.213042 0.018832
0 0.691184 0.146510 0.107842 0.017866
0 0.761658 0.195920 0.417480 0.022323
1 0.879443 0.169191 0.014706 0.011364
3 0.305752 0.301840 0.485551 0.016121
0 0.649370 0.301840 0.192423 0.016121
0 0.827767 0.301840 0.155109 0.016121
1 0.936067 0.301840 0.014706 0.011364
3 0.305752 0.320924 0.485551 0.014890
0 0.649370 0.320924 0.192423 0.014890
0 0.827767 0.320924 0.155109 0.014890
1 0.936067 0.320923 0.014706 0.011364
0 0.102709 0.394163 0.086206 0.018654
1 0.165289 0.399495 0.014706 0.011364
1 0.352925 0.383207 0.014706 0.011364
1 0.352923 0.400763 0.014706 0.011364
2 0.429737 0.381518 0.014706 0.011364
2 0.657690 0.382154 0.014706 0.011364
2 0.429734 0.400115 0.014706 0.011364
2 0.657680 0.400751 0.014706 0.011364
2 0.071591 0.700297 0.014706 0.011364
2 0.136752 0.700297 0.014706 0.011364
0 0.206570 0.505479 0.293928 0.018653
0 0.453207 0.505390 0.181386 0.018832
3 0.594132 0.507269 0.080882 0.022232
3 0.861926 0.505390 0.217324 0.018832
0 0.691762 0.505873 0.107841 0.017866
0 0.514671 0.433027 0.910129 0.018653
0 0.315651 0.563400 0.262871 0.018653
0 0.563101 0.563310 0.212418 0.018832
1 0.071591 0.553578 0.014706 0.011364
0 0.206570 0.612315 0.293928 0.017880
0 0.453207 0.611839 0.181386 0.018832
3 0.594132 0.613718 0.080882 0.022232
3 0.862133 0.611839 0.216910 0.018832
0 0.691762 0.612322 0.107841 0.017866
0 0.761848 0.661734 0.417480 0.022323
1 0.879632 0.635003 0.014706 0.011364
3 0.305197 0.769510 0.486551 0.016121
0 0.648833 0.769510 0.191461 0.016121
0 0.827265 0.769510 0.156142 0.016121
1 0.936082 0.769510 0.014706 0.011364
3 0.305197 0.787790 0.486551 0.013283
0 0.648833 0.787790 0.191461 0.013283
0 0.827265 0.787790 0.156142 0.013283
1 0.936082 0.787790 0.014706 0.011364
0 0.257643 0.394163 0.088041 0.018654
1 0.442263 0.636091 0.014706 0.011364
1 0.326136 0.651131 0.014706 0.011364
0 0.147842 0.662825 0.176471 0.022323
0 0.277378 0.662870 0.062093 0.022232
1 0.326136 0.665712 0.014706 0.011364
1 0.381281 0.665712 0.014706 0.011364
1 0.324977 0.184231 0.014706 0.011364
1 0.441105 0.169191 0.014706 0.011364
0 0.148897 0.197346 0.176471 0.022323
0 0.276220 0.197392 0.062093 0.022232
1 0.324977 0.198811 0.014706 0.011364
1 0.380123 0.198811 0.014706 0.011364