0 0.873341 0.941713 0.188747 0.017261
2 0.678660 0.144195 0.014706 0.011364
2 0.748516 0.144195 0.014706 0.011364
0 0.240912 0.249168 0.363752 0.018159
0 0.195913 0.299363 0.272059 0.018653
0 0.433150 0.299273 0.181176 0.018832
3 0.575000 0.301153 0.074343 0.022232
3 0.851392 0.299273 0.232029 0.018832
0 0.677084 0.299756 0.107841 0.017866
1 0.744876 0.231263 0.014706 0.011364
1 0.803518 0.231263 0.014706 0.011364
0 0.542184 0.251980 0.207953 0.022323
0 0.691565 0.252025 0.062093 0.022232
1 0.744871 0.252152 0.014706 0.011364
0 0.240912 0.379845 0.363752 0.018159
0 0.195913 0.430040 0.272059 0.018653
0 0.433150 0.429950 0.181176 0.018832
3 0.575000 0.431830 0.074343 0.022232
3 0.851392 0.429950 0.232029 0.018832
0 0.677084 0.430433 0.107841 0.017866
1 0.744876 0.361940 0.014706 0.011364
1 0.803518 0.361940 0.014706 0.011364
0 0.542184 0.382657 0.207953 0.022323
0 0.691565 0.382702 0.062093 0.022232
1 0.744871 0.382827 0.014706 0.011364
0 0.240912 0.511448 0.363752 0.018159
0 0.195913 0.561642 0.272059 0.018653
0 0.433150 0.562395 0.181176 0.018832
3 0.575000 0.564274 0.074343 0.022232
3 0.851392 0.562395 0.232029 0.018832
0 0.677084 0.562878 0.107841 0.017866
1 0.744876 0.493543 0.014706 0.011364
1 0.803518 0.493543 0.014706 0.011364
0 0.542184 0.514260 0.207953 0.022323
0 0.691565 0.514306 0.062093 0.022232
1 0.744871 0.514431 0.014706 0.011364
0 0.240912 0.642125 0.363752 0.018159
0 0.195913 0.692319 0.272059 0.018653
0 0.433150 0.692229 0.181176 0.018832
3 0.575000 0.694109 0.074343 0.022232
3 0.851392 0.692229 0.232029 0.018832
0 0.677084 0.692712 0.107841 0.017866
1 0.744876 0.624220 0.014706 0.011364
1 0.803518 0.624220 0.014706 0.011364
0 0.542184 0.644937 0.207953 0.022323
0 0.691565 0.644982 0.062093 0.022232
1 0.744871 0.645107 0.014706 0.011364
2 0.923904 0.110931 0.014706 0.011364
2 0.856779 0.110931 0.014706 0.011364