1 0.393567 0.274825 0.014706 0.011364
1 0.184007 0.289667 0.014706 0.011364
1 0.393567 0.290937 0.014706 0.011364
1 0.393567 0.382780 0.014706 0.011364
1 0.184007 0.397623 0.014706 0.011364
1 0.393567 0.398894 0.014706 0.011364
0 0.721181 0.394253 0.500000 0.019848
0 0.515399 0.342765 0.911565 0.018771
2 0.740521 0.117991 0.014706 0.011364
2 0.802283 0.117991 0.014706 0.011364
0 0.721181 0.286296 0.500000 0.019849
0 0.515199 0.234807 0.911565 0.018771
0 0.110538 0.288488 0.104855 0.022327
0 0.303317 0.289089 0.108180 0.022327
0 0.110538 0.395766 0.104855 0.022519
0 0.303317 0.396463 0.108180 0.022327
0 0.876805 0.949979 0.188747 0.017261