0 0.514408 0.077487 0.914305 0.069861
0 0.736742 0.171821 0.469569 0.018092
0 0.737317 0.203001 0.468644 0.042596
0 0.265003 0.212873 0.464376 0.020907
0 0.264000 0.256016 0.466010 0.020907
0 0.852643 0.254893 0.228570 0.017119
0 0.264832 0.293735 0.466594 0.020907
0 0.618271 0.292932 0.231742 0.020907
0 0.855920 0.292130 0.237667 0.020907
1 0.862418 0.439957 0.019608 0.015151
1 0.933121 0.439772 0.019608 0.015152
1 0.862315 0.465571 0.019608 0.015152
1 0.933222 0.465413 0.019608 0.015152
1 0.862417 0.492054 0.019608 0.015152
1 0.933121 0.492698 0.019608 0.015152
1 0.861863 0.516854 0.019608 0.015152
1 0.932041 0.517655 0.019608 0.015152
1 0.861276 0.540205 0.019608 0.015152
1 0.931145 0.540850 0.019608 0.015152
1 0.861276 0.562518 0.019608 0.015152
1 0.930106 0.562676 0.019608 0.015152
1 0.861276 0.589159 0.019608 0.015152
1 0.931145 0.589001 0.019608 0.015152
1 0.861776 0.613077 0.019608 0.015151
1 0.931683 0.612432 0.019608 0.015152
1 0.861276 0.639658 0.019608 0.015008
1 0.933222 0.639242 0.019608 0.015152
1 0.860238 0.664735 0.019608 0.015152
1 0.932031 0.663774 0.019608 0.015152
1 0.860294 0.690420 0.019608 0.015150
1 0.932190 0.690894 0.019608 0.015152
1 0.860238 0.723610 0.019608 0.015152
1 0.933222 0.724097 0.019608 0.015152
1 0.861889 0.757926 0.019608 0.015152
1 0.934261 0.758427 0.018382 0.015152
1 0.861418 0.791509 0.019608 0.015152
1 0.932041 0.793585 0.019608 0.015152
0 0.241089 0.870245 0.367783 0.020907
0 0.540972 0.870023 0.223559 0.020907
0 0.756247 0.869563 0.195059 0.020906