0 0.300709 0.132741 0.443431 0.035961
0 0.613009 0.139271 0.173820 0.018166
0 0.759346 0.138785 0.114830 0.018139
0 0.889078 0.138422 0.125603 0.019179
0 0.301847 0.178367 0.449289 0.034921
0 0.643986 0.177866 0.231679 0.035961
0 0.859682 0.184639 0.191591 0.019180
0 0.248969 0.270284 0.391565 0.023674
0 0.146620 0.292695 0.186868 0.023674
0 0.351874 0.293484 0.186868 0.023674
0 0.531227 0.266543 0.139944 0.016390
0 0.689578 0.267285 0.145331 0.017430
0 0.864685 0.269692 0.180022 0.022688
0 0.864973 0.302162 0.180022 0.045647
0 0.250464 0.343307 0.391565 0.023674
0 0.148115 0.365719 0.186868 0.023674
0 0.353369 0.366508 0.186868 0.023674
0 0.531366 0.341147 0.139944 0.016390
0 0.692986 0.340627 0.145331 0.017430
0 0.864824 0.343034 0.180022 0.022688
0 0.865112 0.375504 0.180022 0.045647
0 0.249934 0.419317 0.391565 0.023674
0 0.147585 0.441729 0.186868 0.023674
0 0.352839 0.442518 0.186868 0.023674
0 0.530836 0.417157 0.139944 0.016390
0 0.692456 0.416637 0.145331 0.017430
0 0.865641 0.418822 0.180022 0.022688
0 0.865483 0.452272 0.180022 0.045647
0 0.250186 0.496558 0.391565 0.023674
0 0.147837 0.518970 0.186868 0.023674
0 0.349875 0.519256 0.186868 0.023674
0 0.529986 0.492998 0.139944 0.016390
0 0.691606 0.492478 0.145331 0.017430
0 0.865400 0.494854 0.180022 0.022971
0 0.865260 0.528970 0.180022 0.047053
0 0.248492 0.574260 0.391565 0.023674
0 0.146144 0.596671 0.186868 0.023674
0 0.351398 0.597460 0.186868 0.023674
0 0.530840 0.570575 0.139944 0.016390
0 0.692460 0.571096 0.145331 0.017430
0 0.865680 0.571719 0.180022 0.022688
0 0.865522 0.605169 0.180022 0.045647
0 0.249558 0.650737 0.391565 0.023674
0 0.147209 0.673149 0.186868 0.023674
0 0.352463 0.673938 0.186868 0.023674
0 0.532418 0.646819 0.139944 0.016390
0 0.694037 0.647339 0.145331 0.017430
0 0.865697 0.648586 0.180022 0.022688
0 0.865826 0.682037 0.180022 0.045647
0 0.250508 0.731148 0.391565 0.023674
0 0.148447 0.759634 0.186868 0.023674
0 0.351708 0.760078 0.186868 0.023674
0 0.531949 0.726708 0.139944 0.016390
0 0.692960 0.726278 0.145331 0.017430
0 0.865067 0.723975 0.180022 0.022688
0 0.864887 0.756970 0.180022 0.045647
0 0.523406 0.796578 0.153411 0.023674
0 0.689470 0.796578 0.173611 0.023674
0 0.388525 0.823785 0.039573 0.015783
0 0.523242 0.825758 0.153411 0.023674
0 0.689594 0.825758 0.170918 0.023674
0 0.523342 0.858198 0.153411 0.023674
0 0.688134 0.856784 0.173611 0.023674
5 0.361778 0.981180 0.138354 0.035944
5 0.504902 0.981521 0.138354 0.035944
5 0.648026 0.980600 0.138354 0.035944