1 0.348258 0.141322 0.019935 0.016742
1 0.412975 0.141414 0.020343 0.016937
0 0.912082 0.140910 0.115606 0.016730
0 0.264086 0.238789 0.469028 0.015641
0 0.617677 0.238917 0.232508 0.015326
0 0.794341 0.238932 0.114436 0.015356
0 0.912230 0.238932 0.115699 0.015356
0 0.263970 0.257205 0.469030 0.015957
0 0.617599 0.257173 0.232511 0.015957
0 0.794060 0.257189 0.114028 0.015989
0 0.912357 0.257031 0.116110 0.016304
0 0.264086 0.274996 0.469028 0.015957
0 0.617434 0.275033 0.232920 0.015957
0 0.794136 0.274981 0.114028 0.015989
0 0.912435 0.274981 0.116108 0.015989
0 0.264086 0.293400 0.469028 0.015957
0 0.617473 0.293273 0.232917 0.016588
0 0.794136 0.293228 0.114028 0.016302
0 0.912435 0.293228 0.116108 0.016302
0 0.087403 0.511911 0.115508 0.024087
0 0.206120 0.511911 0.115195 0.024087
0 0.324301 0.511911 0.114440 0.024087
0 0.441414 0.511911 0.115508 0.024087
0 0.559062 0.511911 0.113369 0.024087
0 0.675947 0.511911 0.114894 0.024087
0 0.794129 0.511557 0.115964 0.023140
0 0.912539 0.511557 0.116578 0.023140
0 0.087403 0.538006 0.115508 0.023140
0 0.206120 0.538006 0.115195 0.023140
0 0.324301 0.538006 0.114440 0.023140
0 0.441414 0.536518 0.115508 0.023140
0 0.559062 0.538006 0.113369 0.023140
0 0.675947 0.538006 0.114894 0.023140
0 0.794129 0.537889 0.115964 0.022667
0 0.912539 0.537179 0.116578 0.023140
0 0.087403 0.563624 0.115508 0.023140
0 0.206120 0.563624 0.115195 0.023140
0 0.324301 0.563624 0.114440 0.023140
0 0.441414 0.563587 0.114691 0.023425
0 0.559062 0.563624 0.113369 0.023140
0 0.675947 0.563624 0.114894 0.023140
0 0.794129 0.563508 0.115964 0.022667
0 0.912539 0.562797 0.116578 0.023140
0 0.087403 0.589246 0.115508 0.023140
0 0.206120 0.589246 0.115195 0.023140
0 0.324301 0.589246 0.114440 0.023140
0 0.441414 0.588494 0.115508 0.021638
0 0.559062 0.589246 0.113369 0.023140
0 0.675947 0.589246 0.114894 0.023140
0 0.794538 0.589366 0.115964 0.023140
0 0.912539 0.588971 0.116578 0.022667
0 0.087403 0.614864 0.115508 0.023140
0 0.206120 0.614864 0.115195 0.023140
0 0.324301 0.614864 0.114440 0.023140
0 0.441414 0.614864 0.115508 0.023140
0 0.559062 0.614864 0.113369 0.023140
0 0.675947 0.614864 0.114894 0.023140
0 0.794129 0.614984 0.115964 0.023140
0 0.912539 0.614984 0.116578 0.023140
0 0.087403 0.640486 0.115508 0.023140
0 0.206120 0.640486 0.115195 0.023140
0 0.324301 0.640486 0.114440 0.023140
0 0.441414 0.640486 0.115508 0.023140
0 0.559062 0.640486 0.113369 0.023140
0 0.675947 0.640486 0.114894 0.023140
0 0.794129 0.640606 0.115964 0.023140
0 0.912539 0.640606 0.116578 0.023140
0 0.087403 0.666104 0.115508 0.023140
0 0.206120 0.666104 0.115195 0.023140
0 0.324301 0.666104 0.114440 0.023140
0 0.441414 0.666104 0.115508 0.023140
0 0.559062 0.666104 0.113369 0.023140
0 0.675947 0.666104 0.114894 0.023140
0 0.794129 0.665278 0.115964 0.023139
0 0.912539 0.665278 0.116578 0.023139
0 0.087403 0.691725 0.115508 0.023141
0 0.206120 0.691725 0.115195 0.023141
0 0.324301 0.691725 0.114440 0.023141
0 0.441414 0.691725 0.115508 0.023141
0 0.559062 0.691725 0.113369 0.023141
0 0.675947 0.691725 0.114894 0.023141
0 0.794129 0.691135 0.115964 0.023612
0 0.912539 0.691135 0.116578 0.023612
0 0.087403 0.717345 0.115508 0.023140
0 0.206120 0.717345 0.115195 0.023140
0 0.324301 0.717345 0.114440 0.023140
0 0.441414 0.717345 0.115508 0.023140
0 0.559062 0.717345 0.113369 0.023140
0 0.675947 0.717345 0.114894 0.023140
0 0.794129 0.717228 0.115964 0.022665
0 0.912539 0.716991 0.116578 0.023139
0 0.536602 0.756021 0.871540 0.042436
0 0.207071 0.906655 0.347950 0.093671
0 0.851129 0.871577 0.237614 0.019382
0 0.555995 0.907413 0.335876 0.020391
0 0.851110 0.906972 0.235907 0.021275
0 0.413874 0.944487 0.039216 0.018656
0 0.585056 0.944898 0.278637 0.017708
0 0.757442 0.945024 0.041054 0.017709
0 0.877805 0.945024 0.182189 0.017709
5 0.084799 0.975128 0.112301 0.032232
5 0.225442 0.975128 0.112299 0.032232
5 0.362816 0.974669 0.112299 0.032232