2 0.056302 0.273107 0.014706 0.011364
2 0.119832 0.273107 0.014706 0.011364
0 0.162682 0.323135 0.236730 0.022412
0 0.334558 0.323179 0.095590 0.022323
0 0.512662 0.323179 0.107026 0.022323
1 0.415036 0.323303 0.014706 0.011364
0 0.743266 0.372337 0.209152 0.017866
0 0.188826 0.371944 0.289018 0.018653
0 0.485096 0.371863 0.281047 0.018814
3 0.912382 0.373644 0.112747 0.022412
2 0.056302 0.431617 0.014706 0.011364
2 0.056302 0.459192 0.014706 0.011364
2 0.056302 0.488078 0.014706 0.011364
2 0.603490 0.431617 0.014706 0.011364
2 0.603490 0.457205 0.014706 0.011364
0 0.755514 0.544609 0.430149 0.018653
0 0.238562 0.579919 0.359477 0.018744
3 0.602025 0.626996 0.347837 0.018027
3 0.380323 0.628261 0.068629 0.022655
0 0.197712 0.627303 0.277776 0.017412
0 0.744702 0.673793 0.209152 0.017866
0 0.197712 0.673400 0.277776 0.018653
0 0.486532 0.673310 0.281047 0.018832
3 0.913816 0.675100 0.112747 0.022412
0 0.744702 0.756056 0.209152 0.017866
0 0.197712 0.756385 0.277776 0.017207
0 0.486532 0.755573 0.281047 0.018832
3 0.911963 0.757362 0.112747 0.022412
2 0.070809 0.792881 0.014706 0.011364
2 0.134523 0.792881 0.014706 0.011364
0 0.873341 0.941713 0.188747 0.017261
1 0.598064 0.323301 0.014706 0.011364
0 0.570667 0.581710 0.285132 0.022323
1 0.737091 0.582388 0.014706 0.011364
0 0.198529 0.708258 0.279412 0.018744
0 0.485503 0.709558 0.278990 0.022323
1 0.645392 0.709989 0.014706 0.011364
2 0.070809 0.545269 0.014706 0.011364
2 0.158641 0.545269 0.014706 0.011364
2 0.255131 0.545269 0.014706 0.011364
2 0.342869 0.545269 0.014706 0.011364
0 0.269609 0.129270 0.450982 0.018653
0 0.738562 0.129270 0.464052 0.018653
0 0.121324 0.217131 0.154413 0.022323
0 0.232844 0.217177 0.062093 0.022232
1 0.054467 0.188014 0.014706 0.011364
1 0.285681 0.218826 0.014706 0.011364
1 0.285681 0.201145 0.014706 0.011364
0 0.426472 0.217490 0.161765 0.021606
0 0.545752 0.217177 0.062093 0.022232
1 0.354306 0.188014 0.014706 0.011364
1 0.597154 0.218826 0.014706 0.011364
1 0.597154 0.202413 0.014706 0.011364
0 0.750817 0.217131 0.179735 0.022323
0 0.874998 0.217177 0.062093 0.022232
1 0.669660 0.188014 0.014706 0.011364
1 0.921920 0.218826 0.014706 0.011364
1 0.921920 0.202409 0.014706 0.011364
0 0.656765 0.788826 0.619513 0.017866