1 0.201237 0.189091 0.014706 0.011364
1 0.377229 0.173292 0.014706 0.011364
1 0.377225 0.190357 0.014706 0.011364
0 0.208211 0.249076 0.293928 0.018653
0 0.454030 0.248987 0.183011 0.018832
3 0.592673 0.250866 0.069118 0.022232
0 0.691767 0.249470 0.107841 0.017866
0 0.171441 0.541576 0.220389 0.022323
0 0.321672 0.541621 0.062093 0.022232
1 0.071871 0.510734 0.014706 0.011364
1 0.071871 0.495268 0.014706 0.011364
0 0.479342 0.541576 0.222224 0.022323
0 0.631301 0.542360 0.062093 0.020755
0 0.782861 0.541576 0.214882 0.022323
0 0.938094 0.541621 0.066175 0.022232
1 0.378855 0.510734 0.014706 0.011364
1 0.378855 0.495268 0.014706 0.011364
1 0.686044 0.510734 0.014706 0.011364
1 0.686044 0.495268 0.014706 0.011364
2 0.468727 0.173794 0.014706 0.011364
2 0.468721 0.192320 0.014706 0.011364
2 0.591791 0.174470 0.014706 0.011364
2 0.591789 0.192320 0.014706 0.011364
0 0.876995 0.191118 0.188372 0.015207
3 0.864563 0.248987 0.213237 0.018832
0 0.601501 0.422455 0.183825 0.017136
0 0.171446 0.421696 0.220399 0.018653
0 0.398466 0.421607 0.207531 0.018832
3 0.740380 0.423486 0.067819 0.022232
1 0.071869 0.461138 0.014706 0.011364
1 0.172373 0.461138 0.014706 0.011364
1 0.256542 0.461138 0.014706 0.011364
1 0.357046 0.461138 0.014706 0.011364
1 0.519186 0.461138 0.014706 0.011364
0 0.840788 0.457454 0.260786 0.017888
0 0.208211 0.624734 0.293928 0.018653
0 0.454035 0.624645 0.183011 0.018832
3 0.592673 0.626524 0.069118 0.022232
3 0.864563 0.624645 0.213237 0.018832
0 0.693203 0.625128 0.107841 0.017866
0 0.328303 0.577538 0.534113 0.022323
1 0.613881 0.578600 0.014706 0.011364
1 0.926662 0.423894 0.014706 0.011364
0 0.218426 0.322436 0.270217 0.018653
0 0.453217 0.322347 0.181386 0.018832
3 0.592673 0.324226 0.069118 0.022232
3 0.864563 0.321556 0.213237 0.017250
0 0.345261 0.370811 0.314340 0.018653
0 0.602423 0.370722 0.185670 0.018832
3 0.789806 0.372601 0.166670 0.022232
0 0.926242 0.370811 0.089879 0.018653
0 0.691767 0.322830 0.107841 0.017866
0 0.218426 0.698940 0.270217 0.018653
0 0.453217 0.698850 0.181386 0.018832
3 0.592673 0.700730 0.069118 0.022232
3 0.864563 0.698059 0.213237 0.017250
0 0.691767 0.699333 0.107841 0.017866
0 0.345261 0.747307 0.314340 0.018653
0 0.602423 0.747218 0.185670 0.018832
3 0.789806 0.749097 0.166670 0.022232
0 0.926242 0.747307 0.089879 0.018653
2 0.093051 0.733946 0.014706 0.011364
2 0.093051 0.750391 0.014706 0.011364
2 0.093051 0.360615 0.014706 0.011364
2 0.093051 0.376409 0.014706 0.011364
0 0.308993 0.188915 0.110296 0.022327
0 0.119061 0.188915 0.110296 0.022327
0 0.842663 0.423439 0.108180 0.022327
0 0.876805 0.949969 0.188747 0.017261