1 0.393567 0.245426 0.014706 0.011364
1 0.183807 0.260268 0.014706 0.011364
1 0.393567 0.261538 0.014706 0.011364
1 0.393567 0.398836 0.014706 0.011364
1 0.183807 0.413679 0.014706 0.011364
1 0.393567 0.414950 0.014706 0.011364
2 0.747873 0.114158 0.014706 0.011364
2 0.805958 0.114158 0.014706 0.011364
0 0.721181 0.251273 0.500000 0.031088
0 0.515199 0.205406 0.911565 0.018772
2 0.831402 0.281770 0.014706 0.011364
2 0.893163 0.281770 0.014706 0.011364
2 0.893165 0.310178 0.014706 0.011364
2 0.831578 0.310178 0.014706 0.011364
0 0.721181 0.405071 0.500000 0.030314
0 0.515199 0.358816 0.911565 0.018771
2 0.831556 0.435182 0.014706 0.011364
2 0.893165 0.435182 0.014706 0.011364
2 0.893165 0.463588 0.014706 0.011364
2 0.831578 0.463588 0.014706 0.011364
0 0.300631 0.258435 0.108180 0.022327
0 0.111705 0.258339 0.104855 0.022519
0 0.300631 0.412622 0.108180 0.022327
0 0.111705 0.412526 0.104855 0.022519
0 0.876805 0.949979 0.188747 0.017261