0 0.873341 0.941713 0.188747 0.017261
2 0.070809 0.303410 0.014706 0.011364
2 0.148882 0.303410 0.014706 0.011364
0 0.154412 0.174265 0.191176 0.024426
1 0.282681 0.173003 0.014706 0.011364
0 0.649281 0.172914 0.636794 0.019967
0 0.189340 0.221828 0.261033 0.018771
0 0.433667 0.221738 0.205567 0.018951
3 0.583748 0.223617 0.074343 0.022351
3 0.857605 0.221747 0.225966 0.018933
0 0.685815 0.222221 0.107804 0.017985
0 0.308823 0.357666 0.448531 0.018653
0 0.209557 0.407926 0.250000 0.017255
0 0.439183 0.407078 0.194539 0.018951
3 0.583748 0.408957 0.074343 0.022351
3 0.857605 0.406383 0.225966 0.020340
0 0.685815 0.407561 0.107804 0.017985
0 0.758340 0.357666 0.424497 0.018653
0 0.308823 0.462785 0.448531 0.018653
0 0.209557 0.513044 0.250000 0.017255
0 0.439183 0.512196 0.194539 0.018951
3 0.583748 0.514076 0.074343 0.022351
3 0.857605 0.511502 0.225966 0.020340
0 0.685815 0.512679 0.107804 0.017985
0 0.758340 0.462785 0.424497 0.018653
0 0.513946 0.259448 0.911931 0.018772