2 0.747873 0.111316 0.014706 0.011364
2 0.805332 0.111316 0.014706 0.011364
1 0.224451 0.231253 0.014706 0.011364
0 0.299623 0.301862 0.480404 0.051169
0 0.758557 0.301862 0.425238 0.051169
1 0.901515 0.217681 0.014706 0.011364
1 0.710974 0.232523 0.014706 0.011364
1 0.901515 0.233793 0.014706 0.011364
1 0.224451 0.388095 0.014706 0.011364
0 0.299623 0.457202 0.480404 0.051169
0 0.758557 0.457202 0.425238 0.051169
1 0.901515 0.374524 0.014706 0.011364
1 0.710974 0.389366 0.014706 0.011364
1 0.901515 0.390636 0.014706 0.011364
1 0.224451 0.540931 0.014706 0.011364
0 0.299623 0.607030 0.480404 0.051169
0 0.758557 0.607030 0.425238 0.051169
1 0.901515 0.527359 0.014706 0.011364
1 0.710974 0.542201 0.014706 0.011364
1 0.901515 0.543471 0.014706 0.011364
1 0.224451 0.690332 0.014706 0.011364
0 0.299623 0.757184 0.480404 0.051169
0 0.758557 0.757184 0.425238 0.051169
1 0.901515 0.676760 0.014706 0.011364
1 0.710974 0.691602 0.014706 0.011364
1 0.901515 0.692874 0.014706 0.011364
0 0.129270 0.231458 0.139708 0.022391
0 0.129270 0.388302 0.139708 0.022391
0 0.129270 0.540647 0.139708 0.022391
0 0.129270 0.692150 0.139708 0.022391
0 0.824235 0.231458 0.132353 0.022391
0 0.615792 0.231458 0.139707 0.022391
0 0.824235 0.388302 0.132353 0.022391
0 0.615792 0.388302 0.139707 0.022391
0 0.824235 0.540647 0.132353 0.022391
0 0.615792 0.692150 0.139707 0.022391
0 0.824235 0.692150 0.132353 0.022391
0 0.615792 0.540647 0.139707 0.022391
0 0.876805 0.949979 0.188747 0.017261