0 0.873341 0.941713 0.188747 0.017261
2 0.075510 0.348984 0.014706 0.011364
2 0.133735 0.348984 0.014706 0.011364
0 0.592940 0.244758 0.161765 0.022323
1 0.695551 0.246446 0.014706 0.011364
0 0.280437 0.245510 0.433825 0.020818
0 0.655438 0.194717 0.242641 0.018653
0 0.404215 0.194717 0.240194 0.018653
0 0.879704 0.197215 0.176471 0.020814
0 0.803624 0.652763 0.333140 0.022232
3 0.934847 0.550946 0.080884 0.022323
0 0.774811 0.549156 0.221583 0.018744
0 0.219266 0.549156 0.267358 0.018744
0 0.507154 0.549156 0.284312 0.018744
0 0.214262 0.600378 0.257351 0.018653
0 0.449553 0.600289 0.198531 0.018832
3 0.591704 0.602168 0.071059 0.022232
3 0.861221 0.600289 0.228137 0.018832
0 0.687198 0.600772 0.100288 0.017866
3 0.219167 0.652763 0.267160 0.022232
3 0.493674 0.652763 0.257351 0.022232
1 0.261234 0.148990 0.014706 0.011364
0 0.166466 0.198011 0.205882 0.021753
0 0.818427 0.247083 0.137253 0.017673
1 0.913689 0.246446 0.014706 0.011364
0 0.803624 0.500934 0.333140 0.022232
3 0.934847 0.399117 0.080884 0.022323
0 0.777336 0.397328 0.221583 0.018744
0 0.219266 0.397328 0.267358 0.018744
0 0.507154 0.397328 0.284312 0.018744
0 0.214262 0.449138 0.257351 0.017476
0 0.449553 0.448460 0.198531 0.018832
3 0.591704 0.450340 0.071059 0.022232
3 0.861221 0.448460 0.228137 0.018832
0 0.687198 0.448943 0.100288 0.017866
3 0.219167 0.500934 0.267160 0.022232
3 0.493674 0.500934 0.257351 0.022232
0 0.194038 0.306068 0.261028 0.020068
1 0.339668 0.311292 0.014706 0.011364
1 0.599469 0.293168 0.014706 0.011364
0 0.491225 0.308241 0.193631 0.022883
1 0.599469 0.311292 0.014706 0.011364
0 0.842936 0.302934 0.254905 0.033496
1 0.829863 0.148990 0.014706 0.011364
1 0.722016 0.148990 0.014706 0.011364
1 0.349469 0.148990 0.014706 0.011364