0 0.563376 0.117161 0.077584 0.018554
0 0.340095 0.150222 0.386935 0.036897
0 0.777264 0.149812 0.294614 0.036897
0 0.639610 0.245787 0.184222 0.025448
0 0.836412 0.245625 0.200935 0.026355
0 0.637011 0.276592 0.185258 0.028127
0 0.834182 0.271890 0.200782 0.029466
0 0.639610 0.300678 0.184223 0.028126
0 0.831583 0.304711 0.197677 0.028127
0 0.635447 0.328798 0.184223 0.028126
0 0.832106 0.331498 0.198712 0.028127
0 0.639087 0.358933 0.185258 0.026787
0 0.831066 0.360287 0.198712 0.026787
0 0.636488 0.389753 0.184223 0.024108
0 0.832928 0.390049 0.196862 0.028112
0 0.640133 0.416548 0.185257 0.032145
0 0.832249 0.422611 0.198219 0.028112
0 0.635970 0.451371 0.185258 0.032145
0 0.831071 0.448685 0.198712 0.029466
0 0.639604 0.478151 0.184223 0.032145
0 0.829508 0.479490 0.199747 0.026787
0 0.638564 0.505593 0.186293 0.033484
0 0.831589 0.508286 0.197677 0.028127
0 0.639610 0.536413 0.184223 0.028127
0 0.833664 0.538422 0.195607 0.029466
0 0.640645 0.567888 0.186292 0.032145
0 0.833147 0.566541 0.196642 0.032145
0 0.636488 0.598685 0.184223 0.029466
0 0.831589 0.595345 0.197677 0.025448
0 0.639610 0.626142 0.184223 0.028126
0 0.832106 0.625480 0.198712 0.024108
0 0.638569 0.650913 0.184223 0.029466
0 0.831066 0.653607 0.198712 0.026787
0 0.638569 0.688437 0.186293 0.032145
0 0.833245 0.682587 0.196862 0.026355
0 0.640127 0.718573 0.185257 0.028127
0 0.833659 0.713878 0.197677 0.032145
0 0.639604 0.744006 0.186293 0.028127
0 0.832618 0.746030 0.197677 0.026787
0 0.639604 0.773479 0.186292 0.028127
0 0.833141 0.770123 0.196642 0.032145
0 0.638569 0.800929 0.184223 0.026787
0 0.833607 0.797611 0.198219 0.029869
0 0.638103 0.831051 0.184643 0.028112
0 0.833659 0.833750 0.199747 0.030805
0 0.639610 0.861877 0.184222 0.030805
0 0.835734 0.862539 0.199747 0.029466
0 0.639087 0.889996 0.185258 0.028127
0 0.832607 0.890665 0.201817 0.024108
5 0.345164 0.965677 0.125230 0.056253
5 0.494193 0.964337 0.125230 0.056253
5 0.644256 0.961659 0.125230 0.056253