2 0.061404 0.745604 0.016340 0.012626
2 0.137384 0.745604 0.016340 0.012626
0 0.500232 0.834695 0.893997 0.025340
0 0.617030 0.587971 0.357681 0.020000
0 0.420792 0.621534 0.737109 0.018543
0 0.214909 0.656141 0.325345 0.020000
0 0.488493 0.656141 0.204645 0.020000
0 0.733865 0.656141 0.127276 0.020000
0 0.882625 0.656141 0.158469 0.020000
0 0.501763 0.789242 0.897059 0.025343
0 0.501051 0.880150 0.893997 0.025340
0 0.880549 0.586666 0.163729 0.022607
3 0.631034 0.656768 0.065199 0.020000
0 0.880933 0.621932 0.161598 0.018038