1 0.736393 0.179333 0.052139 0.014504
1 0.793803 0.179175 0.052139 0.014504
1 0.888756 0.179853 0.115596 0.014249
1 0.735872 0.208039 0.052139 0.014504
1 0.793282 0.208284 0.052139 0.013698
1 0.888234 0.208559 0.115596 0.014249
1 0.735872 0.229503 0.052139 0.014504
1 0.793282 0.229748 0.052139 0.013698
1 0.888234 0.230023 0.115596 0.014249
1 0.735872 0.252871 0.052139 0.014504
1 0.793282 0.253116 0.052139 0.013698
1 0.889277 0.253391 0.115596 0.014249
1 0.735872 0.279386 0.052139 0.014504
1 0.793282 0.279228 0.052139 0.014504
1 0.889277 0.280713 0.115596 0.014249
1 0.735350 0.309286 0.052139 0.014504
1 0.792761 0.309531 0.052139 0.013698
1 0.889798 0.310612 0.115596 0.014249
1 0.734829 0.340852 0.052139 0.014504
1 0.792239 0.341097 0.052139 0.013698
1 0.889277 0.342177 0.115596 0.014249
0 0.514085 0.448817 0.873840 0.141816
4 0.274248 0.645023 0.444219 0.024978
0 0.725980 0.645833 0.449216 0.026212
0 0.274314 0.685225 0.449020 0.028236
0 0.725882 0.683712 0.449020 0.026212
5 0.226281 0.855330 0.166843 0.033037
5 0.421054 0.855986 0.166843 0.033037
5 0.615498 0.855986 0.166843 0.033037