0 0.272132 0.305573 0.447101 0.021854
0 0.270987 0.356953 0.447102 0.053955
0 0.614453 0.306400 0.183123 0.021853
0 0.808489 0.306400 0.103466 0.021853
0 0.920440 0.307023 0.103464 0.021853
0 0.572458 0.339544 0.102330 0.021853
0 0.677850 0.339544 0.102330 0.021853
0 0.854320 0.339544 0.199056 0.021853
0 0.681684 0.374090 0.099528 0.021854
0 0.856181 0.374551 0.199056 0.021854
1 0.070251 0.422525 0.019608 0.015152
1 0.070251 0.456616 0.019608 0.015152
1 0.540838 0.422525 0.019608 0.015152
1 0.540838 0.457879 0.019608 0.015152
0 0.144741 0.584943 0.233662 0.056085
0 0.322494 0.573545 0.111113 0.031319
0 0.438723 0.573350 0.112201 0.032886
0 0.557871 0.584943 0.115471 0.056085
0 0.796980 0.584542 0.350221 0.055624
0 0.145150 0.642162 0.233661 0.055282
0 0.322439 0.629502 0.111113 0.030516
0 0.439345 0.631176 0.112203 0.031689
0 0.557113 0.642162 0.115471 0.055282
0 0.794864 0.642569 0.350221 0.054822
0 0.145150 0.698520 0.233661 0.053677
0 0.322439 0.687123 0.111113 0.028912
0 0.438542 0.686071 0.112201 0.028071
0 0.558279 0.698520 0.115471 0.053677
0 0.796344 0.698628 0.350221 0.054019
0 0.145739 0.755397 0.233662 0.056085
0 0.322439 0.742315 0.111113 0.028110
0 0.440632 0.740804 0.112201 0.025663
0 0.558279 0.755397 0.115471 0.056085
0 0.795166 0.755505 0.350221 0.056427
0 0.145739 0.813376 0.233662 0.056085
0 0.322573 0.799388 0.111113 0.027307
0 0.440176 0.799589 0.112201 0.025663
0 0.558869 0.814388 0.115471 0.056085
0 0.795754 0.813938 0.350221 0.056427
0 0.144923 0.870680 0.233661 0.056085
0 0.322143 0.858105 0.111113 0.027307
0 0.439748 0.858306 0.112201 0.025663
0 0.558440 0.872298 0.115471 0.056085
0 0.796380 0.871488 0.350221 0.056427