0 0.873341 0.941713 0.188747 0.017261
0 0.828279 0.213556 0.278163 0.019881
0 0.205880 0.339973 0.294113 0.022388
1 0.367240 0.343576 0.014706 0.011364
1 0.367237 0.326797 0.014706 0.011364
0 0.667279 0.339973 0.408091 0.022388
1 0.881946 0.343576 0.014706 0.011364
1 0.881944 0.326797 0.014706 0.011364
0 0.829233 0.531737 0.282276 0.019881
0 0.202651 0.658155 0.294113 0.022388
1 0.367235 0.661758 0.014706 0.011364
1 0.367237 0.644979 0.014706 0.011364
0 0.664051 0.658155 0.408091 0.022388
1 0.878717 0.661758 0.014706 0.011364
1 0.878716 0.644979 0.014706 0.011364
1 0.066018 0.513271 0.014706 0.011364
1 0.066018 0.531736 0.014706 0.011364
1 0.066018 0.550201 0.014706 0.011364
1 0.066018 0.568665 0.014706 0.011364
1 0.066018 0.587133 0.014706 0.011364
1 0.367235 0.513271 0.014706 0.011364
1 0.367239 0.531736 0.014706 0.011364
1 0.367235 0.550201 0.014706 0.011364
1 0.367242 0.568665 0.014706 0.011364
0 0.761655 0.568665 0.409797 0.019885
0 0.511477 0.621962 0.911765 0.023120
1 0.066018 0.700773 0.014706 0.011364
1 0.066018 0.719237 0.014706 0.011364
1 0.066018 0.737702 0.014706 0.011364
1 0.066018 0.756167 0.014706 0.011364
1 0.066016 0.774635 0.014706 0.011364
1 0.367235 0.700773 0.014706 0.011364
1 0.367239 0.719237 0.014706 0.011364
1 0.367235 0.737702 0.014706 0.011364
1 0.367239 0.774635 0.014706 0.011364
0 0.760787 0.775654 0.413145 0.015396
1 0.367235 0.756167 0.014706 0.011364
2 0.747279 0.104867 0.014706 0.011364
2 0.809041 0.104867 0.014706 0.011364
1 0.069245 0.195090 0.014706 0.011364
1 0.069245 0.213554 0.014706 0.011364
1 0.069245 0.232019 0.014706 0.011364
1 0.069245 0.250484 0.014706 0.011364
1 0.069245 0.268951 0.014706 0.011364
1 0.367235 0.195090 0.014706 0.011364
1 0.367239 0.213554 0.014706 0.011364
1 0.367235 0.232019 0.014706 0.011364
1 0.367242 0.250484 0.014706 0.011364
0 0.762058 0.250483 0.410603 0.019885
0 0.514706 0.303780 0.911765 0.023120
1 0.069245 0.382591 0.014706 0.011364
1 0.069245 0.401056 0.014706 0.011364
1 0.069245 0.419520 0.014706 0.011364
1 0.069245 0.437985 0.014706 0.011364
1 0.069245 0.456453 0.014706 0.011364
1 0.367235 0.382591 0.014706 0.011364
1 0.367239 0.401056 0.014706 0.011364
1 0.367235 0.419520 0.014706 0.011364
1 0.367239 0.456453 0.014706 0.011364
0 0.761935 0.456453 0.411479 0.019885
1 0.367235 0.437985 0.014706 0.011364
0 0.694904 0.268951 0.545541 0.019885
0 0.695453 0.587133 0.546639 0.019885