0 0.574560 0.088811 0.569343 0.022489
0 0.575114 0.124827 0.569343 0.022487
0 0.576020 0.160867 0.569611 0.022489
0 0.576461 0.195275 0.569879 0.022489
1 0.325691 0.268681 0.025320 0.011883
1 0.325846 0.283213 0.025320 0.011883
0 0.698437 0.281535 0.085234 0.015918
1 0.325869 0.298089 0.025320 0.011883
0 0.698515 0.298593 0.085173 0.015918
1 0.325936 0.312655 0.025320 0.011883
0 0.629210 0.318294 0.461292 0.016538
0 0.708100 0.341826 0.300123 0.017207
0 0.653630 0.364267 0.408760 0.016817
1 0.480719 0.385410 0.018507 0.010657
1 0.537367 0.385830 0.019221 0.010932
1 0.550266 0.407507 0.018507 0.010658
1 0.609404 0.407594 0.019222 0.010933
1 0.327172 0.472895 0.025320 0.011883
1 0.327095 0.488912 0.025320 0.011884
1 0.327101 0.505343 0.025320 0.011883
1 0.327154 0.521878 0.025320 0.011884
1 0.327072 0.538636 0.025320 0.011883
0 0.632297 0.540494 0.460712 0.016538
0 0.596968 0.569160 0.092995 0.016538
0 0.628924 0.588174 0.157041 0.016538
0 0.628873 0.607601 0.157152 0.016538
1 0.444992 0.628373 0.021271 0.012587
1 0.627703 0.628672 0.022876 0.013000
1 0.444522 0.650280 0.021181 0.012586
1 0.529966 0.650552 0.022074 0.012586
0 0.631726 0.701154 0.139858 0.016538
0 0.632154 0.722807 0.139858 0.016539
0 0.632238 0.743973 0.140214 0.016538
0 0.631967 0.765611 0.139859 0.016538
0 0.618631 0.816257 0.480866 0.019183
0 0.618327 0.839766 0.480866 0.019843
0 0.459534 0.862294 0.163843 0.019182
0 0.459238 0.884905 0.163727 0.019251
5 0.752300 0.962802 0.131368 0.037345
5 0.577393 0.962802 0.128158 0.037345
5 0.401865 0.962802 0.128158 0.037345
5 0.226337 0.962802 0.128157 0.037345