0 0.356506 0.242612 0.577972 0.024000
0 0.814293 0.242612 0.251175 0.024000
0 0.195396 0.288298 0.270968 0.023148
0 0.494278 0.285141 0.236927 0.023148
0 0.809499 0.285141 0.241012 0.023148
0 0.354028 0.331437 0.588232 0.023148
0 0.812904 0.334068 0.247820 0.022096
0 0.148420 0.380890 0.177014 0.021044
0 0.616826 0.379312 0.247820 0.022096
0 0.502448 0.581331 0.885071 0.325124
4 0.253854 0.775157 0.245098 0.040404
0 0.850754 0.787837 0.213364 0.029218
5 0.282909 0.977231 0.147194 0.026087
5 0.469940 0.977231 0.145843 0.026087
5 0.652920 0.977231 0.144493 0.026087