2 0.070243 0.243013 0.014706 0.011364
2 0.135404 0.243013 0.014706 0.011364
0 0.205222 0.155848 0.293928 0.017880
0 0.451859 0.155372 0.181386 0.018832
3 0.592784 0.157251 0.080882 0.022232
3 0.861174 0.155372 0.216910 0.018832
0 0.690414 0.155855 0.107842 0.017866
0 0.146493 0.205265 0.176471 0.022323
0 0.278449 0.205311 0.062093 0.022232
1 0.327206 0.193572 0.014706 0.011364
1 0.443333 0.178532 0.014706 0.011364
0 0.760889 0.205265 0.417480 0.022323
1 0.878673 0.178535 0.014706 0.011364
3 0.304984 0.311349 0.485551 0.016121
0 0.660983 0.311349 0.217181 0.016119
0 0.839283 0.311349 0.130150 0.016119
1 0.935105 0.311349 0.014706 0.011364
3 0.304984 0.330665 0.485551 0.015355
0 0.660983 0.330665 0.217181 0.015352
0 0.839283 0.330665 0.130150 0.015352
1 0.935105 0.330664 0.014706 0.011364
1 0.327206 0.208152 0.014706 0.011364
1 0.382351 0.208152 0.014706 0.011364
1 0.160719 0.424813 0.014706 0.011364
1 0.348219 0.408525 0.014706 0.011364
1 0.348217 0.426081 0.014706 0.011364
2 0.429098 0.406836 0.014706 0.011364
2 0.657051 0.407472 0.014706 0.011364
2 0.429095 0.425433 0.014706 0.011364
2 0.657041 0.426069 0.014706 0.011364
2 0.070564 0.741817 0.014706 0.011364
2 0.135724 0.741817 0.014706 0.011364
0 0.205542 0.530797 0.293928 0.018653
0 0.452180 0.530708 0.181386 0.018832
3 0.593105 0.532587 0.080882 0.022232
3 0.861288 0.530655 0.217324 0.018937
0 0.690734 0.531191 0.107841 0.017866
0 0.513643 0.458345 0.910129 0.018653
0 0.569405 0.605737 0.279412 0.018653
0 0.840850 0.605647 0.242310 0.018832
1 0.320170 0.607279 0.014706 0.011364
0 0.205542 0.654652 0.293928 0.017880
0 0.452180 0.654176 0.181386 0.018832
3 0.593105 0.656056 0.080882 0.022232
3 0.861494 0.654176 0.216910 0.018832
0 0.690734 0.654659 0.107841 0.017866
0 0.146814 0.704070 0.176471 0.022323
0 0.278769 0.704115 0.062093 0.022232
1 0.327525 0.692376 0.014706 0.011364
1 0.443654 0.677336 0.014706 0.011364
0 0.761209 0.704070 0.417480 0.022323
1 0.878993 0.677340 0.014706 0.011364
3 0.305305 0.810154 0.485551 0.016121
0 0.661303 0.810154 0.217181 0.016119
0 0.839603 0.810154 0.130150 0.016119
1 0.935425 0.810154 0.014706 0.011364
3 0.305305 0.829470 0.485551 0.015355
0 0.661303 0.829470 0.217181 0.015352
0 0.839603 0.829470 0.130150 0.015352
1 0.935425 0.829470 0.014706 0.011364
1 0.327525 0.706957 0.014706 0.011364
1 0.382672 0.706957 0.014706 0.011364
0 0.101515 0.421867 0.086206 0.022327
0 0.259092 0.421867 0.088041 0.022327
0 0.876805 0.949969 0.188747 0.017261