0 0.773221 0.664488 0.070261 0.014520
0 0.852470 0.664488 0.070261 0.014520
0 0.930901 0.664488 0.070261 0.014520
0 0.772647 0.684774 0.070261 0.014520
0 0.851895 0.684774 0.070261 0.014520
0 0.930327 0.684774 0.070261 0.014520
0 0.772360 0.705754 0.070261 0.014520
0 0.851608 0.704807 0.070261 0.014520
0 0.930039 0.704807 0.070261 0.014520
1 0.038419 0.743259 0.015809 0.012342
1 0.038297 0.756708 0.015809 0.012973
0 0.836251 0.753744 0.157680 0.013258
0 0.834861 0.819327 0.155127 0.013585
0 0.486520 0.945077 0.112745 0.013258