0 0.280883 0.111616 0.437992 0.015720
0 0.627124 0.112626 0.198778 0.015720
0 0.849018 0.111616 0.198778 0.015720
1 0.510783 0.143434 0.016116 0.013083
1 0.736274 0.143687 0.016116 0.013083
1 0.049021 0.173990 0.016116 0.013083
1 0.246079 0.174242 0.016116 0.013083
0 0.633333 0.171465 0.198778 0.015720
1 0.050001 0.219445 0.016116 0.013083
1 0.245099 0.219445 0.016116 0.013083
0 0.628105 0.217931 0.190935 0.015720
0 0.796078 0.218183 0.090933 0.015720
0 0.907515 0.217929 0.090935 0.015720
1 0.428432 0.250000 0.016116 0.013083
1 0.527450 0.249748 0.016116 0.013083
1 0.599672 0.249748 0.016116 0.013083
1 0.795097 0.249495 0.016116 0.013083
1 0.755065 0.294571 0.036704 0.013083
1 0.817646 0.294445 0.036704 0.013083
1 0.903921 0.294445 0.036704 0.013083
1 0.755065 0.310229 0.036704 0.013083
1 0.816176 0.310606 0.036706 0.013083
1 0.903595 0.310606 0.036706 0.013083
1 0.754902 0.325758 0.036706 0.013083
1 0.815359 0.325758 0.036706 0.013083
1 0.903595 0.325758 0.036706 0.013083
1 0.754902 0.340909 0.036706 0.013083
1 0.815359 0.340909 0.036706 0.013083
1 0.903595 0.340909 0.036706 0.013083
1 0.754902 0.356692 0.036706 0.013083
1 0.815359 0.356692 0.036706 0.013083
1 0.904412 0.356692 0.036706 0.013083
1 0.754902 0.371212 0.036706 0.013083
1 0.815359 0.371212 0.036706 0.013083
1 0.904412 0.371212 0.036706 0.013083
1 0.754902 0.386364 0.036706 0.013083
1 0.815359 0.385732 0.036706 0.013083
1 0.904412 0.386364 0.036706 0.013083
1 0.755719 0.401515 0.036706 0.013083
1 0.815359 0.401515 0.036706 0.013083
1 0.903595 0.401515 0.036706 0.013083
1 0.755719 0.416667 0.036706 0.013083
1 0.815359 0.416667 0.036706 0.013083
1 0.903595 0.416667 0.036706 0.013083
1 0.755719 0.431818 0.036706 0.013083
1 0.815359 0.431818 0.036706 0.013083
1 0.903595 0.431818 0.036706 0.013083
1 0.754902 0.447601 0.036706 0.013083
1 0.815359 0.447601 0.036706 0.013083
1 0.904412 0.446970 0.036706 0.013083
1 0.754902 0.462121 0.036706 0.013083
1 0.815359 0.462121 0.036706 0.013083
1 0.903595 0.462121 0.036706 0.013083
1 0.754902 0.477273 0.036706 0.013083
1 0.814542 0.477273 0.036706 0.013083
1 0.903595 0.477273 0.036706 0.013083
0 0.432600 0.490690 0.580885 0.017994
1 0.754902 0.492424 0.036706 0.013083
1 0.815359 0.492424 0.036706 0.013083
1 0.903595 0.492424 0.036706 0.013083
1 0.049020 0.575758 0.017096 0.013083
1 0.048653 0.613163 0.015871 0.012136
0 0.281904 0.683018 0.439708 0.052841
0 0.744076 0.669192 0.437257 0.055114
0 0.288399 0.841162 0.425247 0.018750
0 0.289216 0.883333 0.430149 0.018750
0 0.195099 0.928030 0.231129 0.018750
0 0.425163 0.928282 0.146817 0.018750
0 0.743872 0.776894 0.433580 0.067992
0 0.745097 0.884091 0.434070 0.084659
1 0.511764 0.931817 0.015871 0.012136
5 0.416667 0.967178 0.085786 0.037879
5 0.520424 0.967018 0.085786 0.037879
5 0.620914 0.966860 0.085786 0.037879