2 0.714783 0.114472 0.014706 0.011364
2 0.777908 0.114472 0.014706 0.011364
0 0.210053 0.293205 0.301672 0.033596
0 0.668386 0.201575 0.600292 0.022232
0 0.518976 0.292941 0.301472 0.034122
0 0.824023 0.300222 0.294317 0.019560
0 0.199123 0.248127 0.279412 0.018653
0 0.436771 0.248037 0.181176 0.018832
3 0.575412 0.249917 0.074343 0.022232
3 0.853333 0.248037 0.232029 0.018832
0 0.676617 0.248520 0.107842 0.017866
1 0.312683 0.201842 0.014706 0.011364
0 0.210252 0.446612 0.301672 0.033596
0 0.666319 0.354981 0.604827 0.022232
0 0.519176 0.446349 0.301472 0.034122
0 0.824023 0.453630 0.294317 0.019561
0 0.199123 0.401535 0.279412 0.018653
0 0.436771 0.401445 0.181176 0.018832
3 0.575412 0.403325 0.074343 0.022232
3 0.853333 0.401445 0.232029 0.018832
0 0.676617 0.401928 0.107842 0.017866
1 0.312881 0.355250 0.014706 0.011364
0 0.158782 0.354934 0.198730 0.022327
0 0.158782 0.201527 0.198730 0.022327
0 0.876805 0.949979 0.188747 0.017261