0 0.407407 0.337196 0.274618 0.018832
3 0.589053 0.339076 0.070538 0.022232
3 0.805743 0.337196 0.330884 0.018832
0 0.743860 0.290842 0.207109 0.018744
0 0.187176 0.290842 0.288606 0.018744
3 0.913792 0.292631 0.114789 0.022323
0 0.485280 0.290842 0.280639 0.018744
3 0.234049 0.246274 0.382353 0.022232
3 0.209234 0.388321 0.332724 0.022232
3 0.560941 0.388321 0.335294 0.022232
1 0.216443 0.339778 0.014706 0.011364
1 0.054518 0.157537 0.014706 0.011364
1 0.224454 0.157537 0.014706 0.011364
1 0.224454 0.175421 0.014706 0.011364
1 0.224454 0.139652 0.014706 0.011364
1 0.054518 0.175421 0.014706 0.011364
1 0.054518 0.139652 0.014706 0.011364
1 0.054518 0.193309 0.014706 0.011364
1 0.224454 0.193309 0.014706 0.011364
1 0.505500 0.140912 0.014706 0.011364
1 0.505500 0.157537 0.014706 0.011364
1 0.505500 0.175421 0.014706 0.011364
1 0.505500 0.193309 0.014706 0.011364
1 0.675435 0.157537 0.014706 0.011364
1 0.675435 0.140912 0.014706 0.011364
1 0.675435 0.175421 0.014706 0.011364
1 0.675435 0.193309 0.014706 0.011364
0 0.120632 0.339516 0.155224 0.022327
2 0.126873 0.511087 0.014706 0.011364
2 0.069364 0.511087 0.014706 0.011364
1 0.849859 0.532794 0.014706 0.011364
3 0.912770 0.473553 0.112747 0.022412
0 0.743654 0.472246 0.209152 0.017866
0 0.195450 0.471853 0.276142 0.018653
0 0.480991 0.471763 0.272060 0.018832
1 0.387038 0.440961 0.014706 0.011364
1 0.527289 0.440961 0.014706 0.011364
0 0.763328 0.571785 0.202618 0.018653
0 0.524012 0.571785 0.261436 0.018653
0 0.231195 0.571794 0.299426 0.018635
3 0.921716 0.573485 0.098114 0.022412
1 0.327397 0.610429 0.014706 0.011364
1 0.511219 0.610429 0.014706 0.011364
1 0.511221 0.594953 0.014706 0.011364
2 0.093467 0.607905 0.014706 0.011364
2 0.149809 0.607905 0.014706 0.011364
0 0.763328 0.642805 0.202618 0.018653
0 0.524012 0.642805 0.261436 0.018653
0 0.231195 0.643189 0.299426 0.017884
3 0.921716 0.644505 0.098114 0.022412
1 0.327397 0.681450 0.014706 0.011364
1 0.511219 0.681450 0.014706 0.011364
1 0.511221 0.665974 0.014706 0.011364
2 0.093467 0.678926 0.014706 0.011364
2 0.149809 0.678926 0.014706 0.011364
0 0.763328 0.713829 0.202618 0.018653
0 0.524012 0.713829 0.261436 0.018653
0 0.231195 0.714033 0.299426 0.018244
3 0.921716 0.715529 0.098114 0.022412
1 0.327397 0.752472 0.014706 0.011364
1 0.511219 0.752472 0.014706 0.011364
1 0.511221 0.736996 0.014706 0.011364
2 0.093467 0.749950 0.014706 0.011364
2 0.149809 0.749950 0.014706 0.011364
0 0.763328 0.784849 0.202618 0.018653
0 0.524012 0.784849 0.261436 0.018653
0 0.231195 0.785054 0.299426 0.018244
3 0.921716 0.786549 0.098114 0.022412
1 0.327397 0.823492 0.014706 0.011364
1 0.511221 0.808016 0.014706 0.011364
1 0.511219 0.823492 0.014706 0.011364
2 0.093467 0.820970 0.014706 0.011364
2 0.149809 0.820970 0.014706 0.011364
0 0.790631 0.605876 0.361111 0.018653
0 0.790631 0.676710 0.361111 0.018653
0 0.790631 0.747734 0.361111 0.018653
0 0.790631 0.820206 0.361111 0.018653
0 0.441469 0.608234 0.095582 0.022327
0 0.254663 0.678778 0.110296 0.022327
0 0.441469 0.749323 0.095582 0.022327
0 0.254663 0.822121 0.110296 0.022327
0 0.441469 0.822121 0.095582 0.022327
0 0.254663 0.749323 0.110296 0.022327
0 0.441469 0.678778 0.095582 0.022327
0 0.254663 0.608234 0.110296 0.022327
0 0.876805 0.949979 0.188747 0.017261