0 0.619485 0.054546 0.258824 0.022727
0 0.281036 0.088636 0.186213 0.018182
0 0.241176 0.292614 0.352941 0.018182
0 0.569118 0.292614 0.273529 0.018182
0 0.825117 0.292614 0.194118 0.018182
0 0.305882 0.353977 0.482353 0.063636
0 0.747059 0.333523 0.364706 0.018182
0 0.747059 0.374432 0.364706 0.018182
0 0.305882 0.436364 0.482353 0.063636
0 0.747059 0.415341 0.364706 0.018182
0 0.747059 0.456250 0.364706 0.018182
1 0.097499 0.516249 0.018527 0.014316
1 0.097499 0.538976 0.018527 0.014316
1 0.232793 0.516249 0.018527 0.014316
1 0.232793 0.538976 0.018527 0.014316
0 0.645063 0.497159 0.572479 0.018182
0 0.535294 0.538068 0.352941 0.018182
0 0.825117 0.538068 0.194118 0.018182
0 0.241176 0.578977 0.352941 0.018182
0 0.241176 0.674432 0.352941 0.018182
0 0.550000 0.674432 0.235294 0.018182
0 0.808824 0.673864 0.235294 0.018182
0 0.241176 0.715341 0.352941 0.018182
0 0.550000 0.715341 0.235294 0.018182
0 0.805882 0.715341 0.235294 0.018182
1 0.097499 0.754431 0.018527 0.014316
1 0.097499 0.777045 0.018527 0.014316
1 0.291616 0.754431 0.018527 0.014316
1 0.291616 0.777045 0.018527 0.014316
1 0.588675 0.754431 0.018527 0.014316
1 0.097499 0.836704 0.018527 0.014316
1 0.097499 0.859431 0.018527 0.014316
0 0.658823 0.817614 0.541176 0.018182
0 0.658823 0.858523 0.541176 0.018182
0 0.305882 0.919886 0.482353 0.063636
0 0.747059 0.899432 0.364706 0.018182
1 0.715146 0.922917 0.018527 0.014316
1 0.715146 0.942992 0.018527 0.014316