0 0.262544 0.168136 0.463458 0.021853
0 0.735288 0.169231 0.463458 0.021853
0 0.341389 0.206077 0.624303 0.023003
0 0.340892 0.247559 0.623559 0.021854
0 0.817904 0.208028 0.297029 0.021854
0 0.817588 0.247327 0.298307 0.021854
0 0.191874 0.284101 0.267291 0.021854
0 0.510571 0.284101 0.283087 0.021854
0 0.827373 0.285954 0.280716 0.025875
0 0.264700 0.334681 0.463457 0.021854
0 0.738556 0.334681 0.463458 0.021854
0 0.192144 0.368772 0.267290 0.021854
0 0.509798 0.368772 0.283087 0.021854
0 0.343131 0.406650 0.624303 0.023002
0 0.341497 0.445792 0.624303 0.023002
0 0.820256 0.407309 0.297031 0.021854
0 0.820296 0.446838 0.293493 0.021279
0 0.355014 0.483246 0.588266 0.021178
2 0.069602 0.519938 0.026560 0.016830
2 0.187631 0.520312 0.024631 0.017270
0 0.818109 0.512225 0.304351 0.035067
0 0.697946 0.569395 0.165337 0.015596
0 0.886574 0.569461 0.164979 0.017321
2 0.069590 0.610910 0.023957 0.018513
2 0.187849 0.610534 0.023708 0.018760
0 0.698253 0.625496 0.165337 0.015596
0 0.886882 0.625562 0.164979 0.017321
2 0.069020 0.661295 0.022817 0.017021
2 0.185963 0.661419 0.022132 0.017605
0 0.793391 0.657522 0.353440 0.019617
0 0.147599 0.730174 0.165337 0.015596
0 0.336228 0.730240 0.164979 0.017321
0 0.145965 0.765528 0.165337 0.015596
0 0.334594 0.765593 0.164979 0.017321
0 0.145965 0.799619 0.165337 0.015596
0 0.334594 0.799684 0.164979 0.017321
0 0.145965 0.832044 0.165337 0.015596
0 0.334594 0.832110 0.164979 0.017321
0 0.588776 0.732297 0.165337 0.015596
0 0.777404 0.732362 0.164979 0.017321
0 0.590410 0.766388 0.165337 0.015596
0 0.779038 0.766453 0.164979 0.017321
0 0.592044 0.801741 0.165337 0.015596
0 0.780672 0.801807 0.164979 0.017321
0 0.592044 0.834569 0.165337 0.015596
0 0.780672 0.834635 0.164979 0.017321