1 0.158954 0.169649 0.014706 0.011364
1 0.346454 0.153360 0.014706 0.011364
1 0.346453 0.170915 0.014706 0.011364
2 0.427333 0.151671 0.014706 0.011364
2 0.655286 0.152307 0.014706 0.011364
2 0.427330 0.170268 0.014706 0.011364
2 0.655276 0.170904 0.014706 0.011364
2 0.068799 0.486653 0.014706 0.011364
2 0.133959 0.486653 0.014706 0.011364
0 0.203778 0.275633 0.293928 0.018653
0 0.450415 0.275544 0.181386 0.018832
3 0.591340 0.277423 0.080882 0.022232
3 0.859523 0.275491 0.217323 0.018937
0 0.688970 0.276027 0.107842 0.017866
0 0.511878 0.203181 0.910129 0.018653
0 0.567641 0.350571 0.279412 0.018653
0 0.839085 0.350482 0.242310 0.018832
1 0.318405 0.352114 0.014706 0.011364
0 0.203778 0.399487 0.293928 0.017880
0 0.450415 0.399011 0.181386 0.018832
3 0.591340 0.400890 0.080882 0.022232
3 0.859730 0.399011 0.216910 0.018832
0 0.688970 0.399494 0.107842 0.017866
0 0.145049 0.448905 0.176471 0.022323
0 0.277004 0.448951 0.062093 0.022232
1 0.325760 0.437212 0.014706 0.011364
1 0.441889 0.422172 0.014706 0.011364
0 0.759444 0.448905 0.417480 0.022323
1 0.877229 0.422176 0.014706 0.011364
3 0.303540 0.554989 0.485551 0.016121
0 0.659538 0.554989 0.217181 0.016119
0 0.837838 0.554989 0.130150 0.016119
1 0.933660 0.554989 0.014706 0.011364
3 0.303540 0.574305 0.485551 0.015355
0 0.659538 0.574305 0.217181 0.015352
0 0.837838 0.574305 0.130150 0.015352
1 0.933660 0.574304 0.014706 0.011364
1 0.325760 0.451792 0.014706 0.011364
1 0.380907 0.451792 0.014706 0.011364
0 0.099750 0.166703 0.086206 0.022327
0 0.257328 0.166703 0.088041 0.022327
0 0.876805 0.939099 0.188747 0.017261