0 0.873341 0.941713 0.188747 0.017261
2 0.625954 0.422716 0.014706 0.011364
2 0.815021 0.422716 0.014706 0.011364
0 0.514606 0.458034 0.911565 0.017667
2 0.625954 0.757946 0.014706 0.011364
2 0.815021 0.757946 0.014706 0.011364
0 0.514606 0.793264 0.911565 0.017667
0 0.187400 0.573257 0.257552 0.018653
0 0.430148 0.573570 0.198528 0.018026
3 0.578235 0.575047 0.078824 0.022232
3 0.852740 0.573167 0.232029 0.018832
0 0.676024 0.573650 0.107842 0.017866
0 0.512867 0.523371 0.908087 0.017566
0 0.187600 0.684695 0.257552 0.018653
0 0.430347 0.684605 0.198528 0.018832
3 0.578435 0.686485 0.078824 0.022232
3 0.852940 0.684605 0.232029 0.018832
0 0.676223 0.685088 0.107842 0.017866
1 0.861248 0.647120 0.014706 0.011364
1 0.411964 0.721700 0.014706 0.011364
0 0.131271 0.735480 0.144895 0.022388
1 0.214338 0.736543 0.014706 0.011364
0 0.333358 0.735480 0.137268 0.022388
1 0.411962 0.737813 0.014706 0.011364
0 0.512967 0.622802 0.907887 0.017566
2 0.717868 0.102025 0.014706 0.011364
2 0.777980 0.102025 0.014706 0.011364
0 0.187400 0.240869 0.257552 0.018653
0 0.430148 0.240780 0.198528 0.018832
3 0.578235 0.242659 0.078824 0.022232
3 0.852740 0.240780 0.232029 0.018832
0 0.676024 0.241263 0.107842 0.017866
0 0.512867 0.190984 0.908087 0.017566
0 0.187600 0.349467 0.257552 0.018653
0 0.430347 0.349377 0.198528 0.018832
3 0.578435 0.351256 0.078824 0.022232
3 0.852940 0.349377 0.232029 0.018832
0 0.676223 0.349860 0.107842 0.017866
1 0.857575 0.317575 0.014706 0.011364
1 0.411964 0.386471 0.014706 0.011364
0 0.131271 0.400252 0.144895 0.022388
1 0.214338 0.401313 0.014706 0.011364
0 0.333358 0.400252 0.137268 0.022388
1 0.411962 0.402585 0.014706 0.011364
0 0.512967 0.290414 0.907887 0.017566