0 0.873341 0.941713 0.188747 0.017261
0 0.837618 0.284093 0.251637 0.017047
0 0.819756 0.333017 0.301274 0.020638
0 0.172795 0.334861 0.227943 0.024102
1 0.297387 0.335566 0.014706 0.011364
0 0.474266 0.335318 0.257351 0.023187
1 0.613562 0.335566 0.014706 0.011364
0 0.584464 0.477368 0.771866 0.018771
0 0.834139 0.622164 0.251637 0.017047
0 0.580987 0.815439 0.771866 0.018771
2 0.827131 0.732708 0.014706 0.011364
2 0.888892 0.732708 0.014706 0.011364
2 0.888894 0.761116 0.014706 0.011364
2 0.827150 0.761116 0.014706 0.011364
2 0.065966 0.817937 0.014706 0.011364
2 0.065969 0.800890 0.014706 0.011364
0 0.511127 0.707482 0.911565 0.018772
2 0.747279 0.102025 0.014706 0.011364
2 0.804743 0.102025 0.014706 0.011364
2 0.830609 0.394638 0.014706 0.011364
2 0.892371 0.394638 0.014706 0.011364
2 0.830627 0.423046 0.014706 0.011364
2 0.892371 0.423046 0.014706 0.011364
2 0.069448 0.462820 0.014706 0.011364
2 0.069444 0.479866 0.014706 0.011364
0 0.514606 0.369411 0.911565 0.018771
0 0.819756 0.671410 0.301274 0.020638
0 0.169316 0.673253 0.227943 0.024102
1 0.297387 0.673958 0.014706 0.011364
0 0.474266 0.673711 0.257351 0.023187
1 0.613562 0.673958 0.014706 0.011364
2 0.071008 0.196966 0.014706 0.011364
2 0.071008 0.218749 0.014706 0.011364
2 0.071008 0.240530 0.014706 0.011364
2 0.519739 0.240530 0.014706 0.011364
2 0.519739 0.196966 0.014706 0.011364
2 0.519739 0.218749 0.014706 0.011364
2 0.071008 0.262309 0.014706 0.011364
2 0.519739 0.262309 0.014706 0.011364
2 0.071008 0.284092 0.014706 0.011364
2 0.519739 0.284092 0.014706 0.011364
2 0.067529 0.535037 0.014706 0.011364
2 0.067529 0.556820 0.014706 0.011364
2 0.067529 0.578601 0.014706 0.011364
2 0.516260 0.578601 0.014706 0.011364
2 0.516260 0.535037 0.014706 0.011364
2 0.516260 0.556820 0.014706 0.011364
2 0.067529 0.600380 0.014706 0.011364
2 0.516260 0.600380 0.014706 0.011364
2 0.067529 0.622163 0.014706 0.011364
2 0.516260 0.622163 0.014706 0.011364