0 0.873341 0.941713 0.188747 0.017261
2 0.739928 0.102025 0.014706 0.011364
2 0.806103 0.102025 0.014706 0.011364
0 0.514706 0.329578 0.911765 0.018653
3 0.212010 0.778676 0.267160 0.022232
3 0.498569 0.778676 0.257351 0.022232
3 0.212010 0.625755 0.267160 0.022232
3 0.498569 0.625755 0.257351 0.022232
0 0.204657 0.574111 0.252454 0.018303
0 0.441178 0.573847 0.191176 0.018832
3 0.583721 0.575726 0.079206 0.022232
3 0.851309 0.573847 0.232029 0.018832
0 0.679981 0.574330 0.095257 0.017866
3 0.930146 0.524504 0.080884 0.022323
0 0.764507 0.522714 0.240194 0.018744
0 0.212009 0.522714 0.267158 0.018744
0 0.497851 0.522714 0.255915 0.018744
0 0.801471 0.625755 0.338235 0.022232
1 0.829863 0.258828 0.014706 0.011364
1 0.722016 0.258828 0.014706 0.011364
1 0.349469 0.258828 0.014706 0.011364
1 0.261234 0.258828 0.014706 0.011364
0 0.229577 0.294152 0.338235 0.018653
0 0.200165 0.380341 0.279412 0.019275
1 0.366626 0.382950 0.014706 0.011364
0 0.667690 0.379704 0.492649 0.019532
1 0.929085 0.382950 0.014706 0.011364
1 0.408297 0.417799 0.014706 0.011364
0 0.133989 0.432395 0.147059 0.022323
1 0.408297 0.435981 0.014706 0.011364
0 0.746323 0.431351 0.448531 0.024414
2 0.072444 0.472283 0.014706 0.011364
2 0.146590 0.472283 0.014706 0.011364
0 0.204657 0.726857 0.252454 0.018653
0 0.441178 0.726767 0.191176 0.018832
3 0.583721 0.728646 0.079206 0.022232
3 0.851309 0.726767 0.232029 0.018832
0 0.679981 0.727250 0.095257 0.017866
3 0.930150 0.676515 0.080876 0.022323
0 0.763279 0.674725 0.242649 0.018744
0 0.212009 0.674725 0.267158 0.018744
0 0.497851 0.674725 0.255915 0.018744
0 0.801471 0.778676 0.338235 0.022232
0 0.503475 0.295852 0.164219 0.022412
1 0.623980 0.297144 0.014706 0.011364