2 0.747873 0.114899 0.014706 0.011364
2 0.810998 0.114899 0.014706 0.011364
0 0.717506 0.325001 0.507351 0.029788
0 0.514944 0.233253 0.911676 0.022232
0 0.254270 0.381325 0.389708 0.020465
0 0.717502 0.382083 0.507359 0.018948
1 0.805333 0.301385 0.014706 0.011364
1 0.305335 0.353943 0.014706 0.011364
0 0.199123 0.278542 0.279412 0.018653
0 0.436771 0.278453 0.181176 0.018832
3 0.575412 0.280332 0.074343 0.022232
3 0.853333 0.278453 0.232029 0.018832
0 0.676617 0.278936 0.107842 0.017866
1 0.389892 0.317189 0.014706 0.011364
1 0.206067 0.332033 0.014706 0.011364
1 0.389966 0.333303 0.014706 0.011364
0 0.717506 0.526705 0.507351 0.029788
0 0.515255 0.434957 0.911677 0.022232
0 0.254581 0.583028 0.389707 0.020465
0 0.717502 0.583786 0.507359 0.018948
1 0.805644 0.503088 0.014706 0.011364
1 0.305645 0.555648 0.014706 0.011364
0 0.199123 0.480247 0.279412 0.018653
0 0.436771 0.480157 0.181176 0.018832
3 0.575412 0.482037 0.074343 0.022232
3 0.853333 0.480157 0.232029 0.018832
0 0.676617 0.480640 0.107842 0.017866
1 0.390286 0.518894 0.014706 0.011364
1 0.206377 0.533736 0.014706 0.011364
1 0.390276 0.535006 0.014706 0.011364
0 0.317803 0.333710 0.122913 0.021899
0 0.128467 0.333217 0.131542 0.022327
0 0.317798 0.533677 0.122913 0.021899
0 0.128462 0.533184 0.131542 0.022327
0 0.876805 0.949979 0.188747 0.017261