0 0.278907 0.256881 0.433855 0.067486
0 0.278203 0.360287 0.435264 0.028300
0 0.583873 0.359198 0.136636 0.023946
0 0.829732 0.360683 0.295998 0.021734
0 0.281724 0.428317 0.428221 0.051159
0 0.756067 0.427955 0.443327 0.052783
0 0.284541 0.542607 0.425403 0.027212
0 0.593029 0.542607 0.118324 0.025035
0 0.824043 0.538797 0.290176 0.028300
2 0.909265 0.581792 0.012678 0.009796
2 0.066909 0.595398 0.015495 0.010885
0 0.695154 0.597031 0.345112 0.016327
2 0.067638 0.661338 0.017412 0.014489
2 0.127909 0.661856 0.017412 0.013454
2 0.519001 0.661338 0.017412 0.014489
2 0.589317 0.660821 0.018751 0.013454
0 0.288767 0.728193 0.416952 0.023947
0 0.755021 0.714587 0.450759 0.048982
0 0.288063 0.772821 0.415543 0.023947
0 0.755725 0.829966 0.454984 0.048982
0 0.285246 0.887111 0.426812 0.023947
1 0.184529 0.905615 0.016903 0.010885
1 0.283133 0.905071 0.014086 0.009796
0 0.759246 0.901805 0.447941 0.025035
0 0.287359 0.945889 0.425403 0.028300
5 0.369763 0.982353 0.139453 0.025035
5 0.523303 0.982353 0.139453 0.025035
5 0.671208 0.982353 0.139453 0.025035