0 0.188193 0.428903 0.257552 0.018653
0 0.430940 0.428814 0.198528 0.018832
3 0.579028 0.430693 0.078824 0.022232
3 0.853533 0.428814 0.232029 0.018832
0 0.676816 0.429297 0.107842 0.017866
0 0.219139 0.467768 0.319046 0.022323
0 0.416239 0.468672 0.062093 0.020515
1 0.468729 0.454471 0.014706 0.011364
1 0.468660 0.471179 0.014706 0.011364
1 0.527386 0.471179 0.014706 0.011364
0 0.721184 0.378357 0.499505 0.018880
1 0.400922 0.367119 0.014706 0.011364
1 0.215145 0.381961 0.014706 0.011364
1 0.400920 0.383231 0.014706 0.011364
2 0.422766 0.491563 0.014706 0.011364
2 0.485464 0.491563 0.014706 0.011364
0 0.833103 0.491934 0.276157 0.022975
2 0.767466 0.114111 0.014706 0.011364
2 0.820724 0.114111 0.014706 0.011364
0 0.187993 0.251441 0.257552 0.018653
0 0.430741 0.251352 0.198528 0.018832
3 0.578828 0.253231 0.078824 0.022232
3 0.853333 0.251352 0.232029 0.018832
0 0.676617 0.251835 0.107842 0.017866
0 0.218940 0.290304 0.319046 0.022323
0 0.416040 0.291208 0.062093 0.020515
1 0.468466 0.277009 0.014706 0.011364
1 0.468461 0.293721 0.014706 0.011364
1 0.527186 0.293721 0.014706 0.011364
0 0.720984 0.201409 0.499505 0.017860
1 0.400922 0.189655 0.014706 0.011364
1 0.214946 0.204499 0.014706 0.011364
1 0.400920 0.205769 0.014706 0.011364
2 0.422766 0.314101 0.014706 0.011364
2 0.485464 0.314101 0.014706 0.011364
0 0.831063 0.314472 0.280237 0.022975
0 0.327158 0.202722 0.132353 0.022391
0 0.129270 0.380181 0.139708 0.022391
0 0.327158 0.380181 0.132353 0.022391
0 0.129270 0.202722 0.139708 0.022391
0 0.876805 0.949979 0.188747 0.017261