2 0.903505 0.104943 0.029412 0.022727
0 0.507405 0.356702 0.926758 0.164273
4 0.385686 0.706894 0.363529 0.016515
0 0.868011 0.850652 0.198464 0.027503
2 0.674957 0.880550 0.029412 0.022728
2 0.756402 0.880550 0.029412 0.022728
2 0.834961 0.880505 0.029412 0.022727
2 0.836531 0.914574 0.029412 0.022727
2 0.822060 0.104943 0.029412 0.022727
2 0.818748 0.186748 0.029412 0.022727
2 0.900193 0.186748 0.029412 0.022727
0 0.678235 0.706894 0.131373 0.016515
4 0.388431 0.743258 0.358039 0.016515
0 0.678235 0.743258 0.131373 0.016515
2 0.676528 0.914618 0.029412 0.022727
2 0.757972 0.914618 0.029412 0.022727
0 0.864706 0.740152 0.208235 0.026364