0 0.873341 0.941713 0.188747 0.017261
3 0.928918 0.371118 0.083330 0.022323
0 0.762753 0.369328 0.231389 0.018744
0 0.208333 0.369328 0.259806 0.018744
0 0.487746 0.369328 0.284312 0.018744
0 0.208323 0.420550 0.259806 0.018653
0 0.437492 0.420460 0.183824 0.018832
3 0.574328 0.422340 0.071917 0.022232
3 0.849261 0.420460 0.232029 0.018832
0 0.671109 0.420943 0.107841 0.017866
2 0.580123 0.319352 0.014706 0.011364
2 0.651693 0.319352 0.014706 0.011364
2 0.732573 0.104867 0.014706 0.011364
2 0.801907 0.104867 0.014706 0.011364
1 0.266338 0.281843 0.014706 0.011364
0 0.156862 0.277402 0.196077 0.018582
3 0.928719 0.523766 0.083330 0.022323
0 0.762554 0.521977 0.231389 0.018744
0 0.208133 0.521977 0.259806 0.018744
0 0.487548 0.521977 0.284312 0.018744
0 0.208115 0.573374 0.259806 0.018303
0 0.437284 0.573109 0.183824 0.018832
3 0.574120 0.574989 0.071917 0.022232
3 0.849054 0.573109 0.232029 0.018832
0 0.670901 0.573592 0.107842 0.017866
0 0.801376 0.628439 0.338046 0.022232
3 0.211792 0.628439 0.267160 0.022232
3 0.488971 0.630469 0.257351 0.022232
0 0.801565 0.475029 0.338046 0.022232
3 0.211810 0.475029 0.267160 0.022232
3 0.488971 0.475029 0.257351 0.022232
1 0.256533 0.179290 0.014706 0.011364
0 0.181373 0.227890 0.245100 0.017734
0 0.523726 0.276976 0.429806 0.017730
0 0.284312 0.316946 0.450977 0.018747
1 0.521237 0.319352 0.014706 0.011364
3 0.863069 0.227970 0.215039 0.018832
0 0.658725 0.227970 0.181176 0.018832
0 0.434583 0.228060 0.251520 0.018653
1 0.825162 0.179290 0.014706 0.011364
1 0.717315 0.179290 0.014706 0.011364
1 0.344768 0.179290 0.014706 0.011364
1 0.928913 0.284460 0.014706 0.011364
0 0.836890 0.279962 0.162681 0.018582