0 0.739118 0.145958 0.384902 0.066212
0 0.212745 0.338712 0.187059 0.025606
0 0.378333 0.338712 0.138235 0.025606
0 0.496765 0.338712 0.092745 0.025606
0 0.797079 0.335846 0.148887 0.025606
0 0.525784 0.375152 0.815098 0.023636
0 0.604373 0.403118 0.655333 0.027778
0 0.330294 0.439773 0.422157 0.025606
0 0.657745 0.439773 0.226863 0.025606
0 0.853235 0.439773 0.158235 0.025606
0 0.330294 0.475303 0.422157 0.025455
0 0.738333 0.475303 0.388039 0.025455
0 0.331176 0.512803 0.423529 0.029242
0 0.739216 0.518333 0.387059 0.018182
0 0.331176 0.549503 0.423922 0.025606
0 0.739216 0.555758 0.387059 0.014242
0 0.213333 0.621061 0.187059 0.025455
0 0.378922 0.621061 0.138235 0.025455
0 0.497353 0.621061 0.092745 0.025455
0 0.794777 0.619341 0.143106 0.025455
0 0.526078 0.657424 0.814510 0.023636
0 0.603856 0.688458 0.655333 0.027778
0 0.330980 0.728939 0.422353 0.025455
0 0.658529 0.728939 0.226863 0.025455
0 0.853627 0.728939 0.157451 0.025455
0 0.330980 0.764394 0.422353 0.025454
0 0.738725 0.764394 0.387255 0.025454
0 0.330980 0.801894 0.421961 0.029242
0 0.738725 0.807500 0.388039 0.018030
0 0.330686 0.839242 0.422941 0.025455
0 0.738725 0.844849 0.388039 0.014242
4 0.279077 0.876047 0.308896 0.026646
0 0.611049 0.875466 0.314088 0.027777
0 0.851282 0.875250 0.140757 0.021445