0 0.873341 0.941713 0.188747 0.017261
2 0.747279 0.102025 0.014706 0.011364
2 0.804739 0.102025 0.014706 0.011364
0 0.128678 0.222170 0.139699 0.022388
1 0.223858 0.221961 0.014706 0.011364
0 0.299030 0.272922 0.480404 0.051169
0 0.757964 0.272922 0.425239 0.051169
1 0.900922 0.208389 0.014706 0.011364
0 0.615199 0.222170 0.139708 0.022388
1 0.710381 0.223232 0.014706 0.011364
0 0.824760 0.222170 0.132353 0.022388
1 0.900922 0.224503 0.014706 0.011364
0 0.128678 0.356251 0.139699 0.022388
1 0.223858 0.356042 0.014706 0.011364
0 0.299030 0.407003 0.480404 0.051169
0 0.757964 0.407003 0.425239 0.051169
1 0.900922 0.342470 0.014706 0.011364
0 0.615199 0.356251 0.139708 0.022388
1 0.710381 0.357312 0.014706 0.011364
0 0.824760 0.356251 0.132353 0.022388
1 0.900922 0.358582 0.014706 0.011364
0 0.128678 0.490939 0.139699 0.022388
1 0.223858 0.490730 0.014706 0.011364
0 0.299030 0.541691 0.480404 0.051169
0 0.757964 0.541691 0.425239 0.051169
1 0.900922 0.477158 0.014706 0.011364
0 0.615199 0.490939 0.139708 0.022388
1 0.710381 0.492001 0.014706 0.011364
0 0.824760 0.490939 0.132353 0.022388
1 0.900922 0.493272 0.014706 0.011364
0 0.128678 0.625201 0.139699 0.022388
1 0.223858 0.624992 0.014706 0.011364
0 0.299030 0.675953 0.480404 0.051169
0 0.757964 0.675953 0.425239 0.051169
1 0.900922 0.611420 0.014706 0.011364
0 0.615199 0.625201 0.139708 0.022388
1 0.710381 0.626264 0.014706 0.011364
0 0.824760 0.625201 0.132353 0.022388
1 0.900922 0.627534 0.014706 0.011364