0 0.418491 0.055413 0.105041 0.022894
0 0.416373 0.086188 0.105043 0.022894
0 0.416355 0.115006 0.105042 0.022894
0 0.912727 0.055871 0.105043 0.022894
0 0.727557 0.106917 0.479422 0.054112
0 0.191335 0.257337 0.324552 0.033299
0 0.423828 0.258301 0.137363 0.034341
0 0.553932 0.258335 0.105041 0.022893
0 0.682137 0.258405 0.105042 0.022893
0 0.798690 0.258086 0.105042 0.022894
0 0.912063 0.258710 0.115815 0.022894
0 0.190539 0.288590 0.324554 0.033301
0 0.423319 0.289777 0.137363 0.034341
0 0.554770 0.292558 0.105042 0.022894
0 0.681627 0.292405 0.105042 0.022894
0 0.799814 0.293126 0.105043 0.022894
0 0.911841 0.292489 0.115815 0.022894
0 0.190539 0.318039 0.324554 0.033300
0 0.423319 0.320489 0.137363 0.034341
0 0.554770 0.322826 0.105042 0.022894
0 0.681627 0.322895 0.105042 0.022894
0 0.799814 0.322577 0.105043 0.022894
0 0.911841 0.323201 0.115815 0.022894
0 0.191368 0.346907 0.324552 0.033301
0 0.424149 0.349133 0.137363 0.034340
0 0.553965 0.352886 0.105041 0.022894
0 0.682457 0.353400 0.105043 0.022894
0 0.799296 0.352859 0.105043 0.022894
0 0.912096 0.353331 0.115815 0.022894
0 0.190571 0.379422 0.324554 0.033299
0 0.423351 0.381871 0.137363 0.034341
0 0.553743 0.383168 0.105041 0.022894
0 0.681660 0.383016 0.105043 0.022894
0 0.798984 0.383141 0.105043 0.022893
0 0.911873 0.383321 0.115815 0.022894
0 0.190571 0.408873 0.324554 0.033300
0 0.423064 0.411321 0.137363 0.034341
0 0.554802 0.413659 0.105042 0.022894
0 0.681948 0.413729 0.105042 0.022894
0 0.799559 0.413409 0.105043 0.022894
0 0.911873 0.414034 0.115815 0.022894
0 0.190900 0.439612 0.324553 0.033300
0 0.423106 0.442138 0.137363 0.034341
0 0.553690 0.444226 0.105043 0.022894
0 0.681895 0.443255 0.105043 0.022894
0 0.798734 0.443754 0.105042 0.022894
0 0.910761 0.443338 0.115815 0.022894
0 0.554507 0.472316 0.105043 0.022894
0 0.682317 0.472316 0.105042 0.022894
0 0.799640 0.471414 0.105043 0.022894
0 0.445425 0.535794 0.105042 0.022894
0 0.190325 0.593327 0.324553 0.036422
0 0.444635 0.596095 0.105041 0.022894
0 0.189553 0.624622 0.324554 0.036423
0 0.445425 0.627452 0.105042 0.022894
0 0.191573 0.684530 0.324553 0.036422
0 0.445137 0.687712 0.105042 0.022893
0 0.190801 0.715826 0.324552 0.036422
0 0.444653 0.718111 0.105041 0.022894
0 0.190044 0.775554 0.324553 0.036422
0 0.445371 0.779989 0.105042 0.022894
0 0.189006 0.804552 0.324554 0.036422
0 0.445371 0.808271 0.105042 0.022894
0 0.189266 0.866519 0.324553 0.036422
0 0.444922 0.868628 0.105042 0.022895
0 0.189553 0.896739 0.324554 0.036422
0 0.443737 0.899181 0.105042 0.022894
0 0.189553 0.927722 0.324554 0.036422
0 0.443410 0.930241 0.105043 0.022894
0 0.914810 0.535485 0.105043 0.022894
0 0.666404 0.562276 0.335977 0.038027
0 0.916534 0.565875 0.105043 0.022894
0 0.667629 0.626849 0.335327 0.029138
0 0.916462 0.625580 0.105043 0.022894
0 0.544407 0.683563 0.087536 0.021854
0 0.636844 0.683563 0.096962 0.021854
0 0.729272 0.683772 0.087534 0.021854
0 0.804319 0.683563 0.056562 0.021854
0 0.915869 0.684381 0.105042 0.022894
0 0.544658 0.706384 0.087534 0.021853
0 0.637096 0.706384 0.096962 0.021853
0 0.729523 0.706592 0.087536 0.021854
0 0.804569 0.706606 0.056560 0.021854
0 0.915467 0.704899 0.105042 0.022894
0 0.544173 0.729556 0.087536 0.021854
0 0.637652 0.728889 0.096961 0.021854
0 0.729505 0.729097 0.087536 0.021854
0 0.802917 0.728889 0.056560 0.021854
0 0.915151 0.729556 0.105041 0.022894
0 0.669128 0.804088 0.333979 0.036422
0 0.915995 0.808835 0.105043 0.022894
0 0.668975 0.837409 0.333980 0.036422
0 0.916611 0.840090 0.105043 0.022894
0 0.668473 0.864993 0.333979 0.036423
0 0.916938 0.868877 0.105043 0.022895
0 0.916480 0.899015 0.105043 0.022894
0 0.916767 0.929221 0.105041 0.022894