0 0.746109 0.330545 0.058824 0.017985
0 0.746109 0.685091 0.058824 0.017985
1 0.792214 0.829356 0.016340 0.012626
1 0.880449 0.829356 0.016340 0.012626
1 0.792214 0.858516 0.016340 0.012626
0 0.308824 0.846218 0.500000 0.050277
0 0.677422 0.929902 0.107804 0.017985
3 0.850195 0.931217 0.225966 0.022513
3 0.580219 0.931298 0.074343 0.022351
0 0.434030 0.929419 0.205567 0.018951
0 0.190673 0.929508 0.261033 0.018771
0 0.645658 0.862364 0.132353 0.017985
0 0.746109 0.862364 0.058824 0.017985
0 0.645658 0.685091 0.132353 0.017985
0 0.190673 0.752236 0.261033 0.018771
0 0.434030 0.752146 0.205567 0.018951
3 0.580219 0.754025 0.074343 0.022351
3 0.850195 0.753944 0.225966 0.022513
0 0.677422 0.752629 0.107804 0.017985
0 0.308824 0.668945 0.500000 0.050277
1 0.792214 0.681244 0.016340 0.012626
1 0.880449 0.652083 0.016340 0.012626
1 0.792214 0.652083 0.016340 0.012626
1 0.792214 0.474811 0.016340 0.012626
1 0.880449 0.474811 0.016340 0.012626
1 0.792214 0.503971 0.016340 0.012626
0 0.308824 0.491672 0.500000 0.050277
0 0.677422 0.575356 0.107804 0.017985
3 0.850195 0.576672 0.225966 0.022513
3 0.580219 0.576753 0.074343 0.022351
0 0.434030 0.574873 0.205567 0.018951
0 0.190673 0.574963 0.261033 0.018771
0 0.645658 0.507818 0.132353 0.017985
0 0.746109 0.507818 0.058824 0.017985
0 0.645658 0.330545 0.132353 0.017985
0 0.190673 0.397690 0.261033 0.018771
0 0.434030 0.397600 0.205567 0.018951
3 0.580219 0.399480 0.074343 0.022351
3 0.850195 0.399399 0.225966 0.022513
0 0.677422 0.398083 0.107804 0.017985
2 0.675384 0.123104 0.017974 0.013889
2 0.740123 0.122976 0.017974 0.013889
2 0.675384 0.183794 0.017974 0.013889
2 0.740136 0.183798 0.017974 0.013889
0 0.308824 0.314400 0.500000 0.050277
1 0.792214 0.326698 0.016340 0.012626
1 0.880449 0.297538 0.016340 0.012626
1 0.792214 0.297538 0.016340 0.012626