0 0.873341 0.941713 0.188747 0.017261
1 0.091984 0.356360 0.014706 0.011364
1 0.091985 0.385086 0.014706 0.011364
1 0.091984 0.402458 0.014706 0.011364
2 0.732573 0.102025 0.014706 0.011364
2 0.801060 0.102025 0.014706 0.011364
2 0.091505 0.317888 0.014706 0.011364
2 0.157683 0.317888 0.014706 0.011364
3 0.145042 0.571200 0.128583 0.016107
0 0.357413 0.571200 0.286899 0.016107
0 0.653595 0.571200 0.296203 0.016107
0 0.860503 0.571200 0.108353 0.016107
1 0.927616 0.571200 0.014706 0.011364
3 0.145042 0.590886 0.128583 0.016107
0 0.357413 0.590886 0.286899 0.016107
0 0.653595 0.590886 0.296203 0.016107
0 0.860503 0.590886 0.108353 0.016107
1 0.927616 0.590885 0.014706 0.011364
3 0.145042 0.610571 0.128583 0.016107
0 0.357413 0.610571 0.286899 0.016107
0 0.653595 0.610571 0.296203 0.016107
0 0.860503 0.610571 0.108353 0.016107
1 0.927616 0.610571 0.014706 0.011364
3 0.145042 0.630257 0.128583 0.016107
0 0.357413 0.630257 0.286899 0.016107
0 0.653595 0.630257 0.296203 0.016107
0 0.860503 0.630257 0.108353 0.016107
1 0.927616 0.630256 0.014706 0.011364
0 0.184828 0.275800 0.247990 0.022388
1 0.319977 0.273689 0.014706 0.011364
0 0.668573 0.275800 0.602252 0.022388
0 0.524815 0.435641 0.887869 0.018653
2 0.092869 0.669628 0.014706 0.011364
2 0.297387 0.669628 0.014706 0.011364
0 0.523900 0.720922 0.886031 0.018771
2 0.830609 0.743307 0.014706 0.011364
2 0.892371 0.743307 0.014706 0.011364
2 0.829245 0.768557 0.014706 0.011364
2 0.893735 0.768557 0.014706 0.011364
0 0.651963 0.807864 0.083335 0.022388
1 0.726314 0.809249 0.014706 0.011364
0 0.816955 0.808498 0.084877 0.022388
1 0.909538 0.790917 0.014706 0.011364
1 0.909273 0.809249 0.014706 0.011364
0 0.651936 0.844797 0.083242 0.022388
1 0.726332 0.847126 0.014706 0.011364
0 0.816973 0.844797 0.084877 0.022388
1 0.909556 0.829249 0.014706 0.011364
1 0.909291 0.847126 0.014706 0.011364
1 0.503271 0.790919 0.014706 0.011364
1 0.503271 0.828798 0.014706 0.011364
2 0.090415 0.900328 0.014706 0.011364
2 0.152176 0.900328 0.014706 0.011364
0 0.579657 0.914028 0.767160 0.016681
0 0.195163 0.485331 0.228559 0.017999
3 0.574828 0.487048 0.074343 0.021725
3 0.852490 0.484855 0.233863 0.018951
0 0.674874 0.485338 0.107804 0.017985
0 0.425739 0.485331 0.211765 0.017999