0 0.873341 0.941713 0.188747 0.017261
2 0.747274 0.133654 0.014706 0.011364
2 0.808544 0.133825 0.014706 0.011364
0 0.202207 0.431170 0.286766 0.017372
0 0.803922 0.771584 0.328430 0.046223
0 0.202207 0.782430 0.286766 0.017372
0 0.219266 0.669398 0.320884 0.018832
3 0.437501 0.671278 0.080884 0.022232
3 0.805148 0.669398 0.330881 0.018832
0 0.556977 0.669881 0.136049 0.017866
3 0.914015 0.622817 0.112747 0.019886
0 0.744900 0.623300 0.209152 0.018920
0 0.198529 0.622907 0.279412 0.019707
0 0.492647 0.622817 0.279412 0.019886
2 0.070809 0.848428 0.014706 0.011364
2 0.070809 0.826327 0.014706 0.011364
0 0.303876 0.853153 0.279592 0.016186
0 0.533201 0.853153 0.169797 0.016186
0 0.794841 0.853153 0.344221 0.016186
0 0.303876 0.871788 0.279592 0.013927
0 0.533201 0.871788 0.169797 0.013927
0 0.794841 0.871788 0.344221 0.013927
0 0.303876 0.889856 0.279592 0.015053
0 0.533201 0.889856 0.169797 0.015053
0 0.794841 0.889856 0.344221 0.015053
0 0.303876 0.908088 0.279592 0.014254
0 0.533201 0.908088 0.169797 0.014254
0 0.794841 0.908088 0.344221 0.014254
0 0.219266 0.319967 0.320884 0.018832
3 0.437501 0.321846 0.080884 0.022232
3 0.805148 0.319967 0.330881 0.018832
0 0.556977 0.320450 0.136049 0.017866
3 0.914015 0.273386 0.112747 0.019886
0 0.744900 0.273869 0.209152 0.018920
0 0.198529 0.273476 0.279412 0.019707
0 0.492647 0.273386 0.279412 0.019886
0 0.173013 0.373410 0.227657 0.023558
1 0.304801 0.376961 0.014706 0.011364
2 0.070809 0.497168 0.014706 0.011364
2 0.070809 0.475067 0.014706 0.011364
0 0.303658 0.501897 0.279592 0.016186
0 0.532984 0.501897 0.169797 0.016186
0 0.795392 0.501897 0.345758 0.016186
0 0.303658 0.520532 0.279592 0.013927
0 0.532984 0.520532 0.169797 0.013927
0 0.795392 0.520532 0.345758 0.013927
0 0.303658 0.538600 0.279592 0.015053
0 0.532984 0.538600 0.169797 0.015053
0 0.795392 0.538600 0.345758 0.015053
0 0.303658 0.556831 0.279592 0.014254
0 0.532984 0.556831 0.169797 0.014254
0 0.795392 0.556831 0.345758 0.014254
3 0.488971 0.371801 0.272060 0.022232
3 0.805148 0.371801 0.330881 0.022232
0 0.172979 0.723381 0.228013 0.024034
1 0.304958 0.726830 0.014706 0.011364
3 0.488971 0.722033 0.272060 0.022232
3 0.805148 0.722033 0.330881 0.022232
0 0.487131 0.778289 0.268379 0.032814
0 0.488971 0.427305 0.272060 0.035920
0 0.805148 0.427305 0.330881 0.035920