2 0.071627 0.750546 0.016340 0.012626
2 0.136289 0.750546 0.016340 0.012626
0 0.674070 0.749282 0.547111 0.013550
0 0.371366 0.794630 0.634493 0.010101
0 0.823965 0.794630 0.247322 0.010101
2 0.835276 0.815268 0.016340 0.012626
2 0.900645 0.815268 0.016340 0.012626
0 0.221471 0.855342 0.334704 0.023761
0 0.544564 0.854434 0.288098 0.029105
0 0.776395 0.857133 0.079377 0.027343
0 0.897734 0.857134 0.099784 0.027341
2 0.833521 0.900952 0.016340 0.012626
2 0.898799 0.900952 0.016340 0.012626
2 0.602147 0.929177 0.016340 0.012626
2 0.661341 0.929177 0.016340 0.012626
0 0.863946 0.927650 0.164686 0.024251