2 0.071402 0.198702 0.014706 0.011364
2 0.071402 0.224282 0.014706 0.011364
2 0.071402 0.252910 0.014706 0.011364
2 0.071402 0.281540 0.014706 0.011364
2 0.380225 0.198702 0.014706 0.011364
2 0.380225 0.224282 0.014706 0.011364
2 0.380225 0.252910 0.014706 0.011364
2 0.380225 0.281540 0.014706 0.011364
2 0.689049 0.198702 0.014706 0.011364
2 0.689049 0.281544 0.014706 0.011364
0 0.513780 0.305857 0.908364 0.021972
0 0.279806 0.649665 0.441176 0.017566
0 0.738956 0.649032 0.464052 0.018832
0 0.544708 0.685920 0.235289 0.022323
0 0.700347 0.685966 0.062093 0.022232
0 0.202600 0.734369 0.286765 0.018653
0 0.443923 0.734280 0.181176 0.018832
3 0.578482 0.736159 0.080882 0.022232
3 0.854969 0.734280 0.232029 0.018832
0 0.679540 0.734763 0.107841 0.017866
1 0.806696 0.687919 0.014706 0.011364
1 0.747873 0.687919 0.014706 0.011364
1 0.747873 0.671342 0.014706 0.011364
0 0.202975 0.452444 0.286765 0.018653
0 0.444299 0.452354 0.181176 0.018832
3 0.578858 0.454234 0.080882 0.022232
3 0.855167 0.452354 0.232029 0.018832
0 0.677043 0.452837 0.107841 0.017866
0 0.181092 0.490864 0.242649 0.022323
0 0.344081 0.490909 0.062093 0.022232
1 0.395283 0.477094 0.014706 0.011364
1 0.395283 0.493825 0.014706 0.011364
1 0.450430 0.493825 0.014706 0.011364
1 0.512124 0.494039 0.014706 0.011364
0 0.239565 0.686359 0.360296 0.021446
1 0.336108 0.671342 0.014706 0.011364
1 0.356804 0.405045 0.014706 0.011364
1 0.439049 0.405045 0.014706 0.011364
1 0.439049 0.385157 0.014706 0.011364
1 0.176657 0.405045 0.014706 0.011364
1 0.356807 0.385157 0.014706 0.011364
0 0.805739 0.405195 0.330884 0.022323
0 0.805739 0.368314 0.330884 0.022323
0 0.218426 0.565515 0.270217 0.018653
0 0.453217 0.565425 0.181386 0.018832
3 0.592673 0.567304 0.069118 0.022232
3 0.864563 0.564634 0.213237 0.017250
0 0.345261 0.612387 0.314340 0.018653
0 0.602423 0.612297 0.185670 0.018832
3 0.789806 0.614177 0.166670 0.022232
0 0.926242 0.612387 0.089879 0.018653
0 0.691767 0.565908 0.107841 0.017866
2 0.093023 0.602154 0.014706 0.011364
2 0.093023 0.616248 0.014706 0.011364
1 0.877377 0.687919 0.014706 0.011364
0 0.295436 0.401581 0.099088 0.028968
0 0.113440 0.401581 0.099088 0.028968
0 0.218426 0.809344 0.270217 0.018653
0 0.453217 0.809254 0.181386 0.018832
3 0.592673 0.811134 0.069118 0.022232
3 0.864563 0.808463 0.213237 0.017250
0 0.345261 0.856217 0.314340 0.018653
0 0.602423 0.856127 0.185670 0.018832
3 0.789806 0.858006 0.166670 0.022232
0 0.926242 0.856217 0.089879 0.018653
0 0.691767 0.809737 0.107841 0.017866
2 0.093023 0.845984 0.014706 0.011364
2 0.093023 0.860077 0.014706 0.011364
0 0.876805 0.949969 0.188747 0.017261