3 0.288694 0.167129 0.453209 0.018744
1 0.908273 0.168732 0.014706 0.011364
0 0.336488 0.215766 0.548796 0.017412
3 0.797263 0.215766 0.347837 0.017412
0 0.206599 0.264165 0.289018 0.017207
0 0.484467 0.263353 0.252843 0.018832
0 0.730171 0.263836 0.209152 0.017866
3 0.912258 0.265143 0.117448 0.022412
0 0.288694 0.298751 0.453209 0.018744
1 0.908273 0.301617 0.014706 0.011364
2 0.138002 0.336681 0.014706 0.011364
2 0.074472 0.336681 0.014706 0.011364
3 0.277022 0.393270 0.382011 0.016422
0 0.541413 0.393270 0.137507 0.016419
1 0.620459 0.393270 0.014706 0.011364
0 0.743219 0.393270 0.126108 0.016419
1 0.823296 0.393270 0.014706 0.011364
1 0.880649 0.393270 0.014706 0.011364
3 0.277022 0.413270 0.382011 0.016422
0 0.541413 0.413270 0.137507 0.016419
1 0.620459 0.413270 0.014706 0.011364
0 0.743219 0.413270 0.126108 0.016419
1 0.823296 0.413270 0.014706 0.011364
1 0.880649 0.413270 0.014706 0.011364
3 0.277022 0.433270 0.382011 0.016422
0 0.541413 0.433270 0.137507 0.016419
1 0.620459 0.433270 0.014706 0.011364
0 0.743219 0.433270 0.126108 0.016419
1 0.823296 0.433270 0.014706 0.011364
1 0.880649 0.433270 0.014706 0.011364
3 0.277022 0.453270 0.382011 0.016422
0 0.541413 0.453270 0.137507 0.016419
1 0.620459 0.453270 0.014706 0.011364
0 0.743219 0.453270 0.126108 0.016419
1 0.823296 0.453270 0.014706 0.011364
1 0.880649 0.453270 0.014706 0.011364
3 0.277022 0.473270 0.382011 0.016422
0 0.541413 0.473270 0.137507 0.016419
1 0.620459 0.473270 0.014706 0.011364
0 0.743219 0.473270 0.126108 0.016419
1 0.823296 0.473270 0.014706 0.011364
1 0.880649 0.473270 0.014706 0.011364
3 0.277022 0.493270 0.382011 0.016422
0 0.541413 0.493270 0.137507 0.016419
1 0.621013 0.493270 0.014706 0.011364
0 0.743219 0.493270 0.126108 0.016419
1 0.823002 0.493270 0.014706 0.011364
1 0.880649 0.493270 0.014706 0.011364
0 0.710792 0.168895 0.362760 0.022371
0 0.713417 0.300516 0.362760 0.022371
0 0.876805 0.949969 0.188747 0.017261