0 0.873341 0.941916 0.188747 0.017261
3 0.808822 0.550222 0.073529 0.022655
0 0.632143 0.549264 0.249583 0.017412
0 0.275736 0.549763 0.433825 0.018410
0 0.914419 0.549037 0.112338 0.017866
2 0.068529 0.223529 0.014706 0.011364
2 0.068529 0.239155 0.014706 0.011364
2 0.068529 0.253761 0.014706 0.011364
2 0.739928 0.103955 0.014706 0.011364
2 0.931095 0.103955 0.014706 0.011364
0 0.918078 0.251009 0.104577 0.022232
0 0.360296 0.251009 0.352941 0.022232
0 0.617922 0.250919 0.132899 0.022412
3 0.775673 0.251009 0.166670 0.022232
0 0.209560 0.184484 0.301472 0.018653
0 0.463234 0.184395 0.176471 0.018832
3 0.599265 0.186274 0.066175 0.022232
3 0.863970 0.184395 0.213237 0.018832
0 0.698529 0.184878 0.102941 0.017866
1 0.067065 0.407128 0.014706 0.011364
1 0.268312 0.390585 0.014706 0.011364
1 0.067065 0.388939 0.014706 0.011364
1 0.753276 0.375432 0.014706 0.011364
0 0.854154 0.429950 0.218137 0.092427
1 0.268312 0.430325 0.014706 0.011364
1 0.517979 0.388939 0.014706 0.011364
1 0.517979 0.430325 0.014706 0.011364
1 0.267992 0.453052 0.014706 0.011364
1 0.517979 0.453052 0.014706 0.011364
0 0.220588 0.501256 0.323529 0.021573
0 0.683824 0.499463 0.573529 0.017994