1 0.091910 0.144412 0.017484 0.013900
1 0.202614 0.143939 0.017484 0.013902
0 0.677697 0.140782 0.115606 0.016730
0 0.115196 0.338070 0.181372 0.026515
0 0.262256 0.338070 0.107845 0.026515
0 0.371938 0.338070 0.106618 0.026515
0 0.496325 0.338070 0.137255 0.026515
0 0.614586 0.338070 0.091913 0.026515
0 0.713239 0.338070 0.100490 0.026515
0 0.819856 0.338070 0.105392 0.026515
0 0.922797 0.338070 0.090686 0.026515
0 0.115196 0.366479 0.181372 0.026515
0 0.115196 0.394888 0.181372 0.026515
0 0.115196 0.423297 0.181372 0.026515
0 0.115196 0.451706 0.181372 0.026515
0 0.115196 0.480115 0.181372 0.026515
0 0.115196 0.508525 0.181372 0.026515
0 0.115196 0.536934 0.181372 0.026515
0 0.115196 0.565343 0.181372 0.026515
0 0.262256 0.366479 0.107845 0.026515
0 0.262256 0.394888 0.107845 0.026515
0 0.262256 0.423297 0.107845 0.026515
0 0.262256 0.451706 0.107845 0.026515
0 0.262256 0.480115 0.107845 0.026515
0 0.262256 0.508525 0.107845 0.026515
0 0.262256 0.536934 0.107845 0.026515
0 0.262256 0.565343 0.107845 0.026515
0 0.371938 0.366479 0.106618 0.026515
0 0.371938 0.394888 0.106618 0.026515
0 0.371938 0.423297 0.106618 0.026515
0 0.371938 0.451706 0.106618 0.026515
0 0.371938 0.480115 0.106618 0.026515
0 0.371938 0.508525 0.106618 0.026515
0 0.371938 0.536934 0.106618 0.026515
0 0.371938 0.565343 0.106618 0.026515
0 0.496325 0.366479 0.137255 0.026515
0 0.496325 0.394888 0.137255 0.026515
0 0.496325 0.423297 0.137255 0.026515
0 0.496325 0.451706 0.137255 0.026515
0 0.496325 0.480115 0.137255 0.026515
0 0.496325 0.508525 0.137255 0.026515
0 0.496325 0.536934 0.137255 0.026515
0 0.496325 0.565343 0.137255 0.026515
0 0.614586 0.366479 0.091913 0.026515
0 0.614586 0.394888 0.091913 0.026515
0 0.614586 0.423297 0.091913 0.026515
0 0.614586 0.451706 0.091913 0.026515
0 0.614586 0.480115 0.091913 0.026515
0 0.614586 0.508525 0.091913 0.026515
0 0.614586 0.536934 0.091913 0.026515
0 0.614586 0.565343 0.091913 0.026515
0 0.713239 0.366479 0.100490 0.026515
0 0.713239 0.394888 0.100490 0.026515
0 0.713239 0.423297 0.100490 0.026515
0 0.713239 0.451706 0.100490 0.026515
0 0.713239 0.480115 0.100490 0.026515
0 0.713239 0.508525 0.100490 0.026515
0 0.713239 0.536934 0.100490 0.026515
0 0.713239 0.565343 0.100490 0.026515
0 0.819856 0.366479 0.105392 0.026515
0 0.819856 0.394888 0.105392 0.026515
0 0.819856 0.423297 0.105392 0.026515
0 0.819856 0.451706 0.105392 0.026515
0 0.819856 0.480115 0.105392 0.026515
0 0.819856 0.508525 0.105392 0.026515
0 0.819856 0.536934 0.105392 0.026515
0 0.819856 0.565343 0.105392 0.026515
0 0.922797 0.366479 0.090686 0.026515
0 0.922797 0.394888 0.090686 0.026515
0 0.922797 0.423297 0.090686 0.026515
0 0.922797 0.451706 0.090686 0.026515
0 0.922797 0.480115 0.090686 0.026515
0 0.922797 0.508525 0.090686 0.026515
0 0.922797 0.536934 0.090686 0.026515
0 0.922797 0.565343 0.090686 0.026515
0 0.226517 0.746966 0.389617 0.101247
0 0.866899 0.708100 0.198399 0.019382
0 0.595049 0.745200 0.333425 0.020391
0 0.872246 0.744126 0.211397 0.021275
0 0.460281 0.788902 0.039216 0.018655
0 0.605114 0.788050 0.228392 0.017708
0 0.798947 0.789123 0.041054 0.017708
0 0.906851 0.789281 0.146650 0.018655
5 0.094652 0.974977 0.112301 0.032232
5 0.372669 0.974518 0.112299 0.032232
5 0.235295 0.974977 0.112299 0.032232