0 0.148367 0.116162 0.171242 0.018182
0 0.302616 0.116162 0.139870 0.018182
0 0.435296 0.116162 0.130719 0.018182
0 0.609153 0.116162 0.209151 0.018182
0 0.828761 0.116162 0.206537 0.018182
2 0.073529 0.170454 0.029956 0.023148
2 0.073529 0.192549 0.029956 0.023148
2 0.736651 0.170454 0.029956 0.023148
2 0.736651 0.192549 0.029956 0.023148
0 0.389544 0.460103 0.653597 0.015152
0 0.389544 0.482325 0.653597 0.015152
0 0.388237 0.509598 0.650983 0.013131
0 0.219609 0.533335 0.313727 0.016162
0 0.437910 0.533335 0.128105 0.016162
0 0.608499 0.533335 0.215687 0.016162
0 0.830722 0.533335 0.215687 0.016162
2 0.073856 0.637881 0.030065 0.023232
2 0.073856 0.661114 0.030065 0.023232
0 0.830722 0.708084 0.215687 0.016162
2 0.073856 0.871215 0.030065 0.023232
2 0.522224 0.871215 0.030065 0.023232
5 0.270589 0.974751 0.141177 0.032323
5 0.496734 0.973741 0.141177 0.032323
5 0.708499 0.971721 0.141177 0.032323