0 0.278780 0.155509 0.414218 0.021780
0 0.632130 0.155193 0.210786 0.021780
0 0.865791 0.155667 0.191176 0.021780
0 0.517341 0.225426 0.886033 0.099433
0 0.518567 0.339695 0.887259 0.117424
0 0.518975 0.456803 0.887259 0.106061
0 0.518362 0.552131 0.888484 0.087121
1 0.048528 0.613857 0.016116 0.013083
1 0.538725 0.614173 0.016114 0.013083
1 0.088400 0.644224 0.016116 0.013083
1 0.538725 0.644476 0.016116 0.013083
1 0.087747 0.659628 0.016116 0.013083
1 0.539378 0.659375 0.016116 0.013083
0 0.516973 0.711980 0.888484 0.047348
0 0.178043 0.791398 0.210786 0.022538
1 0.519608 0.795234 0.017095 0.011568
1 0.598529 0.795234 0.017096 0.011568
0 0.752063 0.791525 0.121570 0.021780
0 0.884906 0.791020 0.121570 0.021780
1 0.048530 0.902052 0.017097 0.011568
1 0.284805 0.901546 0.017096 0.011568
1 0.520587 0.901767 0.017096 0.011568
1 0.736274 0.900757 0.017096 0.011568