0 0.507353 0.295766 0.897059 0.022898
0 0.404643 0.473354 0.308806 0.021475
0 0.404348 0.433268 0.309395 0.021475
1 0.071626 0.473354 0.016340 0.012626
1 0.071626 0.433268 0.016340 0.012626
0 0.677422 0.576665 0.107804 0.017985
3 0.850195 0.577981 0.225966 0.022513
3 0.580219 0.578062 0.074343 0.022351
0 0.434030 0.576183 0.205567 0.018951
0 0.193768 0.576487 0.261033 0.018771
1 0.703979 0.472727 0.016340 0.012626
1 0.895067 0.450626 0.016340 0.012626
1 0.895062 0.472727 0.016340 0.012626
0 0.830882 0.471978 0.102941 0.022973
0 0.639706 0.471978 0.102941 0.022973
0 0.507353 0.515344 0.897059 0.022898
0 0.639706 0.252400 0.102941 0.022973
0 0.830882 0.252400 0.102941 0.022973
1 0.895062 0.253150 0.016340 0.012626
1 0.895067 0.231049 0.016340 0.012626
1 0.703979 0.253150 0.016340 0.012626
0 0.190673 0.356695 0.261033 0.018772
0 0.434030 0.356605 0.205567 0.018951
3 0.580219 0.358485 0.074343 0.022351
3 0.850195 0.358404 0.225966 0.022513
0 0.677422 0.357088 0.107804 0.017985
2 0.686154 0.109023 0.017974 0.013889
2 0.750905 0.109027 0.017974 0.013889
1 0.071626 0.213691 0.016340 0.012626
1 0.071626 0.253777 0.016340 0.012626
0 0.404348 0.213691 0.309395 0.021475
0 0.404643 0.253777 0.308806 0.021475