0 0.267181 0.085596 0.457629 0.016275
0 0.734073 0.085596 0.457627 0.016275
0 0.500627 0.128421 0.924521 0.017720
0 0.323908 0.187897 0.088536 0.016996
0 0.421568 0.187897 0.088253 0.016996
0 0.323908 0.212052 0.088536 0.016996
0 0.421568 0.212052 0.088253 0.016996
0 0.323908 0.236208 0.088536 0.016996
0 0.421568 0.236208 0.088253 0.016996
0 0.323908 0.260363 0.088536 0.016996
0 0.421568 0.260363 0.088253 0.016996
0 0.323908 0.284518 0.088536 0.016996
0 0.421568 0.284518 0.088253 0.016996
1 0.054142 0.187062 0.016340 0.012626
0 0.518484 0.187827 0.088253 0.016990
0 0.616002 0.187827 0.088253 0.016990
0 0.518484 0.211974 0.088253 0.016986
0 0.616002 0.211974 0.088253 0.016986
0 0.518484 0.236119 0.088253 0.016986
0 0.616002 0.236119 0.088253 0.016986
0 0.518484 0.260265 0.088253 0.016986
0 0.616002 0.260265 0.088253 0.016986
0 0.518484 0.284469 0.088253 0.017104
0 0.616002 0.284469 0.088253 0.017104
0 0.698813 0.187833 0.058253 0.016936
0 0.698813 0.211965 0.058253 0.017010
0 0.698813 0.236134 0.058253 0.017010
0 0.698813 0.260266 0.058253 0.016936
0 0.698813 0.284457 0.058253 0.017129
1 0.747363 0.263318 0.016340 0.012626
1 0.054142 0.212456 0.016340 0.012626
1 0.054142 0.236801 0.016340 0.012626
1 0.054142 0.261602 0.016340 0.012626
1 0.054142 0.284391 0.016340 0.012626
1 0.759832 0.297929 0.016340 0.012626
1 0.759832 0.329926 0.016340 0.012626
1 0.759832 0.367525 0.016340 0.012626
1 0.124016 0.310491 0.016340 0.012626
1 0.124016 0.333979 0.016340 0.012626
1 0.124016 0.363064 0.016340 0.012626
1 0.124016 0.392088 0.016340 0.012626
1 0.124016 0.415614 0.016340 0.012626
0 0.323443 0.441274 0.089186 0.017210
0 0.421894 0.441274 0.089186 0.017210
0 0.519732 0.441274 0.087961 0.017210
0 0.616322 0.441274 0.086690 0.017210
0 0.697956 0.441274 0.058049 0.017210
0 0.323443 0.468576 0.089186 0.023076
0 0.421894 0.468576 0.089186 0.023076
0 0.519732 0.468576 0.087961 0.023076
0 0.616322 0.468576 0.086690 0.023076
0 0.697956 0.468576 0.058049 0.023076
0 0.323443 0.495879 0.089186 0.017213
0 0.421894 0.495879 0.089186 0.017213
0 0.519732 0.495879 0.087961 0.017213
0 0.616322 0.495879 0.086690 0.017213
0 0.697956 0.495879 0.058049 0.017213
1 0.050361 0.440995 0.016340 0.012626
1 0.050361 0.469742 0.016340 0.012626
1 0.050361 0.496176 0.016340 0.012626
0 0.500633 0.543744 0.924538 0.025053
4 0.346243 0.645310 0.615758 0.017193
0 0.813145 0.645310 0.299515 0.017193
0 0.500633 0.722876 0.924538 0.025053
4 0.346243 0.774398 0.615758 0.025053
0 0.813145 0.774398 0.299515 0.025053
1 0.335093 0.671451 0.016340 0.012626
1 0.506770 0.671451 0.016340 0.012626
5 0.672203 0.966148 0.132353 0.021472
5 0.351266 0.966539 0.132353 0.021475
5 0.514574 0.966539 0.132353 0.021475