0 0.393642 0.242612 0.665749 0.026087
0 0.852779 0.242612 0.182304 0.024000
0 0.160698 0.305222 0.194458 0.032348
0 0.384865 0.304700 0.191757 0.029218
0 0.616459 0.302613 0.182304 0.029218
0 0.851429 0.305222 0.185005 0.028174
0 0.202627 0.396006 0.271432 0.036521
0 0.519905 0.396006 0.267380 0.036522
0 0.822395 0.394962 0.245773 0.036522
0 0.501675 0.620878 0.884514 0.319309
0 0.378788 0.821751 0.627937 0.032348
0 0.843327 0.821751 0.201210 0.032348
0 0.316736 0.874447 0.499649 0.031305
0 0.789310 0.874969 0.344353 0.028174
4 0.279077 0.916173 0.245098 0.040404
0 0.849403 0.927665 0.226868 0.027131
5 0.288986 0.978275 0.167450 0.026087
5 0.482094 0.978275 0.167450 0.026087
5 0.678577 0.977753 0.163399 0.025044