0 0.312164 0.180305 0.544315 0.022282
0 0.680112 0.180666 0.138407 0.022282
0 0.879942 0.180681 0.138407 0.022282
1 0.064937 0.229542 0.022455 0.016553
1 0.065012 0.247571 0.022353 0.016869
0 0.618607 0.249972 0.712681 0.041268
0 0.880295 0.433838 0.138407 0.022282
0 0.505238 0.571885 0.919827 0.065730
0 0.069909 0.638042 0.076643 0.018380
0 0.149911 0.637727 0.075825 0.018380
0 0.269634 0.637727 0.149958 0.018380
0 0.425795 0.637727 0.149956 0.018380
0 0.288329 0.670788 0.409159 0.049523
0 0.289049 0.718104 0.410600 0.049523
0 0.287852 0.761057 0.410600 0.048409
0 0.286939 0.806422 0.409158 0.051751
0 0.287852 0.857173 0.410600 0.058436
0 0.769057 0.626539 0.392683 0.052865
0 0.768444 0.672646 0.391841 0.053980
0 0.736423 0.770511 0.461239 0.134246
0 0.771505 0.856753 0.395157 0.057322