0 0.754514 0.175790 0.432149 0.022412
0 0.165442 0.228980 0.213237 0.020831
1 0.286355 0.231496 0.014706 0.011364
0 0.873341 0.941713 0.188747 0.017261
2 0.747279 0.102025 0.014706 0.011364
2 0.810405 0.102025 0.014706 0.011364
2 0.070809 0.176260 0.014706 0.011364
2 0.177020 0.176260 0.014706 0.011364
2 0.290577 0.176260 0.014706 0.011364
2 0.404139 0.176260 0.014706 0.011364
1 0.565771 0.228976 0.014706 0.011364
0 0.452207 0.228497 0.198531 0.021797
1 0.565768 0.212405 0.014706 0.011364
0 0.797382 0.227190 0.219768 0.017251
1 0.922386 0.227068 0.014706 0.011364
0 0.198529 0.360994 0.279412 0.018653
0 0.441077 0.360905 0.181176 0.018832
3 0.578234 0.362784 0.078825 0.022232
3 0.852740 0.360905 0.232029 0.018832
0 0.676024 0.361388 0.107842 0.017866
3 0.914015 0.273956 0.112747 0.019886
0 0.737828 0.274439 0.230227 0.018921
0 0.198529 0.274046 0.279412 0.019707
0 0.480393 0.273956 0.259806 0.019886
0 0.213234 0.460147 0.264706 0.018653
0 0.441078 0.460058 0.181176 0.018832
3 0.578236 0.461937 0.078825 0.022232
3 0.852740 0.460058 0.232029 0.018832
0 0.676024 0.460540 0.107842 0.017866
0 0.325368 0.409886 0.488967 0.018653
0 0.514706 0.514997 0.911765 0.018653
0 0.338235 0.310889 0.558824 0.019886
2 0.818699 0.486309 0.014706 0.011364
2 0.629632 0.486309 0.014706 0.011364
0 0.754514 0.569918 0.432149 0.022412
0 0.165442 0.623106 0.213237 0.020831
1 0.286355 0.625623 0.014706 0.011364
2 0.070809 0.570386 0.014706 0.011364
2 0.177020 0.570386 0.014706 0.011364
2 0.290577 0.570386 0.014706 0.011364
2 0.404139 0.570386 0.014706 0.011364
1 0.565771 0.623104 0.014706 0.011364
0 0.452207 0.622623 0.198531 0.021797
1 0.565768 0.606532 0.014706 0.011364
0 0.797382 0.621316 0.219768 0.017251
1 0.922386 0.621196 0.014706 0.011364
0 0.198529 0.755122 0.279412 0.018653
0 0.441077 0.755032 0.181176 0.018832
3 0.578234 0.756912 0.078825 0.022232
3 0.852740 0.755032 0.232029 0.018832
0 0.676024 0.755515 0.107842 0.017866
3 0.914015 0.668082 0.112747 0.019886
0 0.737828 0.668565 0.230227 0.018920
0 0.198529 0.668172 0.279412 0.019707
0 0.480393 0.668082 0.259806 0.019886
0 0.213234 0.854273 0.264706 0.018653
0 0.441078 0.854184 0.181176 0.018832
3 0.578236 0.856063 0.078825 0.022232
3 0.852740 0.854184 0.232029 0.018832
0 0.676024 0.854667 0.107842 0.017866
0 0.325368 0.806067 0.488967 0.017078
0 0.514706 0.909123 0.911765 0.018653
0 0.338235 0.705015 0.558824 0.019886
2 0.818699 0.880436 0.014706 0.011364
2 0.629632 0.880436 0.014706 0.011364