0 0.614563 0.167894 0.227940 0.017566
0 0.855373 0.167261 0.231616 0.018832
1 0.426662 0.170629 0.014706 0.011364
1 0.426663 0.155636 0.014706 0.011364
1 0.217096 0.170629 0.014706 0.011364
0 0.198132 0.216102 0.277828 0.018832
0 0.448132 0.216102 0.189593 0.018832
3 0.584804 0.217981 0.065882 0.022232
3 0.853134 0.216102 0.232029 0.018832
0 0.676417 0.216585 0.107842 0.017866
0 0.136623 0.266475 0.154413 0.022323
0 0.256641 0.266520 0.062093 0.022232
1 0.305116 0.251602 0.014706 0.011364
1 0.305116 0.267092 0.014706 0.011364
1 0.363940 0.267092 0.014706 0.011364
0 0.512633 0.456517 0.904024 0.018653
1 0.071585 0.686540 0.013072 0.010101
1 0.071585 0.639453 0.013072 0.010101
1 0.071585 0.596143 0.013072 0.010101
1 0.071585 0.558716 0.013072 0.010101
0 0.466790 0.692313 0.316377 0.031736
0 0.467098 0.646913 0.316994 0.035250
0 0.467098 0.602997 0.316994 0.031751
0 0.467098 0.561443 0.316994 0.022323
1 0.930333 0.563943 0.014706 0.011364
1 0.930333 0.607587 0.014706 0.011364
1 0.930333 0.698114 0.014706 0.011364
1 0.930333 0.653432 0.014706 0.011364
0 0.432584 0.851400 0.702214 0.022323
0 0.432584 0.814739 0.702214 0.022412
1 0.930333 0.810819 0.014706 0.011364
1 0.930333 0.847981 0.014706 0.011364
0 0.854145 0.851376 0.117647 0.022371
0 0.854145 0.814759 0.117647 0.022371
0 0.854145 0.886097 0.117647 0.022371
0 0.854145 0.923029 0.117647 0.022371
0 0.432584 0.923053 0.702214 0.022323
0 0.432581 0.886077 0.702214 0.022412
1 0.930333 0.882158 0.014706 0.011364
1 0.930333 0.919634 0.014706 0.011364
2 0.071402 0.777558 0.014706 0.011364
2 0.134528 0.777558 0.014706 0.011364
0 0.218426 0.343818 0.270217 0.018653
0 0.453217 0.343728 0.181386 0.018832
3 0.586422 0.345607 0.069118 0.022232
3 0.853534 0.342937 0.235294 0.017250
0 0.345261 0.390690 0.314340 0.018653
0 0.602423 0.390600 0.185670 0.018832
3 0.789806 0.392480 0.166670 0.022232
0 0.926242 0.390690 0.089879 0.018653
0 0.676417 0.344211 0.107842 0.017866
2 0.093023 0.379974 0.014706 0.011364
2 0.093023 0.394067 0.014706 0.011364
0 0.338331 0.169068 0.144433 0.021346
0 0.131202 0.169068 0.144433 0.021346
0 0.780007 0.698931 0.279412 0.018500
0 0.780007 0.653486 0.279412 0.022105
0 0.781359 0.609615 0.279412 0.018515
0 0.781359 0.561655 0.279412 0.021899
2 0.449814 0.508741 0.014706 0.011364
2 0.512944 0.508745 0.014706 0.011364
0 0.876504 0.951337 0.188747 0.017261