0 0.873341 0.941713 0.188747 0.017261
0 0.514706 0.267075 0.911765 0.018653
3 0.212010 0.716174 0.267160 0.022232
3 0.493868 0.716174 0.257351 0.022232
3 0.212010 0.563254 0.267160 0.022232
3 0.493868 0.563254 0.257351 0.022232
0 0.204657 0.511610 0.252454 0.018303
0 0.441178 0.511345 0.191176 0.018832
3 0.583721 0.513225 0.079206 0.022232
3 0.851309 0.511345 0.232029 0.018832
0 0.679981 0.511828 0.095257 0.017866
3 0.930146 0.462001 0.080884 0.022323
0 0.759805 0.460212 0.240194 0.018744
0 0.212009 0.460212 0.267158 0.018744
0 0.493150 0.460212 0.255915 0.018744
0 0.801471 0.563254 0.338235 0.022232
1 0.825162 0.196327 0.014706 0.011364
1 0.717315 0.196327 0.014706 0.011364
1 0.344768 0.196327 0.014706 0.011364
1 0.256533 0.196327 0.014706 0.011364
0 0.229577 0.231650 0.338235 0.018653
0 0.198529 0.317838 0.279412 0.019275
1 0.361925 0.320447 0.014706 0.011364
0 0.662989 0.317201 0.492649 0.019532
1 0.925649 0.320447 0.014706 0.011364
1 0.413397 0.355297 0.014706 0.011364
0 0.133989 0.369894 0.147059 0.022323
1 0.413397 0.373479 0.014706 0.011364
0 0.746323 0.368849 0.448531 0.024414
2 0.072444 0.409782 0.014706 0.011364
2 0.141889 0.409782 0.014706 0.011364
0 0.204657 0.664355 0.252454 0.018653
0 0.441178 0.664266 0.191176 0.018832
3 0.583721 0.666145 0.079206 0.022232
3 0.851309 0.664266 0.232029 0.018832
0 0.679981 0.664749 0.095257 0.017866
3 0.930150 0.614014 0.080876 0.022323
0 0.758578 0.612224 0.242649 0.018744
0 0.212009 0.612224 0.267158 0.018744
0 0.493150 0.612224 0.255915 0.018744
0 0.801471 0.716174 0.338235 0.022232
0 0.498774 0.233350 0.164219 0.022412
1 0.619279 0.234643 0.014706 0.011364