0 0.312471 0.466841 0.211765 0.023264
0 0.732118 0.466841 0.211765 0.023264
0 0.111765 0.602459 0.088235 0.023264
0 0.234314 0.602459 0.105882 0.023264
0 0.361765 0.602459 0.105882 0.023264
0 0.489216 0.602459 0.105882 0.023264
0 0.622549 0.602459 0.105882 0.023264
0 0.750000 0.602459 0.105882 0.023264
0 0.877451 0.602459 0.105882 0.023264
0 0.111765 0.641207 0.088235 0.023264
0 0.234314 0.641207 0.105882 0.023264
0 0.361765 0.641207 0.105882 0.023264
0 0.489216 0.641207 0.105882 0.023264
0 0.622549 0.641207 0.105882 0.023264
0 0.750000 0.641207 0.105882 0.023264
0 0.877451 0.641207 0.105882 0.023264
0 0.111765 0.679955 0.088235 0.023264
0 0.234314 0.679955 0.105882 0.023264
0 0.361765 0.679955 0.105882 0.023264
0 0.489216 0.679955 0.105882 0.023264
0 0.622549 0.679955 0.105882 0.023264
0 0.750000 0.679955 0.105882 0.023264
0 0.877451 0.679955 0.105882 0.023264
0 0.111765 0.718703 0.088235 0.023264
0 0.234314 0.718703 0.105882 0.023264
0 0.361765 0.718703 0.105882 0.023264
0 0.489216 0.718703 0.105882 0.023264
0 0.622549 0.718703 0.105882 0.023264
0 0.750000 0.718703 0.105882 0.023264
0 0.877451 0.718703 0.105882 0.023264
0 0.111765 0.757452 0.088235 0.023264
0 0.234314 0.757452 0.105882 0.023264
0 0.361765 0.757452 0.105882 0.023264
0 0.489216 0.757452 0.105882 0.023264
0 0.622549 0.757452 0.105882 0.023264
0 0.750000 0.757452 0.105882 0.023264
0 0.877451 0.757452 0.105882 0.023264
0 0.111765 0.796200 0.088235 0.023264
0 0.234314 0.796200 0.105882 0.023264
0 0.361765 0.796200 0.105882 0.023264
0 0.489216 0.796200 0.105882 0.023264
0 0.622549 0.796200 0.105882 0.023264
0 0.750000 0.796200 0.105882 0.023264
0 0.877451 0.796200 0.105882 0.023264
0 0.111765 0.834948 0.088235 0.023264
0 0.234314 0.834948 0.105882 0.023264
0 0.361765 0.834948 0.105882 0.023264
0 0.489216 0.834948 0.105882 0.023264
0 0.622549 0.834948 0.105882 0.023264
0 0.750000 0.834948 0.105882 0.023264
0 0.877451 0.834948 0.105882 0.023264
0 0.111765 0.873696 0.088235 0.023264
0 0.234314 0.873696 0.105882 0.023264
0 0.361765 0.873696 0.105882 0.023264
0 0.489216 0.873696 0.105882 0.023264
0 0.622549 0.873696 0.105882 0.023264
0 0.750000 0.873696 0.105882 0.023264
0 0.877451 0.873696 0.105882 0.023264
0 0.111765 0.912444 0.088235 0.023264
0 0.234314 0.912444 0.105882 0.023264
0 0.361765 0.912444 0.105882 0.023264
0 0.489216 0.912444 0.105882 0.023264
0 0.622549 0.912444 0.105882 0.023264
0 0.750000 0.912444 0.105882 0.023264
0 0.877451 0.912444 0.105882 0.023264