0 0.379904 0.168818 0.620101 0.017559
0 0.833294 0.168474 0.221294 0.017558
0 0.180123 0.200093 0.221293 0.017559
0 0.834596 0.199632 0.221294 0.017559
0 0.378336 0.232707 0.620100 0.017559
0 0.834417 0.232321 0.221294 0.017559
1 0.570623 0.264509 0.020098 0.014205
1 0.624510 0.264647 0.020098 0.014205
0 0.834313 0.263637 0.221292 0.017559
1 0.052942 0.316414 0.021017 0.013083
1 0.538807 0.316604 0.020199 0.013715
1 0.646650 0.316604 0.020199 0.013715
0 0.419526 0.359217 0.702346 0.016098
0 0.260346 0.418772 0.377726 0.015152
1 0.464869 0.419192 0.020199 0.014346
1 0.541667 0.419034 0.020199 0.014346
0 0.818493 0.418140 0.160676 0.015152
0 0.260619 0.449915 0.380994 0.015152
1 0.465074 0.451231 0.020199 0.014346
1 0.542484 0.451231 0.020199 0.014346
0 0.819719 0.450547 0.161493 0.015152
0 0.260597 0.509681 0.381339 0.015152
0 0.552479 0.509681 0.150872 0.015152
0 0.805640 0.509470 0.173204 0.015573
1 0.052757 0.541891 0.020200 0.015609
1 0.185650 0.541891 0.020199 0.015609
1 0.053737 0.573001 0.022161 0.014093
1 0.053432 0.589773 0.020200 0.014093
1 0.053432 0.606061 0.020200 0.014093
1 0.586765 0.557955 0.020199 0.014093
1 0.586765 0.587626 0.020199 0.014093
1 0.586764 0.603788 0.020201 0.014093
1 0.586765 0.620328 0.020199 0.014093
0 0.833778 0.620861 0.271520 0.034785
1 0.706453 0.646591 0.021018 0.013336
1 0.706209 0.661364 0.021180 0.014093
1 0.052698 0.719571 0.020200 0.014346
1 0.361031 0.718876 0.021833 0.013715
0 0.583877 0.719597 0.217595 0.014732
0 0.803788 0.719177 0.172114 0.016414
1 0.052698 0.751263 0.020199 0.015609
1 0.361439 0.751073 0.021018 0.013715
1 0.706208 0.767551 0.021018 0.014346
1 0.706291 0.782892 0.020199 0.013715
0 0.377736 0.814284 0.623398 0.016414
0 0.807056 0.814284 0.172114 0.016414
0 0.380718 0.860054 0.626639 0.017047
0 0.808621 0.860054 0.176337 0.017047