0 0.347503 0.155193 0.613970 0.026934
0 0.800300 0.155193 0.229978 0.026934
0 0.348766 0.205397 0.613970 0.026934
0 0.799038 0.205397 0.229978 0.026934
0 0.193709 0.256859 0.306381 0.026934
1 0.386995 0.260477 0.012919 0.016160
1 0.474446 0.260477 0.012919 0.016160
1 0.524292 0.260477 0.012919 0.016160
0 0.719555 0.258493 0.174825 0.026934
0 0.131944 0.306373 0.174825 0.026934
0 0.589646 0.306373 0.174825 0.026934
3 0.170707 0.358170 0.041667 0.025327
0 0.554040 0.357366 0.104978 0.026934
0 0.066226 0.428758 0.056999 0.025300
0 0.207008 0.428758 0.056999 0.025300
0 0.357387 0.428758 0.058261 0.025300
0 0.555618 0.430719 0.056999 0.025300
0 0.693876 0.430719 0.056999 0.025300
0 0.844760 0.430719 0.058261 0.025300
0 0.770833 0.526144 0.117352 0.025300
0 0.877272 0.528009 0.043182 0.021569
0 0.048569 0.601671 0.053588 0.021569
3 0.095806 0.601753 0.038545 0.021405
1 0.137487 0.603632 0.028788 0.017647
3 0.181636 0.601753 0.041667 0.021405
0 0.247637 0.601671 0.083433 0.021569
0 0.335393 0.601671 0.086555 0.021569
0 0.419227 0.601671 0.074425 0.021569
0 0.488523 0.601671 0.055694 0.021569
0 0.553145 0.601671 0.060697 0.021569
0 0.615978 0.601671 0.057576 0.021569
0 0.670397 0.601671 0.047344 0.021569
0 0.719008 0.601671 0.043182 0.021569
0 0.782548 0.601671 0.074051 0.021569
0 0.865442 0.601671 0.082376 0.021569
0 0.943526 0.600998 0.069797 0.022915
0 0.048569 0.629636 0.053588 0.021569
3 0.095806 0.629717 0.038545 0.021405
1 0.137487 0.631596 0.028788 0.017647
3 0.181437 0.629717 0.041667 0.021405
0 0.247438 0.629636 0.083433 0.021569
0 0.335193 0.629636 0.086555 0.021569
0 0.419027 0.629636 0.074425 0.021569
0 0.488523 0.629636 0.055694 0.021569
0 0.553893 0.629636 0.060697 0.021569
0 0.615779 0.629636 0.057576 0.021569
0 0.670198 0.629636 0.047344 0.021569
0 0.719008 0.629636 0.043182 0.021569
0 0.782548 0.629636 0.074051 0.021569
0 0.865442 0.629636 0.082376 0.021569
0 0.943526 0.628962 0.069797 0.022915
0 0.048569 0.656959 0.053588 0.021569
3 0.095806 0.657041 0.038545 0.021405
1 0.137487 0.658920 0.028788 0.017647
3 0.181437 0.657041 0.041667 0.021405
0 0.247438 0.656959 0.083433 0.021569
0 0.335193 0.656959 0.086555 0.021569
0 0.419027 0.656959 0.074425 0.021569
0 0.488523 0.656959 0.055694 0.021569
0 0.552946 0.656959 0.060697 0.021569
0 0.615779 0.656959 0.057576 0.021569
0 0.670198 0.656959 0.047344 0.021569
0 0.719008 0.656959 0.043182 0.021569
0 0.782548 0.656959 0.074051 0.021569
0 0.865442 0.656959 0.082376 0.021569
0 0.943526 0.656286 0.069797 0.022915
0 0.048569 0.684148 0.053588 0.021569
3 0.095806 0.684230 0.038545 0.021405
1 0.137487 0.686109 0.028788 0.017647
3 0.181437 0.684230 0.041667 0.021405
0 0.247438 0.684148 0.083433 0.021569
0 0.335193 0.684148 0.086555 0.021569
0 0.419027 0.684148 0.074425 0.021569
0 0.488523 0.684148 0.055694 0.021569
0 0.552946 0.684148 0.060697 0.021569
0 0.615779 0.684148 0.057576 0.021569
0 0.670198 0.684148 0.047344 0.021569
0 0.719008 0.684148 0.043182 0.021569
0 0.782548 0.684148 0.074051 0.021569
0 0.865442 0.684148 0.082376 0.021569
0 0.943526 0.683475 0.069797 0.022915
0 0.048569 0.709837 0.053588 0.021569
3 0.095806 0.709919 0.038545 0.021405
1 0.137487 0.711798 0.028788 0.017647
3 0.181437 0.709919 0.041667 0.021405
0 0.247438 0.709837 0.083433 0.021569
0 0.335193 0.709837 0.086555 0.021569
0 0.419027 0.709837 0.074425 0.021569
0 0.488523 0.709837 0.055694 0.021569
0 0.552946 0.709837 0.060697 0.021569
0 0.615779 0.709837 0.057576 0.021569
0 0.670198 0.709837 0.047344 0.021569
0 0.719008 0.709837 0.043182 0.021569
0 0.782548 0.709837 0.074051 0.021569
0 0.865442 0.709837 0.082376 0.021569
0 0.943526 0.709164 0.069797 0.022915
0 0.048569 0.736140 0.053588 0.021569
3 0.095806 0.736222 0.038545 0.021405
1 0.137487 0.738101 0.028788 0.017647
3 0.181437 0.736222 0.041667 0.021405
0 0.247438 0.736140 0.083433 0.021569
0 0.335193 0.736140 0.086555 0.021569
0 0.419027 0.736140 0.074425 0.021569
0 0.488523 0.736140 0.055694 0.021569
0 0.552946 0.736140 0.060697 0.021569
0 0.615779 0.736140 0.057576 0.021569
0 0.670198 0.736140 0.047344 0.021569
0 0.719008 0.736140 0.043182 0.021569
0 0.782548 0.736140 0.074051 0.021569
0 0.865442 0.736140 0.082376 0.021569
0 0.943526 0.735467 0.069797 0.022915
0 0.048569 0.763463 0.053588 0.021569
3 0.095806 0.763545 0.038545 0.021405
1 0.137487 0.765424 0.028788 0.017647
3 0.181437 0.763545 0.041667 0.021405
0 0.247438 0.763463 0.083433 0.021569
0 0.335193 0.763463 0.086555 0.021569
0 0.419027 0.763463 0.074425 0.021569
0 0.488523 0.763463 0.055694 0.021569
0 0.552946 0.763463 0.060697 0.021569
0 0.615779 0.763463 0.057576 0.021569
0 0.670198 0.763463 0.047344 0.021569
0 0.719008 0.763463 0.043182 0.021569
0 0.782548 0.763463 0.074051 0.021569
0 0.865442 0.763463 0.082376 0.021569
0 0.943526 0.762790 0.069797 0.022915
0 0.048569 0.790652 0.053588 0.021569
3 0.095806 0.790734 0.038545 0.021405
1 0.137487 0.792613 0.028788 0.017647
3 0.181437 0.790734 0.041667 0.021405
0 0.247438 0.790652 0.083433 0.021569
0 0.335193 0.790652 0.086555 0.021569
0 0.419027 0.790652 0.074425 0.021569
0 0.488523 0.790652 0.055694 0.021569
0 0.552946 0.790652 0.060697 0.021569
0 0.615779 0.790652 0.057576 0.021569
0 0.670198 0.790652 0.047344 0.021569
0 0.719008 0.790652 0.043182 0.021569
0 0.782548 0.790652 0.074051 0.021569
0 0.865442 0.790652 0.082376 0.021569
0 0.943526 0.789979 0.069797 0.022915
0 0.048569 0.816342 0.053588 0.021569
3 0.095806 0.816424 0.038545 0.021405
1 0.137487 0.818303 0.028788 0.017647
3 0.181437 0.816424 0.041667 0.021405
0 0.247438 0.816342 0.083433 0.021569
0 0.335193 0.816342 0.086555 0.021569
0 0.419027 0.816342 0.074425 0.021569
0 0.488523 0.816342 0.055694 0.021569
0 0.552946 0.816342 0.060697 0.021569
0 0.615779 0.816342 0.057576 0.021569
0 0.670198 0.816342 0.047344 0.021569
0 0.719008 0.816342 0.043182 0.021569
0 0.782548 0.816342 0.074051 0.021569
0 0.865442 0.816342 0.082376 0.021569
0 0.943526 0.815669 0.069797 0.022915
0 0.048469 0.842207 0.053588 0.021569
3 0.095707 0.842289 0.038545 0.021405
1 0.137387 0.844168 0.028788 0.017647
3 0.181337 0.842289 0.041667 0.021405
0 0.247338 0.842207 0.083433 0.021569
0 0.335094 0.842207 0.086555 0.021569
0 0.418928 0.842207 0.074425 0.021569
0 0.488423 0.842207 0.055694 0.021569
0 0.552846 0.842207 0.060697 0.021569
0 0.615679 0.842207 0.057576 0.021569
0 0.670098 0.842207 0.047344 0.021569
0 0.718908 0.842207 0.043182 0.021569
0 0.782449 0.842207 0.074051 0.021569
0 0.865342 0.842207 0.082376 0.021569
0 0.943426 0.841534 0.069797 0.022915
0 0.048469 0.869396 0.053588 0.021569
3 0.095707 0.869478 0.038545 0.021405
1 0.137387 0.871357 0.028788 0.017647
3 0.181337 0.869478 0.041667 0.021405
0 0.247338 0.869396 0.083433 0.021569
0 0.335094 0.869396 0.086555 0.021569
0 0.418928 0.869396 0.074425 0.021569
0 0.488423 0.869396 0.055694 0.021569
0 0.552846 0.869396 0.060697 0.021569
0 0.615679 0.869396 0.057576 0.021569
0 0.670098 0.869396 0.047344 0.021569
0 0.718908 0.869396 0.043182 0.021569
0 0.782449 0.869396 0.074051 0.021569
0 0.865342 0.869396 0.082376 0.021569
0 0.943426 0.868723 0.069797 0.022915
0 0.048469 0.898353 0.053588 0.021569
3 0.095707 0.898435 0.038545 0.021405
1 0.137387 0.900314 0.028788 0.017647
3 0.181337 0.898435 0.041667 0.021405
0 0.247338 0.898353 0.083433 0.021569
0 0.335094 0.898353 0.086555 0.021569
0 0.418928 0.898353 0.074425 0.021569
0 0.488423 0.898353 0.055694 0.021569
0 0.552846 0.898353 0.060697 0.021569
0 0.615679 0.898353 0.057576 0.021569
0 0.670098 0.898353 0.047344 0.021569
0 0.718908 0.898353 0.043182 0.021569
0 0.782449 0.898353 0.074051 0.021569
0 0.865342 0.898353 0.082376 0.021569
0 0.943426 0.897680 0.069797 0.022915
5 0.372710 0.947567 0.117190 0.029066
5 0.508988 0.948449 0.119458 0.030829
5 0.645265 0.948419 0.118702 0.030769