1 0.610995 0.116034 0.016340 0.012626
1 0.610995 0.128490 0.016340 0.012626
1 0.610995 0.140766 0.016340 0.012626
1 0.611042 0.153056 0.016340 0.012626
1 0.611042 0.206980 0.016340 0.012626
1 0.611010 0.219770 0.016340 0.012626
1 0.775873 0.116600 0.016340 0.012626
1 0.776304 0.153056 0.016340 0.012626
1 0.776304 0.178539 0.016340 0.012626
1 0.776258 0.203149 0.016340 0.012626
1 0.776304 0.215498 0.016340 0.012626
0 0.785952 0.275711 0.353495 0.024212
1 0.610931 0.323980 0.016340 0.012626
1 0.782168 0.324052 0.016340 0.012626
0 0.315794 0.223623 0.396386 0.083465
0 0.360537 0.287975 0.306900 0.031639
0 0.318218 0.354485 0.563439 0.018109
0 0.785949 0.354224 0.358373 0.018109
0 0.315764 0.408350 0.563440 0.051251
1 0.783062 0.389553 0.016340 0.012626
1 0.611260 0.389524 0.016340 0.012626
0 0.786770 0.424016 0.358372 0.018109
0 0.352197 0.457437 0.359864 0.009419
0 0.351694 0.475876 0.359263 0.009419
0 0.351794 0.494245 0.359059 0.009419
0 0.351694 0.512240 0.359263 0.009419
0 0.760213 0.457581 0.408243 0.009419
0 0.760213 0.476020 0.408243 0.009419
0 0.760213 0.494388 0.408243 0.009419
0 0.760630 0.512384 0.407410 0.009419
0 0.351319 0.532913 0.360013 0.009419
0 0.760630 0.532913 0.407410 0.009419
0 0.351322 0.552788 0.360013 0.009419
0 0.761051 0.552813 0.407410 0.009419
1 0.684688 0.582799 0.016340 0.012626
1 0.617157 0.583107 0.016340 0.012626
0 0.499576 0.645842 0.928655 0.083764
1 0.042214 0.731586 0.016340 0.012626
1 0.042284 0.744292 0.016340 0.012626
1 0.042214 0.757105 0.016340 0.012626
1 0.042214 0.780349 0.016340 0.012626
1 0.042214 0.807755 0.016340 0.012626
1 0.553497 0.747072 0.016340 0.012626
1 0.553497 0.771116 0.016340 0.012626
1 0.553497 0.784159 0.016340 0.012626
1 0.553497 0.797129 0.016340 0.012626
0 0.805454 0.801602 0.253611 0.016516
0 0.251529 0.886497 0.317322 0.093682
0 0.757654 0.843652 0.415399 0.028835
0 0.665750 0.936557 0.232788 0.034293
0 0.878683 0.942135 0.173343 0.024104
0 0.881728 0.231057 0.163547 0.013653