0 0.614563 0.167461 0.227940 0.017566
0 0.855373 0.166828 0.231616 0.018832
1 0.426662 0.170196 0.014706 0.011364
1 0.426663 0.155203 0.014706 0.011364
1 0.217096 0.170196 0.014706 0.011364
0 0.198132 0.215669 0.277828 0.018832
0 0.448132 0.215669 0.189593 0.018832
3 0.584804 0.217548 0.065882 0.022232
3 0.853134 0.215669 0.232029 0.018832
0 0.676417 0.216152 0.107842 0.017866
0 0.136623 0.266042 0.154413 0.022323
0 0.256641 0.266087 0.062093 0.022232
1 0.305116 0.251169 0.014706 0.011364
1 0.305116 0.266659 0.014706 0.011364
1 0.363940 0.266659 0.014706 0.011364
0 0.512633 0.457003 0.904024 0.018653
1 0.071585 0.686107 0.013072 0.010101
1 0.071585 0.639020 0.013072 0.010101
1 0.071585 0.595710 0.013072 0.010101
1 0.071585 0.564264 0.013072 0.010101
0 0.466790 0.691879 0.316377 0.031736
0 0.467098 0.646480 0.316994 0.035250
0 0.467098 0.602564 0.316994 0.031751
0 0.467098 0.561010 0.316994 0.022323
1 0.930333 0.563510 0.014706 0.011364
1 0.930333 0.607154 0.014706 0.011364
1 0.930333 0.697681 0.014706 0.011364
1 0.930333 0.652999 0.014706 0.011364
0 0.432584 0.850967 0.702214 0.022323
0 0.432584 0.814306 0.702214 0.022412
1 0.930333 0.810386 0.014706 0.011364
1 0.930333 0.847548 0.014706 0.011364
0 0.854145 0.850943 0.117647 0.022371
0 0.854145 0.814326 0.117647 0.022371
0 0.854145 0.885664 0.117647 0.022371
0 0.854145 0.922596 0.117647 0.022371
0 0.432584 0.922620 0.702214 0.022323
0 0.432581 0.885644 0.702214 0.022412
1 0.930333 0.881725 0.014706 0.011364
1 0.930333 0.919201 0.014706 0.011364
2 0.071402 0.777125 0.014706 0.011364
2 0.134528 0.777125 0.014706 0.011364
0 0.218426 0.347065 0.270217 0.018653
0 0.453217 0.346975 0.181386 0.018832
3 0.586422 0.348855 0.069118 0.022232
3 0.853534 0.346184 0.235294 0.017250
0 0.345261 0.393936 0.314340 0.018653
0 0.602423 0.393847 0.185670 0.018832
3 0.789806 0.395726 0.166670 0.022232
0 0.926242 0.393936 0.089879 0.018653
0 0.676417 0.347641 0.107842 0.017500
2 0.093023 0.383220 0.014706 0.011364
2 0.093023 0.397313 0.014706 0.011364
0 0.338331 0.168635 0.144433 0.021346
0 0.131202 0.168635 0.144433 0.021346
0 0.780007 0.698498 0.279412 0.018500
0 0.780007 0.653052 0.279412 0.022105
0 0.781359 0.609182 0.279412 0.018515
0 0.781359 0.561222 0.279412 0.021899
2 0.449814 0.509229 0.014706 0.011364
2 0.512944 0.509232 0.014706 0.011364
0 0.876504 0.949922 0.188747 0.017261