0 0.873341 0.941713 0.188747 0.017261
1 0.562093 0.564606 0.014706 0.011364
3 0.220588 0.541808 0.323529 0.022232
3 0.556950 0.541808 0.319783 0.022232
1 0.745913 0.145673 0.014706 0.011364
3 0.696709 0.176135 0.065359 0.022412
0 0.575164 0.174828 0.160129 0.017866
0 0.165750 0.174196 0.213853 0.019130
0 0.383989 0.174345 0.212423 0.018832
0 0.854048 0.174435 0.233070 0.018653
0 0.213235 0.213741 0.308824 0.022323
1 0.392974 0.213561 0.014706 0.011364
0 0.595752 0.213741 0.308495 0.022323
1 0.775327 0.214825 0.014706 0.011364
1 0.300456 0.249205 0.014706 0.011364
1 0.505935 0.249205 0.014706 0.011364
1 0.070261 0.249205 0.014706 0.011364
1 0.070261 0.267830 0.014706 0.011364
0 0.728818 0.267831 0.473332 0.021467
1 0.300456 0.267830 0.014706 0.011364
2 0.070261 0.303801 0.014706 0.011364
2 0.070261 0.322441 0.014706 0.011364
2 0.300456 0.305075 0.014706 0.011364
2 0.300456 0.322441 0.014706 0.011364
2 0.505935 0.305075 0.014706 0.011364
2 0.505935 0.322441 0.014706 0.011364
0 0.830271 0.322441 0.270425 0.021467
0 0.838228 0.374224 0.257364 0.021467
1 0.521243 0.374222 0.014706 0.011364
1 0.521243 0.355914 0.014706 0.011364
1 0.070261 0.355915 0.014706 0.011364
0 0.396776 0.374224 0.213801 0.021467
1 0.070261 0.374222 0.014706 0.011364
0 0.192663 0.431684 0.260242 0.017420
0 0.462559 0.431684 0.270288 0.017420
0 0.729923 0.431684 0.255180 0.017420
3 0.915208 0.431684 0.110760 0.020999
0 0.192663 0.452248 0.260242 0.016551
0 0.462559 0.452248 0.270288 0.016551
0 0.729923 0.452248 0.255180 0.016551
3 0.915208 0.452248 0.110760 0.020129
0 0.192663 0.472376 0.260242 0.016551
0 0.462559 0.472376 0.270288 0.016551
0 0.729923 0.472376 0.255180 0.016551
3 0.915208 0.472376 0.110760 0.020129
0 0.192663 0.492162 0.260242 0.015864
0 0.462559 0.492162 0.270288 0.015864
0 0.729923 0.492162 0.255180 0.015864
3 0.915208 0.492162 0.110760 0.019442
1 0.209152 0.595859 0.014706 0.011364
0 0.126839 0.590926 0.136031 0.020596
1 0.209152 0.564606 0.014706 0.011364
0 0.191176 0.643569 0.264706 0.018653
0 0.433825 0.643479 0.205882 0.018832
3 0.579412 0.645359 0.076471 0.022232
3 0.850491 0.643479 0.240194 0.018832
0 0.673185 0.643962 0.102163 0.017866
1 0.879059 0.615369 0.014706 0.011364
0 0.274509 0.744516 0.431371 0.018410
1 0.507353 0.748313 0.014706 0.011364
0 0.191176 0.806034 0.264706 0.018653
0 0.433825 0.806427 0.205882 0.017866
3 0.579412 0.807823 0.076471 0.022232
3 0.850491 0.805944 0.240194 0.018832
0 0.673185 0.807150 0.102163 0.016419
1 0.875788 0.772880 0.014706 0.011364
2 0.070809 0.865408 0.014706 0.011364
2 0.070809 0.846664 0.014706 0.011364
2 0.139471 0.865408 0.014706 0.011364
0 0.599673 0.861599 0.728758 0.023682
2 0.070809 0.699967 0.014706 0.011364
2 0.070809 0.682921 0.014706 0.011364
2 0.139474 0.699967 0.014706 0.011364
3 0.808824 0.591070 0.323529 0.018832
0 0.514706 0.591070 0.235294 0.018832
0 0.918300 0.697849 0.104577 0.022232
0 0.389708 0.697849 0.264706 0.022232
0 0.617649 0.697759 0.161765 0.022412
3 0.779412 0.697849 0.147059 0.022232