0 0.873341 0.941713 0.188747 0.017261
2 0.087873 0.399768 0.014706 0.011364
2 0.087873 0.382724 0.014706 0.011364
1 0.263467 0.167373 0.014706 0.011364
0 0.592717 0.397419 0.750000 0.022232
0 0.748232 0.209796 0.438971 0.021467
2 0.263467 0.232519 0.014706 0.011364
2 0.508567 0.232519 0.014706 0.011364
2 0.729155 0.232519 0.014706 0.011364
2 0.263467 0.251463 0.014706 0.011364
0 0.744556 0.251460 0.431619 0.021467
0 0.146703 0.333900 0.142029 0.023710
1 0.236510 0.334729 0.014706 0.011364
0 0.617229 0.333900 0.181376 0.023710
1 0.721804 0.334729 0.014706 0.011364
0 0.867226 0.333511 0.200982 0.024487
3 0.399910 0.330518 0.232029 0.017953
3 0.234873 0.525192 0.318629 0.023710
0 0.592717 0.587595 0.750000 0.022232
2 0.087873 0.589163 0.014706 0.011364
2 0.087873 0.572119 0.014706 0.011364
0 0.168861 0.477207 0.185948 0.023710
1 0.273471 0.478035 0.014706 0.011364
0 0.522768 0.525192 0.247359 0.023710
1 0.694838 0.526020 0.014706 0.011364
0 0.857323 0.524803 0.220788 0.024487
2 0.329650 0.462830 0.014706 0.011364
2 0.329650 0.479232 0.014706 0.011364
2 0.452198 0.462830 0.014706 0.011364
2 0.562490 0.462830 0.014706 0.011364
2 0.452198 0.479232 0.014706 0.011364
0 0.861422 0.462835 0.212590 0.021467
3 0.220167 0.754794 0.289217 0.023710
0 0.592717 0.818658 0.750000 0.022232
2 0.087873 0.820226 0.014706 0.011364
2 0.087873 0.803182 0.014706 0.011364
0 0.227685 0.653995 0.303595 0.022323
1 0.390920 0.655065 0.014706 0.011364
0 0.506934 0.754794 0.259806 0.023710
1 0.655626 0.755623 0.014706 0.011364
0 0.839038 0.754405 0.257355 0.024487
2 0.087325 0.689792 0.014706 0.011364
2 0.087325 0.706195 0.014706 0.011364
2 0.301392 0.690004 0.014706 0.011364
2 0.301392 0.706195 0.014706 0.011364
2 0.437492 0.689792 0.014706 0.011364
0 0.794181 0.689795 0.337268 0.021467
0 0.628253 0.653995 0.384807 0.022323
1 0.839451 0.655065 0.014706 0.011364
2 0.263500 0.191520 0.014706 0.011364
2 0.435070 0.191520 0.014706 0.011364
2 0.574778 0.191520 0.014706 0.011364
2 0.729188 0.191520 0.014706 0.011364
2 0.263500 0.210465 0.014706 0.011364
1 0.832096 0.167373 0.014706 0.011364
1 0.724250 0.167373 0.014706 0.011364
1 0.351703 0.167373 0.014706 0.011364