2 0.069123 0.236130 0.014706 0.011364
2 0.069123 0.251756 0.014706 0.011364
2 0.069123 0.266362 0.014706 0.011364
2 0.495913 0.116556 0.014706 0.011364
2 0.710013 0.116552 0.014706 0.011364
0 0.918671 0.263611 0.104577 0.022232
0 0.360889 0.263611 0.352941 0.022232
0 0.618515 0.263522 0.132899 0.022412
3 0.776266 0.263611 0.166670 0.022232
0 0.210153 0.197087 0.301472 0.018653
0 0.463827 0.196997 0.176471 0.018832
3 0.599859 0.198876 0.066175 0.022232
3 0.864563 0.196997 0.213237 0.018832
0 0.699123 0.197480 0.102941 0.017866
0 0.876805 0.949969 0.188747 0.017261