1 0.336851 0.361811 0.016340 0.012626
1 0.547551 0.361811 0.016340 0.012626
1 0.772145 0.361811 0.016340 0.012626
1 0.553109 0.443246 0.016340 0.012626
1 0.747874 0.443246 0.016340 0.012626
1 0.553109 0.590111 0.016340 0.012626
1 0.747874 0.590111 0.016340 0.012626
0 0.385178 0.410975 0.687912 0.016418
0 0.267322 0.465987 0.452199 0.064545
0 0.726920 0.553400 0.435062 0.042448
0 0.268758 0.559538 0.455072 0.032033
0 0.491583 0.611274 0.900722 0.016106
0 0.266444 0.717097 0.450444 0.064545
0 0.619886 0.696600 0.220995 0.016106
0 0.842110 0.696600 0.207953 0.016106
0 0.727738 0.736407 0.436698 0.031510
0 0.393377 0.840419 0.218157 0.013242
0 0.219986 0.831067 0.104168 0.016106
1 0.053155 0.830222 0.016340 0.012626
1 0.053155 0.806073 0.016340 0.012626
0 0.267924 0.926153 0.453404 0.064545
0 0.618659 0.904381 0.218541 0.016106
0 0.842921 0.904381 0.208740 0.016106
0 0.731420 0.943026 0.444062 0.032559
0 0.612073 0.840419 0.205368 0.013242
0 0.798315 0.490272 0.072302 0.013242
0 0.601769 0.490272 0.072302 0.013242
0 0.810631 0.840419 0.111487 0.013242
0 0.827375 0.411131 0.113917 0.016106