0 0.316669 0.099653 0.511802 0.026087
0 0.688030 0.100697 0.157997 0.026087
0 0.885189 0.100697 0.155296 0.026087
0 0.201210 0.146089 0.278183 0.027131
0 0.512478 0.146089 0.276833 0.027131
0 0.825771 0.145046 0.271431 0.029218
0 0.357857 0.191481 0.588776 0.026087
0 0.826447 0.191481 0.272781 0.026087
0 0.513828 0.240003 0.908821 0.037566
1 0.068860 0.299702 0.029412 0.022727
1 0.068991 0.322732 0.029412 0.022727
0 0.501675 0.315135 0.247124 0.031305
0 0.816994 0.314092 0.229568 0.029218
0 0.513153 0.385049 0.893967 0.027131
0 0.244423 0.448702 0.089127 0.025044
0 0.559067 0.450267 0.086426 0.024000
0 0.821045 0.449746 0.089127 0.025044
1 0.074926 0.518207 0.029412 0.022727
1 0.072700 0.556040 0.029412 0.022727
0 0.796062 0.546790 0.344353 0.093914
0 0.253876 0.640183 0.375412 0.024000
0 0.564468 0.639661 0.189056 0.022957
0 0.821720 0.639140 0.279533 0.021913
4 0.194507 0.698056 0.245097 0.031806
0 0.823746 0.691314 0.278183 0.032348
1 0.073292 0.878890 0.029412 0.022727
1 0.235011 0.879920 0.029412 0.022727
4 0.184863 0.923052 0.245097 0.040404
0 0.418542 0.923044 0.138273 0.028924
1 0.548067 0.878774 0.029412 0.022727
1 0.723291 0.879347 0.029412 0.022727
4 0.655930 0.924198 0.245098 0.040404
0 0.893172 0.921193 0.138273 0.028924
5 0.267380 0.973579 0.153946 0.025044
5 0.473991 0.974623 0.151245 0.025044
5 0.675877 0.974101 0.149895 0.024000