0 0.245915 0.344066 0.328431 0.023990
0 0.553922 0.344066 0.228758 0.023990
0 0.812908 0.343434 0.240196 0.022727
2 0.152778 0.391414 0.037582 0.025253
1 0.332516 0.418561 0.037582 0.023990
1 0.331699 0.444445 0.039216 0.022727
1 0.331699 0.469697 0.035948 0.020202
0 0.702197 0.472400 0.440898 0.039185
2 0.152835 0.477843 0.040850 0.023947
2 0.150327 0.537248 0.039216 0.021465
2 0.521242 0.535985 0.039216 0.023990
0 0.290033 0.575126 0.419935 0.023990
0 0.749386 0.576350 0.374693 0.027212
2 0.148693 0.638889 0.035948 0.022727
2 0.332516 0.638258 0.037582 0.021465
2 0.589508 0.638393 0.038033 0.020681
2 0.714052 0.640152 0.042484 0.022727
2 0.149510 0.707702 0.037582 0.021465
2 0.331699 0.707702 0.039216 0.021465
2 0.592320 0.705808 0.037582 0.022727
2 0.711601 0.707071 0.040850 0.022727
2 0.148693 0.763889 0.039216 0.022727
2 0.333333 0.762626 0.042484 0.022727
2 0.591503 0.763258 0.039216 0.023990
2 0.714052 0.763258 0.039216 0.021465
0 0.642974 0.853535 0.217320 0.020202
0 0.860294 0.854167 0.148693 0.021465
0 0.292484 0.919823 0.411765 0.046717
0 0.729575 0.916035 0.403595 0.059343
5 0.337365 0.982897 0.119733 0.021770
5 0.617680 0.982353 0.116915 0.022858