2 0.703750 0.116333 0.014706 0.011364
2 0.772247 0.116333 0.014706 0.011364
1 0.371507 0.229921 0.014706 0.011364
0 0.514024 0.195409 0.908583 0.022388
0 0.699105 0.230253 0.544052 0.018653
0 0.192080 0.279915 0.265327 0.018951
3 0.372358 0.281794 0.080000 0.022351
3 0.668997 0.279915 0.233863 0.018951
0 0.480966 0.280398 0.107804 0.017985
1 0.371704 0.371965 0.014706 0.011364
0 0.514319 0.337453 0.908583 0.022388
0 0.699307 0.372297 0.544052 0.018653
0 0.192279 0.421959 0.265327 0.018951
3 0.372557 0.423838 0.080000 0.022351
3 0.669196 0.421959 0.233863 0.018951
0 0.481165 0.422442 0.107804 0.017985
1 0.371704 0.514011 0.014706 0.011364
0 0.514319 0.479499 0.908583 0.022388
0 0.699307 0.514344 0.544052 0.018653
0 0.192279 0.564006 0.265327 0.018951
3 0.372557 0.565885 0.080000 0.022351
3 0.669196 0.564006 0.233863 0.018951
0 0.481165 0.564489 0.107804 0.017985
1 0.371704 0.656056 0.014706 0.011364
0 0.514319 0.621544 0.908583 0.022388
0 0.699307 0.656388 0.544052 0.018653
0 0.192279 0.706050 0.265327 0.018951
3 0.372557 0.707929 0.080000 0.022351
3 0.669196 0.706050 0.233863 0.018951
0 0.481165 0.706533 0.107804 0.017985
0 0.208643 0.231996 0.296877 0.022327
0 0.209047 0.374040 0.296877 0.022327
0 0.209047 0.516087 0.296877 0.022327
0 0.209047 0.658131 0.296877 0.022327
0 0.876805 0.949979 0.188747 0.017261