0 0.323126 0.261852 0.399195 0.147648
0 0.778729 0.199458 0.364124 0.017172
0 0.779094 0.232446 0.364701 0.018182
0 0.680355 0.267957 0.168711 0.018182
0 0.885220 0.267957 0.166096 0.018182
0 0.776354 0.302207 0.360786 0.019192
0 0.777579 0.335035 0.362011 0.020202
0 0.683213 0.434968 0.222005 0.024216
0 0.864393 0.438544 0.094528 0.015278
0 0.263934 0.469642 0.467433 0.021213
0 0.263612 0.504207 0.466789 0.023232
0 0.157526 0.539761 0.254534 0.020351
0 0.334462 0.539760 0.092681 0.020351
0 0.441502 0.538773 0.111217 0.020351
0 0.737434 0.469323 0.467433 0.021212
0 0.736429 0.503414 0.467433 0.021212
0 0.074052 0.645670 0.085789 0.018958
0 0.161958 0.645282 0.086939 0.018119
0 0.073047 0.675900 0.083289 0.017172
0 0.162493 0.675900 0.081867 0.017172
0 0.072434 0.705099 0.084105 0.018182
0 0.162493 0.705427 0.081867 0.016629
0 0.073251 0.733722 0.083779 0.017092
2 0.510754 0.411570 0.020440 0.015059
0 0.161456 0.733509 0.085140 0.019444
5 0.371698 0.961444 0.112418 0.030303
5 0.498054 0.961444 0.112745 0.030303
5 0.627140 0.961759 0.112745 0.030303
2 0.717053 0.411938 0.021391 0.016529
2 0.510516 0.428467 0.020915 0.015794
4 0.273367 0.416183 0.444753 0.032288
0 0.071237 0.761008 0.084105 0.018182
0 0.161296 0.761336 0.081866 0.016629
0 0.072054 0.789904 0.083779 0.017639
0 0.160259 0.789418 0.085140 0.019444