2 0.069875 0.110744 0.023767 0.017997
2 0.069162 0.133517 0.023292 0.017999
2 0.069875 0.156474 0.022817 0.018365
0 0.147980 0.194130 0.232389 0.017832
0 0.147053 0.228082 0.232390 0.017832
2 0.304315 0.230524 0.022247 0.018513
2 0.452622 0.230083 0.024528 0.018513
0 0.784940 0.227903 0.367662 0.019556
0 0.301496 0.260956 0.541031 0.022293
0 0.300648 0.292829 0.541032 0.024726
0 0.300648 0.323132 0.541032 0.024726
2 0.069519 0.388704 0.024955 0.019284
2 0.511586 0.389255 0.024956 0.018182
2 0.069162 0.422864 0.024242 0.017080
2 0.512654 0.423140 0.025668 0.019835
4 0.500060 0.473095 0.465835 0.029384
0 0.855645 0.473806 0.226773 0.026135
2 0.783956 0.598621 0.027807 0.022588
2 0.858821 0.598897 0.029234 0.023140
2 0.931192 0.598071 0.028521 0.021487
2 0.784312 0.719558 0.027095 0.020937
2 0.859535 0.720384 0.029234 0.021487
2 0.931637 0.721004 0.029412 0.022727
2 0.785471 0.751857 0.029412 0.022727
2 0.861763 0.751307 0.029412 0.022727
2 0.932351 0.752409 0.029412 0.022727
2 0.785471 0.787120 0.029412 0.022727
2 0.863189 0.788221 0.029412 0.022727
2 0.933064 0.787120 0.029412 0.022727
2 0.784758 0.828993 0.029412 0.022727
2 0.861763 0.830095 0.029412 0.022727
2 0.932351 0.828993 0.029412 0.022727
2 0.786183 0.876375 0.029412 0.022728
2 0.860337 0.878028 0.029412 0.022728
2 0.933064 0.877477 0.029412 0.022727
5 0.353995 0.940976 0.096078 0.034008
5 0.468046 0.940976 0.096078 0.034008
5 0.581266 0.940976 0.096078 0.034810