0 0.535227 0.204167 0.793182 0.030106
0 0.223295 0.244690 0.250000 0.030107
0 0.540909 0.245976 0.250000 0.030107
0 0.784091 0.245976 0.068182 0.030107
0 0.552557 0.315931 0.758523 0.030106
0 0.513494 0.356454 0.836648 0.030107
0 0.116071 0.552941 0.136364 0.030107
0 0.251623 0.552941 0.113636 0.030107
0 0.380357 0.552941 0.090909 0.030107
0 0.507955 0.552941 0.113636 0.030107
0 0.635552 0.552941 0.090909 0.030107
0 0.763149 0.552941 0.113636 0.030107
0 0.890747 0.552941 0.113636 0.030107
0 0.116071 0.588235 0.136364 0.030107
0 0.251623 0.588235 0.113636 0.030107
0 0.380357 0.588235 0.090909 0.030107
0 0.507955 0.588235 0.113636 0.030107
0 0.635552 0.588235 0.090909 0.030107
0 0.763149 0.588235 0.113636 0.030107
0 0.890747 0.588235 0.113636 0.030107
0 0.116071 0.623529 0.136364 0.030107
0 0.251623 0.623529 0.113636 0.030107
0 0.380357 0.623529 0.090909 0.030107
0 0.507955 0.623529 0.113636 0.030107
0 0.635552 0.623529 0.090909 0.030107
0 0.763149 0.623529 0.113636 0.030107
0 0.890747 0.623529 0.113636 0.030107
0 0.116071 0.658824 0.136364 0.030106
0 0.251623 0.658824 0.113636 0.030106
0 0.380357 0.658824 0.090909 0.030106
0 0.507955 0.658824 0.113636 0.030106
0 0.635552 0.658824 0.090909 0.030106
0 0.763149 0.658824 0.113636 0.030106
0 0.890747 0.658824 0.113636 0.030106
0 0.116071 0.694118 0.136364 0.030107
0 0.251623 0.694118 0.113636 0.030107
0 0.380357 0.694118 0.090909 0.030107
0 0.507955 0.694118 0.113636 0.030107
0 0.635552 0.694118 0.090909 0.030107
0 0.763149 0.694118 0.113636 0.030107
0 0.890747 0.694118 0.113636 0.030107
0 0.613636 0.886070 0.636364 0.030107
5 0.277369 0.952953 0.144894 0.052235
5 0.457452 0.952953 0.144894 0.052235
5 0.635464 0.952953 0.144894 0.052235
0 0.814533 0.857845 0.001372 0.024865