0 0.873341 0.941713 0.188747 0.017261
0 0.279412 0.692835 0.441176 0.017566
0 0.737539 0.692201 0.460376 0.018832
0 0.202206 0.223590 0.286765 0.018653
0 0.443529 0.223501 0.181176 0.018832
3 0.578088 0.225380 0.080882 0.022232
3 0.854573 0.223501 0.232029 0.018832
0 0.677857 0.223984 0.107841 0.017866
0 0.202206 0.777842 0.286765 0.018653
0 0.443529 0.777752 0.181176 0.018832
3 0.578088 0.779631 0.080882 0.022232
3 0.854573 0.777752 0.232029 0.018832
0 0.680730 0.778235 0.107841 0.017866
0 0.150537 0.260302 0.183825 0.022323
0 0.288203 0.260347 0.062093 0.022232
1 0.364730 0.246532 0.014706 0.011364
1 0.364730 0.263260 0.014706 0.011364
1 0.434185 0.263260 0.014706 0.011364
0 0.211398 0.540236 0.261028 0.021446
0 0.383581 0.539842 0.062093 0.022232
1 0.436088 0.525715 0.014706 0.011364
0 0.213237 0.500254 0.264706 0.018653
0 0.443529 0.500165 0.181176 0.018832
3 0.578088 0.502044 0.080882 0.022232
3 0.854573 0.500165 0.232029 0.018832
0 0.677857 0.500648 0.107841 0.017866
1 0.436088 0.542429 0.014706 0.011364
1 0.494912 0.542429 0.014706 0.011364
2 0.090587 0.454624 0.014706 0.011364
2 0.171471 0.454624 0.014706 0.011364
1 0.438456 0.176042 0.014706 0.011364
1 0.438456 0.156152 0.014706 0.011364
0 0.805146 0.176189 0.330884 0.022323
0 0.805146 0.139311 0.330884 0.022323
1 0.356036 0.176295 0.014706 0.011364
1 0.356038 0.156407 0.014706 0.011364
0 0.295781 0.171543 0.099268 0.025068
1 0.175887 0.176295 0.014706 0.011364
0 0.108368 0.171543 0.099088 0.025068
1 0.069444 0.342173 0.014706 0.011364
0 0.223818 0.358036 0.134178 0.015928
1 0.307864 0.358035 0.014706 0.011364
0 0.414561 0.358036 0.120655 0.015928
1 0.491853 0.358035 0.014706 0.011364
0 0.643245 0.358036 0.198797 0.015928
0 0.857345 0.358036 0.220141 0.015928
0 0.223818 0.376508 0.134178 0.013859
1 0.307864 0.376508 0.014706 0.011364
0 0.414561 0.376508 0.120655 0.013859
1 0.491853 0.376508 0.014706 0.011364
0 0.643245 0.376508 0.198797 0.013859
0 0.857345 0.376508 0.220141 0.013859
0 0.223818 0.394979 0.134178 0.015928
1 0.307864 0.394979 0.014706 0.011364
0 0.414561 0.394979 0.120655 0.015928
1 0.491853 0.394979 0.014706 0.011364
0 0.643245 0.394979 0.198797 0.015928
0 0.857345 0.394979 0.220141 0.015928
0 0.223818 0.414486 0.134178 0.015928
1 0.307864 0.414485 0.014706 0.011364
0 0.414561 0.414486 0.120655 0.015928
1 0.491853 0.414485 0.014706 0.011364
0 0.643245 0.414486 0.198797 0.015928
0 0.857345 0.414486 0.220141 0.015928
0 0.544115 0.729225 0.235289 0.022323
0 0.699754 0.729270 0.062093 0.022232
1 0.806103 0.731224 0.014706 0.011364
1 0.747279 0.731224 0.014706 0.011364
1 0.747279 0.714645 0.014706 0.011364
0 0.238971 0.729664 0.360296 0.021446
1 0.335515 0.714645 0.014706 0.011364
0 0.241725 0.611324 0.255511 0.018653
0 0.467330 0.611234 0.181386 0.018832
3 0.599431 0.613114 0.069118 0.022232
3 0.863970 0.610443 0.213237 0.017250
0 0.364891 0.658196 0.273895 0.018653
0 0.601830 0.658107 0.185670 0.018832
3 0.789212 0.659986 0.166670 0.022232
0 0.925649 0.658196 0.089879 0.018653
0 0.694852 0.611717 0.107842 0.017866
2 0.123675 0.647963 0.014706 0.011364
2 0.123675 0.662057 0.014706 0.011364
0 0.217833 0.852802 0.270217 0.018653
0 0.452624 0.852713 0.181386 0.018832
3 0.592080 0.854592 0.069118 0.022232
3 0.863970 0.851922 0.213237 0.017250
0 0.344668 0.899674 0.314340 0.018653
0 0.601830 0.899584 0.185670 0.018832
3 0.789212 0.901463 0.166670 0.022232
0 0.925649 0.899674 0.089879 0.018653
0 0.691174 0.853196 0.107842 0.017866
2 0.092430 0.889441 0.014706 0.011364
2 0.092430 0.903534 0.014706 0.011364