0 0.205882 0.404546 0.088235 0.023264
0 0.499510 0.404546 0.176471 0.023264
0 0.794118 0.404546 0.176471 0.023264
0 0.205882 0.440909 0.088235 0.023264
0 0.499510 0.440909 0.176471 0.023264
0 0.794118 0.440909 0.176471 0.023264
0 0.205882 0.477273 0.088235 0.023264
0 0.499510 0.477273 0.176471 0.023264
0 0.794118 0.477273 0.176471 0.023264
0 0.205882 0.513636 0.088235 0.023264
0 0.499510 0.513636 0.176471 0.023264
0 0.794118 0.513636 0.176471 0.023264
0 0.205882 0.550000 0.088235 0.023264
0 0.499510 0.550000 0.176471 0.023264
0 0.794118 0.550000 0.176471 0.023264
0 0.205882 0.586364 0.088235 0.023264
0 0.499510 0.586364 0.176471 0.023264
0 0.794118 0.586364 0.176471 0.023264
0 0.205882 0.622727 0.117647 0.023264
0 0.499510 0.622727 0.176471 0.023264
0 0.794118 0.622727 0.176471 0.023264
0 0.491176 0.834690 0.841176 0.181818