0 0.286471 0.758333 0.140784 0.021515
0 0.429118 0.781288 0.137451 0.065909
0 0.286471 0.781061 0.140784 0.020909
0 0.286471 0.803636 0.140784 0.021212
0 0.754510 0.758333 0.135686 0.021515
0 0.897255 0.781288 0.142745 0.065909
0 0.754510 0.781061 0.135686 0.020909
0 0.754510 0.803636 0.135686 0.021212
0 0.611863 0.061419 0.156274 0.025951
3 0.831551 0.054500 0.271302 0.034619
0 0.258298 0.127576 0.448074 0.028649
0 0.612032 0.131566 0.245400 0.020386
0 0.854813 0.131588 0.222407 0.020386
0 0.257549 0.175909 0.451961 0.036364
0 0.588333 0.179091 0.202549 0.030000
0 0.831078 0.179091 0.276274 0.030000
0 0.257549 0.222803 0.451961 0.033788
0 0.588333 0.227500 0.202941 0.024394
0 0.831078 0.224663 0.275882 0.030068
0 0.162941 0.268333 0.262745 0.033636
0 0.728137 0.268333 0.481765 0.033636
0 0.135000 0.316970 0.206863 0.036364
0 0.529510 0.317520 0.084510 0.036364
0 0.639804 0.316970 0.128627 0.036364
0 0.772157 0.316970 0.128627 0.036364
0 0.904608 0.316970 0.128823 0.036364
0 0.257549 0.381136 0.452745 0.023788
0 0.135000 0.417500 0.207647 0.023485
0 0.362843 0.417500 0.242157 0.023485
0 0.595784 0.417500 0.217451 0.023485
0 0.838431 0.417500 0.261961 0.023485
0 0.135000 0.458409 0.207255 0.032576
0 0.346961 0.458409 0.210000 0.032576
0 0.579804 0.458409 0.249020 0.032576
0 0.838431 0.458409 0.261569 0.032576
0 0.135000 0.503864 0.207255 0.032576
0 0.346961 0.503864 0.210000 0.032576
0 0.709608 0.556414 0.111373 0.036364
0 0.527157 0.627121 0.143333 0.034409
0 0.910784 0.621540 0.115686 0.043617
0 0.301667 0.675455 0.540196 0.036364
0 0.772255 0.675455 0.393529 0.036364
0 0.264902 0.838333 0.467843 0.023030
0 0.264902 0.875909 0.467451 0.026667
0 0.264902 0.913368 0.467843 0.022121
0 0.735490 0.875152 0.466274 0.097576
3 0.391087 0.274104 0.180748 0.020294
3 0.362626 0.321763 0.239216 0.024152
0 0.726053 0.381542 0.478413 0.023788
3 0.579321 0.509090 0.248485 0.021396
3 0.836362 0.509365 0.255616 0.021396
3 0.134046 0.560329 0.204278 0.029660
3 0.346621 0.560614 0.204278 0.029660
3 0.551873 0.555930 0.192260 0.037481
3 0.869082 0.555726 0.196055 0.037480
3 0.131564 0.618044 0.196055 0.046766
3 0.346305 0.627330 0.200482 0.029660
3 0.671103 0.627086 0.135333 0.033081
3 0.795077 0.622931 0.105605 0.041880