0 0.123529 0.708586 0.088235 0.023264
0 0.250980 0.708586 0.105882 0.023264
0 0.376471 0.708586 0.105882 0.023264
0 0.501961 0.708586 0.105882 0.023264
0 0.627451 0.708586 0.105882 0.023264
0 0.752941 0.708586 0.105882 0.023264
0 0.878431 0.708586 0.105882 0.023264
0 0.123529 0.734849 0.088235 0.023264
0 0.250980 0.734849 0.105882 0.023264
0 0.376471 0.734849 0.105882 0.023264
0 0.501961 0.734849 0.105882 0.023264
0 0.627451 0.734849 0.105882 0.023264
0 0.752941 0.734849 0.105882 0.023264
0 0.878431 0.734849 0.105882 0.023264
0 0.123529 0.761111 0.088235 0.023264
0 0.250980 0.761111 0.105882 0.023264
0 0.376471 0.761111 0.105882 0.023264
0 0.501961 0.761111 0.105882 0.023264
0 0.627451 0.761111 0.105882 0.023264
0 0.752941 0.761111 0.105882 0.023264
0 0.878431 0.761111 0.105882 0.023264
0 0.123529 0.787374 0.088235 0.023264
0 0.250980 0.787374 0.105882 0.023264
0 0.376471 0.787374 0.105882 0.023264
0 0.501961 0.787374 0.105882 0.023264
0 0.627451 0.787374 0.105882 0.023264
0 0.752941 0.787374 0.105882 0.023264
0 0.878431 0.787374 0.105882 0.023264
0 0.123529 0.813636 0.088235 0.023264
0 0.250980 0.813636 0.105882 0.023264
0 0.376471 0.813636 0.105882 0.023264
0 0.501961 0.813636 0.105882 0.023264
0 0.627451 0.813636 0.105882 0.023264
0 0.752941 0.813636 0.105882 0.023264
0 0.878431 0.813636 0.105882 0.023264
0 0.123529 0.839899 0.088235 0.023264
0 0.250980 0.839899 0.105882 0.023264
0 0.376471 0.839899 0.105882 0.023264
0 0.501961 0.839899 0.105882 0.023264
0 0.627451 0.839899 0.105882 0.023264
0 0.752941 0.839899 0.105882 0.023264
0 0.878431 0.839899 0.105882 0.023264
0 0.123529 0.866162 0.088235 0.023264
0 0.250980 0.866162 0.105882 0.023264
0 0.376471 0.866162 0.105882 0.023264
0 0.501961 0.866162 0.105882 0.023264
0 0.627451 0.866162 0.105882 0.023264
0 0.752941 0.866162 0.105882 0.023264
0 0.878431 0.866162 0.105882 0.023264
0 0.123529 0.892424 0.088235 0.023264
0 0.250980 0.892424 0.105882 0.023264
0 0.376471 0.892424 0.105882 0.023264
0 0.501961 0.892424 0.105882 0.023264
0 0.627451 0.892424 0.105882 0.023264
0 0.752941 0.892424 0.105882 0.023264
0 0.878431 0.892424 0.105882 0.023264
0 0.123529 0.918687 0.088235 0.023264
0 0.250980 0.918687 0.105882 0.023264
0 0.376471 0.918687 0.105882 0.023264
0 0.501961 0.918687 0.105882 0.023264
0 0.627451 0.918687 0.105882 0.023264
0 0.752941 0.918687 0.105882 0.023264
0 0.878431 0.918687 0.105882 0.023264