0 0.511663 0.056101 0.909112 0.031452
0 0.735415 0.133158 0.469569 0.016487
0 0.264646 0.169883 0.469570 0.020908
0 0.638176 0.161117 0.276266 0.040197
0 0.877128 0.170970 0.190590 0.017119
0 0.264238 0.202960 0.471204 0.020905
0 0.740605 0.202960 0.474590 0.020905
1 0.860018 0.388179 0.019608 0.014343
1 0.931252 0.388035 0.019608 0.014345
1 0.859799 0.412917 0.020144 0.015152
1 0.931193 0.412856 0.019608 0.015152
1 0.859472 0.430899 0.019608 0.015152
1 0.931257 0.430624 0.019608 0.015152
1 0.859497 0.446823 0.019608 0.015152
1 0.931366 0.446566 0.019608 0.015152
1 0.859521 0.463711 0.019608 0.015152
1 0.931217 0.463504 0.019608 0.015152
1 0.859595 0.480152 0.019608 0.015152
1 0.931377 0.480283 0.019608 0.015152
1 0.859685 0.498193 0.019608 0.015152
1 0.931007 0.497711 0.019608 0.015152
1 0.859734 0.514953 0.019608 0.015152
1 0.930837 0.514393 0.019608 0.015152
1 0.859712 0.531672 0.019608 0.015151
1 0.931015 0.531350 0.019964 0.015152
1 0.859536 0.561790 0.019608 0.015152
1 0.930951 0.561712 0.019964 0.015152
1 0.859657 0.592458 0.019608 0.015152
1 0.930837 0.591866 0.019964 0.015152
1 0.859524 0.619138 0.019608 0.015152
1 0.930658 0.618944 0.019964 0.015152
0 0.317666 0.673407 0.301678 0.025721
0 0.326956 0.702234 0.278049 0.022515
0 0.369071 0.731006 0.196100 0.023314
0 0.515498 0.798157 0.913604 0.078280
0 0.145847 0.930877 0.224642 0.020907
0 0.382745 0.930706 0.231118 0.020907
0 0.738394 0.914323 0.472500 0.052397