0 0.873341 0.941713 0.188747 0.017261
0 0.170848 0.628852 0.220389 0.022323
0 0.321079 0.628898 0.062093 0.022232
1 0.071278 0.598011 0.014706 0.011364
1 0.071278 0.582544 0.014706 0.011364
0 0.478749 0.628852 0.222224 0.022323
0 0.630708 0.629636 0.062093 0.020755
0 0.782268 0.628852 0.214882 0.022323
0 0.937501 0.628898 0.066175 0.022232
1 0.378261 0.598011 0.014706 0.011364
1 0.378261 0.582544 0.014706 0.011364
1 0.685451 0.598011 0.014706 0.011364
1 0.685451 0.582544 0.014706 0.011364
0 0.104433 0.292442 0.087559 0.022323
1 0.181052 0.292259 0.014706 0.011364
0 0.275741 0.292442 0.080884 0.022323
1 0.376636 0.276461 0.014706 0.011364
1 0.376632 0.293525 0.014706 0.011364
2 0.468145 0.276461 0.014706 0.011364
2 0.468142 0.292878 0.014706 0.011364
2 0.593142 0.277097 0.014706 0.011364
2 0.593139 0.293515 0.014706 0.011364
0 0.876402 0.293534 0.188373 0.015207
0 0.207618 0.337855 0.293928 0.018653
0 0.453437 0.337766 0.183011 0.018832
3 0.592080 0.339645 0.069118 0.022232
3 0.863970 0.337766 0.213237 0.018832
0 0.691174 0.338249 0.107842 0.017866
0 0.600908 0.508980 0.183825 0.017136
0 0.170853 0.508222 0.220399 0.018653
0 0.397873 0.508132 0.207531 0.018832
3 0.739787 0.510011 0.067819 0.022232
1 0.071276 0.547663 0.014706 0.011364
1 0.171779 0.547663 0.014706 0.011364
1 0.255949 0.547663 0.014706 0.011364
1 0.356453 0.547663 0.014706 0.011364
1 0.518593 0.547663 0.014706 0.011364
0 0.840195 0.543979 0.260786 0.017888
0 0.207618 0.712011 0.293928 0.018653
0 0.453442 0.711921 0.183011 0.018832
3 0.592080 0.713801 0.069118 0.022232
3 0.863970 0.711921 0.213237 0.018832
0 0.692610 0.712404 0.107842 0.017866
0 0.327710 0.664814 0.534113 0.022323
1 0.613288 0.665876 0.014706 0.011364
0 0.847431 0.510018 0.121320 0.021947
1 0.926069 0.510419 0.014706 0.011364
0 0.217833 0.411968 0.270217 0.018653
0 0.452624 0.411878 0.181386 0.018832
3 0.592080 0.413758 0.069118 0.022232
3 0.863970 0.411087 0.213237 0.017250
0 0.344668 0.458840 0.314340 0.018653
0 0.601830 0.458751 0.185670 0.018832
3 0.789212 0.460630 0.166670 0.022232
0 0.925649 0.458840 0.089879 0.018653
0 0.691174 0.412361 0.107842 0.017866
0 0.217833 0.786968 0.270217 0.018653
0 0.452624 0.786878 0.181386 0.018832
3 0.592080 0.788758 0.069118 0.022232
3 0.863970 0.786087 0.213237 0.017250
0 0.691174 0.787361 0.107842 0.017866
2 0.092430 0.448615 0.014706 0.011364
2 0.092430 0.462701 0.014706 0.011364
0 0.344668 0.835337 0.314340 0.018653
0 0.601830 0.835247 0.185670 0.018832
3 0.789212 0.837126 0.166670 0.022232
0 0.925649 0.835337 0.089879 0.018653
2 0.092430 0.825110 0.014706 0.011364
2 0.092430 0.839196 0.014706 0.011364