0 0.873341 0.941713 0.188747 0.017261
0 0.170848 0.510953 0.220389 0.022323
0 0.321079 0.510999 0.062093 0.022232
1 0.071278 0.480112 0.014706 0.011364
1 0.071278 0.464645 0.014706 0.011364
0 0.478749 0.510953 0.222224 0.022323
0 0.630708 0.511737 0.062093 0.020755
0 0.782268 0.510953 0.214882 0.022323
0 0.937501 0.510999 0.066175 0.022232
1 0.378261 0.480112 0.014706 0.011364
1 0.378261 0.464645 0.014706 0.011364
1 0.685451 0.480112 0.014706 0.011364
1 0.685451 0.464645 0.014706 0.011364
0 0.104433 0.174543 0.087559 0.022323
1 0.181052 0.174360 0.014706 0.011364
0 0.275741 0.174543 0.080884 0.022323
1 0.376636 0.158562 0.014706 0.011364
1 0.376632 0.175626 0.014706 0.011364
0 0.875075 0.176031 0.191026 0.015999
0 0.207618 0.219956 0.293928 0.018653
0 0.453437 0.219867 0.183011 0.018832
3 0.592080 0.221746 0.069118 0.022232
3 0.863970 0.219867 0.213237 0.018832
0 0.691174 0.220350 0.107842 0.017866
0 0.600908 0.391080 0.183825 0.017136
0 0.170853 0.390321 0.220399 0.018653
0 0.397873 0.390232 0.207531 0.018832
3 0.739787 0.392111 0.067819 0.022232
1 0.071276 0.429764 0.014706 0.011364
1 0.171779 0.429764 0.014706 0.011364
1 0.255949 0.429764 0.014706 0.011364
1 0.356453 0.429764 0.014706 0.011364
1 0.518593 0.429764 0.014706 0.011364
0 0.840195 0.426080 0.260786 0.017888
0 0.207618 0.594112 0.293928 0.018653
0 0.453442 0.594022 0.183011 0.018832
3 0.592080 0.595902 0.069118 0.022232
3 0.863970 0.594022 0.213237 0.018832
0 0.692610 0.594505 0.107842 0.017866
0 0.327710 0.546915 0.534113 0.022323
1 0.613288 0.547977 0.014706 0.011364
0 0.847431 0.392119 0.121320 0.021947
1 0.926069 0.392520 0.014706 0.011364
0 0.217833 0.294069 0.270217 0.018653
0 0.452624 0.293979 0.181386 0.018832
3 0.592080 0.295859 0.069118 0.022232
3 0.863970 0.293188 0.213237 0.017250
0 0.344668 0.340941 0.314340 0.018653
0 0.601830 0.340852 0.185670 0.018832
3 0.789212 0.342731 0.166670 0.022232
0 0.925649 0.340941 0.089879 0.018653
0 0.691174 0.294462 0.107842 0.017866
0 0.217833 0.669069 0.270217 0.018653
0 0.452624 0.668979 0.181386 0.018832
3 0.592080 0.670859 0.069118 0.022232
3 0.863970 0.668188 0.213237 0.017250
0 0.691174 0.669462 0.107842 0.017866
2 0.092430 0.330716 0.014706 0.011364
2 0.092430 0.344802 0.014706 0.011364
0 0.344668 0.717438 0.314340 0.018653
0 0.601830 0.717348 0.185670 0.018832
3 0.789212 0.719227 0.166670 0.022232
0 0.925649 0.717438 0.089879 0.018653
2 0.092430 0.707211 0.014706 0.011364
2 0.092430 0.721297 0.014706 0.011364
2 0.468145 0.158562 0.014706 0.011364
2 0.468142 0.174979 0.014706 0.011364
2 0.593142 0.159198 0.014706 0.011364
2 0.593139 0.175616 0.014706 0.011364