0 0.208719 0.653125 0.027883 0.573381
0 0.208719 0.129567 0.027883 0.389036
0 0.208977 0.000000 0.027756 0.174531
0 0.255962 0.652678 0.023990 0.573529
0 0.301723 0.653117 0.024747 0.573531
0 0.256593 0.128858 0.022727 0.389869
0 0.256482 0.000000 0.023232 0.169935
0 0.301471 0.127620 0.025253 0.387580
0 0.301919 0.000000 0.024747 0.169935
1 0.351845 0.931883 0.014279 0.017766
1 0.351903 0.593559 0.013924 0.017765
1 0.336773 0.314236 0.014121 0.017766
1 0.336770 0.064237 0.013962 0.017970
1 0.351647 0.314134 0.014044 0.017768
1 0.351845 0.064237 0.014122 0.017970
0 0.342561 0.000000 0.033840 0.177288
1 0.366856 0.593751 0.014240 0.018175
1 0.367016 0.314234 0.014082 0.017765
0 0.497842 0.822450 0.035134 0.296569
0 0.503098 0.589606 0.019888 0.165441
0 0.503098 0.428454 0.019888 0.150737
0 0.502951 0.303269 0.020077 0.095384
0 0.503003 0.206762 0.019698 0.094935
1 0.498795 0.114985 0.025884 0.085580
1 0.498870 0.026904 0.025884 0.085172
1 0.498870 0.000000 0.025884 0.084763
1 0.498819 0.000000 0.025816 0.084850
0 0.525479 0.822858 0.033523 0.297386
0 0.532612 0.589606 0.018939 0.165441
0 0.532612 0.428760 0.018939 0.151350
0 0.532482 0.303594 0.018655 0.095384
0 0.532644 0.206843 0.018939 0.094771
1 0.526884 0.114936 0.026357 0.085580
1 0.526884 0.026904 0.026357 0.085172
1 0.526884 0.000000 0.026357 0.084763
1 0.526841 0.000000 0.026447 0.084850
0 0.555878 0.822858 0.032765 0.296569
0 0.560469 0.589606 0.018466 0.165441
0 0.560469 0.428760 0.018466 0.151350
0 0.560433 0.303228 0.018371 0.095384
0 0.560722 0.206741 0.018466 0.094567
1 0.555451 0.114936 0.026357 0.085580
1 0.555451 0.027109 0.026357 0.085172
1 0.555451 0.000000 0.026357 0.084763
1 0.555410 0.000000 0.026447 0.084850
0 0.582942 0.822756 0.032765 0.296774
0 0.589288 0.589361 0.018466 0.165441
0 0.589667 0.428760 0.018466 0.151350
0 0.589410 0.303208 0.018371 0.095588
0 0.589667 0.206741 0.018466 0.094567
1 0.583624 0.115038 0.026515 0.085784
1 0.583624 0.026904 0.026515 0.085172
1 0.583624 0.000000 0.026515 0.084763
1 0.583596 0.000000 0.026447 0.084850
0 0.610294 0.822450 0.033523 0.297386
0 0.616577 0.589096 0.019255 0.166054
0 0.616703 0.428556 0.019255 0.151350
0 0.616640 0.303126 0.019129 0.095343
0 0.616814 0.206537 0.018782 0.094567
1 0.611796 0.115038 0.026357 0.085784
1 0.611796 0.026905 0.026357 0.084763
1 0.611796 0.000000 0.026357 0.084967
1 0.611774 0.000000 0.026288 0.084848
1 0.663154 0.930947 0.014268 0.020301
1 0.662902 0.657726 0.013510 0.018954
0 0.662482 0.000000 0.018308 0.230229
0 0.704212 0.296116 0.015152 0.040033
0 0.704212 0.172260 0.015152 0.198203
0 0.697347 0.000000 0.036111 0.172876
0 0.703770 0.000000 0.015783 0.133987
5 0.731889 0.246858 0.029753 0.089840
5 0.752963 0.039905 0.029753 0.089840
5 0.741576 0.143531 0.029751 0.089840