0 0.873341 0.941713 0.188747 0.017261
2 0.747279 0.102025 0.014706 0.011364
2 0.809761 0.102025 0.014706 0.011364
0 0.657477 0.327748 0.613974 0.021273
0 0.257962 0.277347 0.398278 0.022327
1 0.488560 0.277462 0.014706 0.011364
0 0.294118 0.192165 0.470588 0.022232
0 0.202206 0.240482 0.286765 0.017890
0 0.441077 0.240011 0.181176 0.018832
3 0.578235 0.241890 0.078824 0.022232
3 0.852740 0.240011 0.232029 0.018832
0 0.676024 0.240494 0.107842 0.017866
0 0.752867 0.277394 0.428087 0.022232
1 0.301060 0.331439 0.014706 0.011364
0 0.169118 0.329010 0.220588 0.023798
0 0.657477 0.520933 0.613974 0.021273
0 0.257962 0.470857 0.398278 0.021678
1 0.488560 0.470648 0.014706 0.011364
0 0.294118 0.385351 0.470588 0.022232
0 0.202206 0.433666 0.286765 0.017890
0 0.441077 0.433195 0.181176 0.018832
3 0.578235 0.435075 0.078824 0.022232
3 0.852740 0.433195 0.232029 0.018832
0 0.676024 0.433678 0.107842 0.017866
0 0.752867 0.470580 0.428087 0.022232
1 0.301060 0.524624 0.014706 0.011364
0 0.169118 0.522196 0.220588 0.023798
2 0.747279 0.550890 0.014706 0.011364
2 0.809761 0.550890 0.014706 0.011364
0 0.514706 0.739745 0.911765 0.021144
0 0.268383 0.641030 0.419119 0.022232
0 0.742647 0.688876 0.220588 0.018832
3 0.917175 0.690755 0.099056 0.022232
0 0.169018 0.690710 0.220389 0.022323
0 0.323326 0.690755 0.062093 0.022232
1 0.379632 0.675530 0.014706 0.011364
1 0.379632 0.692244 0.014706 0.011364
1 0.438358 0.692244 0.014706 0.011364
0 0.689136 0.640983 0.392974 0.022327
0 0.514706 0.895994 0.911765 0.021144
0 0.268383 0.797284 0.419119 0.022232
0 0.742647 0.845126 0.220588 0.018832
3 0.917175 0.847005 0.099056 0.022232
0 0.169018 0.846960 0.220389 0.022323
0 0.323326 0.847005 0.062093 0.022232
1 0.379632 0.831780 0.014706 0.011364
1 0.379632 0.848494 0.014706 0.011364
1 0.438358 0.848494 0.014706 0.011364
0 0.689136 0.797237 0.392974 0.022327