0 0.873341 0.941713 0.188747 0.017261
2 0.739928 0.102025 0.014706 0.011364
2 0.798752 0.102025 0.014706 0.011364
3 0.912362 0.371494 0.112747 0.019886
0 0.743246 0.371977 0.209152 0.018920
0 0.211582 0.371583 0.308824 0.019707
0 0.501925 0.371494 0.257154 0.019886
0 0.211582 0.414029 0.308824 0.034119
1 0.545734 0.425201 0.014706 0.011364
0 0.450553 0.423506 0.154410 0.022323
2 0.613273 0.408855 0.014706 0.011364
2 0.613273 0.425201 0.014706 0.011364
0 0.856672 0.425201 0.224524 0.018650
0 0.170980 0.471451 0.227990 0.018721
3 0.332776 0.473331 0.066193 0.022121
3 0.615685 0.471451 0.243469 0.018721
0 0.433233 0.471934 0.107864 0.017755
3 0.914015 0.203870 0.112747 0.019886
0 0.744900 0.204353 0.209152 0.018921
0 0.213235 0.203960 0.308824 0.019707
0 0.503578 0.203870 0.257154 0.019886
0 0.213235 0.246405 0.308824 0.034119
1 0.547387 0.257577 0.014706 0.011364
0 0.452207 0.255883 0.154410 0.022323
2 0.614926 0.241231 0.014706 0.011364
2 0.614926 0.257577 0.014706 0.011364
0 0.858326 0.257579 0.224525 0.018650
0 0.172634 0.303828 0.227990 0.018721
3 0.334430 0.305707 0.066193 0.022121
3 0.617339 0.303828 0.243469 0.018721
0 0.434886 0.304311 0.107864 0.017755
0 0.858326 0.241233 0.224525 0.018650
0 0.856672 0.407052 0.224524 0.018650