0 0.420752 0.054924 0.560457 0.021465
0 0.838785 0.059306 0.233711 0.017601
0 0.169341 0.089532 0.233710 0.019895
0 0.463460 0.089532 0.233711 0.019895
0 0.838785 0.089532 0.233711 0.019895
0 0.505001 0.141939 0.904726 0.053386
1 0.473797 0.177421 0.039392 0.016630
1 0.473797 0.194473 0.039392 0.017474
0 0.252837 0.212652 0.399035 0.058479
0 0.273063 0.283302 0.445234 0.019490
0 0.273063 0.315657 0.445234 0.019491
0 0.273063 0.403787 0.445234 0.082198
0 0.273063 0.520076 0.445234 0.108468
0 0.571897 0.305912 0.134886 0.018643
0 0.816618 0.296918 0.057451 0.014990
0 0.916970 0.296918 0.056704 0.014990
0 0.816244 0.317495 0.056704 0.016720
0 0.916596 0.317962 0.055958 0.016718
0 0.733799 0.350248 0.457366 0.019025
0 0.573542 0.430904 0.131596 0.017795
0 0.814006 0.421739 0.056704 0.015566
0 0.916596 0.421739 0.055958 0.015566
0 0.813633 0.442494 0.055959 0.016720
0 0.916596 0.442494 0.055958 0.016720
0 0.573542 0.496578 0.133789 0.018643
0 0.814006 0.487176 0.052227 0.014990
0 0.917715 0.487176 0.053721 0.014990
0 0.814006 0.507067 0.052227 0.016720
0 0.917715 0.506957 0.053721 0.016720
1 0.702397 0.553354 0.023029 0.020338
1 0.723782 0.553354 0.021933 0.020338
1 0.822479 0.553777 0.024127 0.019491
1 0.844959 0.553777 0.023029 0.019491
1 0.702397 0.573691 0.023029 0.018643
1 0.723782 0.573691 0.024126 0.018643
1 0.822479 0.573691 0.024127 0.018643
1 0.844959 0.573691 0.023029 0.018643
0 0.827962 0.597732 0.265387 0.020337
0 0.416723 0.904915 0.162302 0.016101
0 0.265386 0.941777 0.456201 0.018643
0 0.739134 0.873672 0.456203 0.016948
0 0.740451 0.903107 0.455794 0.017278
0 0.542288 0.934574 0.047157 0.017795
0 0.650153 0.935004 0.151358 0.017278
0 0.801642 0.934574 0.046059 0.017795
0 0.897829 0.934340 0.134159 0.018607
5 0.346576 0.980193 0.170279 0.027911
5 0.537493 0.980193 0.170278 0.027911
5 0.728412 0.980193 0.170278 0.027911