0 0.502317 0.363179 0.764922 0.020812
0 0.501059 0.397408 0.764921 0.020813
0 0.501634 0.435606 0.764921 0.020813
0 0.501113 0.471265 0.764921 0.020813
0 0.371041 0.508630 0.509050 0.020813
1 0.355712 0.321507 0.022402 0.014663
1 0.414707 0.321734 0.021789 0.014505
1 0.639706 0.509154 0.022402 0.014662
1 0.792075 0.509470 0.022402 0.014662
0 0.245098 0.544192 0.255782 0.020813
0 0.501225 0.544192 0.251696 0.020813
0 0.755719 0.543561 0.255781 0.020813
0 0.181781 0.625000 0.127514 0.020813
0 0.309641 0.625000 0.129147 0.020813
0 0.309436 0.660354 0.129147 0.020813
0 0.181577 0.660354 0.127514 0.020813
0 0.309436 0.696338 0.129147 0.020813
0 0.181577 0.696338 0.127514 0.020813
0 0.309436 0.732323 0.129147 0.020813
0 0.181577 0.732323 0.127514 0.020813
0 0.499591 0.625000 0.252513 0.020813
0 0.500000 0.660354 0.252513 0.020813
0 0.500000 0.696970 0.252513 0.020813
0 0.500000 0.732323 0.252513 0.020813
0 0.763889 0.623422 0.237807 0.017657
0 0.308415 0.770833 0.380782 0.020813
0 0.690359 0.770833 0.380781 0.020813
0 0.308823 0.804293 0.380782 0.020813
0 0.689542 0.804293 0.380781 0.020813
0 0.717320 0.893939 0.129147 0.020813
0 0.259395 0.931187 0.283559 0.020813
0 0.527369 0.931187 0.253330 0.020813
0 0.767565 0.931187 0.228820 0.020813
5 0.164624 0.964015 0.095588 0.029040
5 0.275327 0.964015 0.095588 0.029040
5 0.388889 0.964015 0.095588 0.029040