0 0.058825 0.118939 0.025737 0.018939
0 0.089217 0.118939 0.025737 0.018939
0 0.117648 0.118939 0.025737 0.018939
0 0.176471 0.119697 0.025737 0.018939
0 0.205883 0.119729 0.025737 0.018939
0 0.265687 0.119413 0.025737 0.018939
0 0.294118 0.119444 0.025737 0.018939
1 0.063011 0.142124 0.013480 0.007576
1 0.062399 0.159171 0.013480 0.007576
1 0.062604 0.176216 0.013480 0.007576
1 0.061990 0.192630 0.013480 0.007576
1 0.061990 0.210307 0.013480 0.007576
1 0.062604 0.227194 0.013480 0.007576
1 0.062399 0.244556 0.013480 0.007576
1 0.062604 0.261443 0.013480 0.007576
1 0.062604 0.278489 0.013480 0.007576
1 0.062399 0.295534 0.013480 0.007576
1 0.062195 0.312422 0.013480 0.007576
1 0.062195 0.329783 0.013480 0.007576
1 0.172998 0.141967 0.013480 0.007576
1 0.173815 0.159013 0.013480 0.007576
1 0.173203 0.176058 0.013480 0.007576
1 0.173611 0.192946 0.013480 0.007576
1 0.209662 0.142125 0.013480 0.007576
1 0.210275 0.159171 0.013480 0.007576
1 0.209662 0.176216 0.013480 0.007576
1 0.209458 0.193104 0.013480 0.007576
1 0.209662 0.210228 0.013480 0.008049
1 0.208845 0.227352 0.013480 0.007576
1 0.209866 0.244240 0.013480 0.007576
1 0.209662 0.261601 0.013480 0.007576
1 0.209662 0.278489 0.013480 0.007576
1 0.209866 0.295376 0.013480 0.007576
1 0.261234 0.141808 0.013480 0.007576
1 0.260621 0.158854 0.013480 0.007576
1 0.261234 0.175899 0.013480 0.007576
1 0.260417 0.192313 0.013480 0.007576
1 0.260825 0.210148 0.013480 0.007576
1 0.260008 0.227035 0.013480 0.007576
1 0.260008 0.244081 0.013480 0.007576
1 0.260417 0.260968 0.013480 0.007576
1 0.260621 0.278172 0.013480 0.007576
1 0.260417 0.295059 0.013480 0.007576
1 0.297794 0.141809 0.013480 0.007576
1 0.297794 0.158855 0.013480 0.007576
1 0.298203 0.175742 0.013480 0.007576
1 0.297386 0.193104 0.013480 0.007576
1 0.297794 0.209991 0.013480 0.007576
1 0.298203 0.226879 0.013480 0.007576
1 0.298611 0.244240 0.013480 0.007576
1 0.297794 0.261128 0.013480 0.007576
1 0.297998 0.278015 0.013480 0.007576
1 0.297794 0.295376 0.013480 0.007576
0 0.352942 0.119318 0.025737 0.018939
0 0.381741 0.119160 0.025737 0.018939
0 0.412174 0.119476 0.025737 0.018939
0 0.470587 0.119129 0.025737 0.018939
0 0.500000 0.119476 0.025735 0.018939
0 0.558578 0.119318 0.025737 0.018939
0 0.588847 0.119476 0.025737 0.018939
1 0.356516 0.142282 0.013480 0.007576
1 0.355904 0.159328 0.013480 0.007576
1 0.356108 0.176374 0.013480 0.007576
1 0.355495 0.192788 0.013480 0.007576
1 0.355495 0.210465 0.013480 0.007576
1 0.356108 0.227352 0.013480 0.007576
1 0.355904 0.244240 0.013480 0.007576
1 0.356108 0.260654 0.013480 0.007576
1 0.357333 0.278646 0.013480 0.007576
1 0.355904 0.294745 0.013480 0.007576
1 0.355699 0.312580 0.013480 0.007576
1 0.355699 0.329941 0.013480 0.007576
1 0.466912 0.142440 0.013480 0.007577
1 0.467729 0.159486 0.013480 0.007576
1 0.467525 0.193419 0.013480 0.007574
1 0.503369 0.141809 0.013480 0.007577
1 0.503982 0.158855 0.013480 0.007576
1 0.503369 0.175900 0.013480 0.007576
1 0.503165 0.192788 0.013480 0.007576
1 0.503369 0.209912 0.013480 0.008049
1 0.502552 0.227036 0.013480 0.007577
1 0.503574 0.243924 0.013480 0.007577
1 0.503369 0.261285 0.013480 0.007577
1 0.503369 0.278173 0.013480 0.007576
1 0.503574 0.295061 0.013480 0.007576
1 0.556168 0.141809 0.013480 0.007577
1 0.555556 0.158855 0.013480 0.007576
1 0.556168 0.175900 0.013480 0.007576
1 0.555351 0.192314 0.013480 0.007574
1 0.555760 0.210149 0.013480 0.007576
1 0.554943 0.227036 0.013480 0.007577
1 0.554943 0.244082 0.013480 0.007576
1 0.555351 0.260970 0.013480 0.007576
1 0.555556 0.278173 0.013480 0.007576
1 0.555351 0.295061 0.013480 0.007576
1 0.591299 0.141651 0.013480 0.007574
1 0.591299 0.158696 0.013480 0.007577
1 0.591708 0.175585 0.013480 0.007576
1 0.590890 0.192945 0.013480 0.007574
1 0.591299 0.209833 0.013480 0.007574
1 0.591708 0.226720 0.013480 0.007575
1 0.592116 0.244082 0.013480 0.007576
1 0.591299 0.260970 0.013480 0.007576
1 0.591503 0.277857 0.013480 0.007576
1 0.591299 0.295218 0.013480 0.007577
1 0.643995 0.062658 0.014706 0.007576
1 0.724877 0.062658 0.014706 0.007576
1 0.642974 0.195234 0.014706 0.007576
1 0.643791 0.228535 0.014706 0.007576
1 0.643995 0.263258 0.014706 0.007576
0 0.059230 0.425189 0.025737 0.018939
0 0.088235 0.425505 0.025737 0.018939
0 0.117647 0.425505 0.025737 0.018939
0 0.177288 0.426136 0.025735 0.018939
0 0.205882 0.426136 0.025735 0.018939
1 0.063216 0.448784 0.013480 0.007576
1 0.062603 0.465831 0.013480 0.007576
1 0.062807 0.482876 0.013480 0.007576
1 0.062194 0.499290 0.013480 0.007576
1 0.062194 0.516967 0.013480 0.007576
1 0.062807 0.533855 0.013480 0.007576
1 0.062603 0.550742 0.013480 0.007576
1 0.062807 0.567157 0.013480 0.007576
1 0.064033 0.585149 0.013480 0.007576
1 0.062603 0.601248 0.013480 0.007576
1 0.062399 0.619082 0.013480 0.007576
1 0.062399 0.636443 0.013480 0.007576
1 0.173815 0.448941 0.013480 0.007577
1 0.173203 0.465987 0.013480 0.007576
1 0.173815 0.483033 0.013480 0.007576
1 0.172998 0.500393 0.013480 0.007574
1 0.173407 0.517282 0.013480 0.007576
1 0.172590 0.535116 0.013480 0.007577
1 0.171977 0.552162 0.013480 0.007576
1 0.172998 0.569286 0.013480 0.007102
1 0.173203 0.586726 0.013480 0.007576
1 0.173611 0.604087 0.013480 0.007576
1 0.208946 0.448784 0.013480 0.007574
1 0.208946 0.465829 0.013480 0.007577
1 0.209355 0.482717 0.013480 0.007576
1 0.210376 0.500551 0.013480 0.007574
1 0.209559 0.517912 0.013480 0.007574
1 0.209355 0.535116 0.013480 0.007574
1 0.209763 0.552477 0.013480 0.007576
1 0.208946 0.569365 0.013480 0.007576
1 0.209763 0.586726 0.013480 0.007576
1 0.208946 0.603613 0.013480 0.007577
1 0.357230 0.376894 0.014706 0.007576
1 0.356618 0.407197 0.014706 0.007576
1 0.355801 0.433554 0.014706 0.007576
1 0.357435 0.467961 0.014706 0.007576
0 0.471814 0.573864 0.250003 0.172351
1 0.643382 0.376894 0.014706 0.007576
0 0.640318 0.479167 0.025737 0.018939
0 0.669117 0.479167 0.025737 0.018939
1 0.636642 0.501894 0.013480 0.007576
1 0.636029 0.518465 0.013480 0.007577
1 0.636438 0.535826 0.013480 0.007577
1 0.636234 0.553188 0.013480 0.007576
1 0.636029 0.570549 0.013480 0.007576
1 0.673203 0.501737 0.013480 0.007577
1 0.673407 0.518939 0.013480 0.007577
1 0.673203 0.535826 0.013480 0.007577
1 0.672998 0.553188 0.013480 0.007576
1 0.672794 0.570076 0.013480 0.007576
1 0.672590 0.586963 0.013480 0.007576
1 0.672386 0.604325 0.013480 0.007576
1 0.672794 0.621212 0.013480 0.007576
1 0.673203 0.638100 0.013480 0.007576
1 0.672998 0.655462 0.013480 0.007577
1 0.813317 0.376894 0.014706 0.007576
0 0.816993 0.478693 0.025737 0.018939
0 0.845792 0.478851 0.025737 0.018939
1 0.813010 0.501736 0.013480 0.007577
1 0.813113 0.518939 0.013480 0.006630
1 0.813317 0.535826 0.013480 0.007577
1 0.813317 0.553662 0.013480 0.007576
1 0.813113 0.570076 0.013480 0.007576
1 0.812908 0.586963 0.013480 0.007576
1 0.813317 0.604325 0.013480 0.007576
1 0.812500 0.621212 0.013480 0.007576
1 0.812296 0.638100 0.013480 0.007576
1 0.813317 0.655462 0.013480 0.007577
1 0.849877 0.501420 0.013480 0.007577
1 0.850286 0.518939 0.013480 0.007577
1 0.849060 0.535826 0.013480 0.007577
1 0.849469 0.553188 0.013480 0.007576
1 0.849265 0.570076 0.013480 0.007576
1 0.849060 0.586963 0.013480 0.007576
1 0.849469 0.604325 0.013480 0.007576
1 0.849265 0.621212 0.013480 0.007576
1 0.849673 0.638100 0.013480 0.007576
1 0.850082 0.655461 0.013480 0.007576
1 0.062501 0.706439 0.014706 0.007576
1 0.063113 0.740530 0.014706 0.007576
0 0.513725 0.848989 0.305147 0.018939
0 0.711274 0.850253 0.062992 0.018939
0 0.849509 0.849495 0.200247 0.018939
0 0.514053 0.882828 0.305149 0.018939
0 0.774836 0.882828 0.207109 0.018939
5 0.118627 0.915527 0.086274 0.032576
5 0.225491 0.937373 0.086273 0.033333
5 0.336928 0.952399 0.086275 0.034091
1 0.467116 0.176531 0.013480 0.007575