0 0.284161 0.142955 0.421605 0.017667
0 0.627578 0.142479 0.195712 0.017668
0 0.838917 0.142243 0.161874 0.017668
0 0.286679 0.192593 0.428141 0.018375
0 0.621519 0.193125 0.210345 0.018374
0 0.856618 0.192551 0.199725 0.018374
1 0.088235 0.266730 0.025919 0.020028
1 0.485294 0.266414 0.025918 0.020028
1 0.742647 0.266414 0.025918 0.020028
1 0.088235 0.329545 0.025919 0.020028
1 0.485294 0.329545 0.025918 0.020028
1 0.742647 0.329545 0.025918 0.020028
1 0.088235 0.414773 0.025919 0.020028
1 0.485294 0.415404 0.025918 0.020028
1 0.742647 0.414773 0.025918 0.020028
1 0.088235 0.488636 0.025919 0.020028
1 0.485294 0.488636 0.025918 0.020028
1 0.742647 0.488636 0.025918 0.020028
0 0.125000 0.549874 0.105771 0.018374
0 0.521650 0.551136 0.103320 0.018374
1 0.088235 0.636364 0.025919 0.020028
1 0.485294 0.636364 0.025918 0.020028
1 0.742647 0.636364 0.025918 0.020028
0 0.126226 0.704546 0.105771 0.018374
0 0.522876 0.705808 0.103320 0.018374
0 0.833333 0.822601 0.195712 0.017667
5 0.364788 0.977588 0.089052 0.029672
5 0.469771 0.977904 0.089052 0.029672
5 0.574346 0.977904 0.089052 0.029672
3 0.500408 0.932134 0.193627 0.024621