0 0.277698 0.135623 0.447101 0.021854
0 0.617568 0.137011 0.183123 0.021854
0 0.860215 0.137011 0.199054 0.021854
0 0.718951 0.237643 0.244284 0.020907
0 0.909415 0.227068 0.123572 0.037005
0 0.266033 0.271102 0.105191 0.020907
0 0.808926 0.271102 0.308622 0.020907
0 0.810539 0.306266 0.308621 0.020905
0 0.897466 0.512106 0.146858 0.020907
0 0.619129 0.918279 0.670176 0.020907
1 0.070896 0.172159 0.019608 0.015152
1 0.070568 0.189268 0.019608 0.015152
1 0.070569 0.206155 0.019608 0.015152
1 0.070977 0.223517 0.019608 0.015152
1 0.070773 0.240562 0.019608 0.015152
1 0.541155 0.172380 0.019608 0.015152
1 0.541359 0.189426 0.019608 0.015152
1 0.541155 0.205998 0.019608 0.015152
1 0.541564 0.223359 0.019608 0.015152
1 0.541359 0.240246 0.019608 0.015152
1 0.070773 0.273864 0.019608 0.015152
1 0.541564 0.274022 0.019608 0.015152
1 0.070773 0.308744 0.019608 0.015152
1 0.541359 0.308428 0.019608 0.015152
1 0.070896 0.342645 0.019608 0.015152
1 0.541155 0.342361 0.019608 0.015152
1 0.070773 0.359564 0.019608 0.015151
1 0.107742 0.376610 0.019608 0.015152
1 0.159008 0.376768 0.019608 0.015152
1 0.210478 0.376610 0.019609 0.015152
1 0.261745 0.376610 0.019608 0.015152
1 0.314236 0.376610 0.019609 0.015152
1 0.541359 0.359564 0.019608 0.015151
1 0.578227 0.376847 0.019608 0.015153
1 0.629595 0.376926 0.019608 0.015151
1 0.680861 0.376610 0.019608 0.015152
1 0.732536 0.376768 0.019608 0.015152
1 0.784415 0.376610 0.019608 0.015152
1 0.863051 0.417014 0.019608 0.015152
1 0.935967 0.417014 0.019608 0.015152
1 0.863461 0.433902 0.019608 0.015152
1 0.936457 0.434059 0.018627 0.015152
1 0.863461 0.450474 0.019608 0.015152
1 0.935967 0.450631 0.019608 0.015152
1 0.864073 0.467992 0.019606 0.015152
1 0.935967 0.468150 0.019608 0.015152
1 0.864073 0.490246 0.019606 0.015152
1 0.936172 0.491035 0.019608 0.015152
1 0.864277 0.530650 0.019609 0.015152
1 0.935967 0.530650 0.019608 0.015152
1 0.864073 0.615878 0.019606 0.015152
1 0.935967 0.616035 0.019608 0.015152
1 0.717830 0.632450 0.019608 0.015152
1 0.783641 0.632450 0.019608 0.015152
1 0.864277 0.661963 0.019609 0.015152
1 0.935967 0.661963 0.019608 0.015152
1 0.864073 0.683428 0.019606 0.015152
1 0.936172 0.683270 0.019608 0.015152
1 0.864073 0.713889 0.019606 0.015152
1 0.935967 0.713889 0.019608 0.015152
1 0.373467 0.832260 0.019608 0.015152
1 0.428206 0.832260 0.019608 0.015152
1 0.480494 0.832260 0.019606 0.015152
1 0.373467 0.849306 0.019608 0.015152
1 0.428206 0.849306 0.019608 0.015152
1 0.480494 0.849306 0.019606 0.015152
1 0.373467 0.865720 0.019608 0.015152
1 0.428206 0.866351 0.019608 0.015152
1 0.373467 0.883397 0.019608 0.015152
1 0.428206 0.883397 0.019608 0.015152
1 0.863663 0.833523 0.019608 0.015152
1 0.935560 0.833523 0.019606 0.015152
1 0.863663 0.850568 0.019608 0.015152
1 0.935560 0.851200 0.019606 0.015152
1 0.863663 0.866982 0.019608 0.015152
1 0.935560 0.867614 0.019606 0.015152
1 0.070364 0.922538 0.019608 0.015152
1 0.188011 0.922538 0.019609 0.015152
1 0.864534 0.548152 0.019608 0.015152
1 0.936196 0.548955 0.019608 0.015152
1 0.863497 0.565807 0.019608 0.015152
1 0.936196 0.565807 0.019608 0.015152
1 0.862457 0.589883 0.019608 0.015152
1 0.936196 0.589883 0.019608 0.015152
1 0.864534 0.740758 0.019608 0.015152
1 0.936196 0.739955 0.019608 0.015152
1 0.865573 0.763229 0.019608 0.015152
1 0.936196 0.763229 0.019608 0.015152
1 0.863940 0.883521 0.019608 0.015152
1 0.935157 0.883927 0.019608 0.015152