0 0.371796 0.178689 0.652353 0.026157
0 0.831266 0.178722 0.248056 0.025678
0 0.371255 0.216558 0.651506 0.027169
0 0.371078 0.252523 0.651569 0.037121
0 0.828462 0.241951 0.253922 0.039991
0 0.404724 0.297825 0.584278 0.021980
0 0.831783 0.298982 0.247021 0.023346
0 0.515000 0.327603 0.319020 0.016612
1 0.058946 0.471473 0.030524 0.020777
2 0.058913 0.534227 0.029412 0.022727
2 0.515240 0.534227 0.029412 0.022727
0 0.371078 0.581028 0.651961 0.026803
0 0.828772 0.580165 0.254064 0.027602
0 0.501040 0.620506 0.913143 0.026371
0 0.498972 0.656066 0.911076 0.036759
0 0.271863 0.701644 0.453529 0.026611
0 0.728333 0.701644 0.453529 0.026611
0 0.827647 0.779621 0.255294 0.024144
1 0.058946 0.834667 0.029740 0.021576
0 0.827549 0.884011 0.255098 0.024706