0 0.128991 0.669438 0.018940 0.553922
0 0.128522 0.209391 0.018805 0.316371
0 0.128522 0.000000 0.018805 0.265961
0 0.166668 0.668913 0.020202 0.561683
0 0.196971 0.669116 0.023990 0.558823
0 0.166668 0.057601 0.022096 0.621730
1 0.223295 0.490196 0.022727 0.028105
1 0.250347 0.490319 0.022727 0.028105
1 0.223295 0.000000 0.022727 0.030065
1 0.250473 0.000000 0.022727 0.030065
1 0.275789 0.489992 0.022538 0.028105
1 0.302273 0.489992 0.022348 0.028105
1 0.275915 0.000000 0.022727 0.029943
1 0.301641 0.000000 0.022727 0.029943
1 0.327273 0.490400 0.022159 0.028105
1 0.350805 0.490400 0.022633 0.028105
1 0.327099 0.000000 0.021938 0.029943
1 0.351720 0.000000 0.021938 0.029943
0 0.554925 0.482231 0.018804 0.187694
5 0.735955 0.107433 0.035038 0.080882
5 0.736586 0.019606 0.035038 0.080882
5 0.736271 0.000000 0.035038 0.080884
0 0.196968 0.057597 0.022096 0.621730