0 0.296246 0.154355 0.511610 0.018495
0 0.656868 0.154671 0.191985 0.016414
0 0.892448 0.153397 0.139126 0.018917
2 0.047963 0.201938 0.025338 0.019578
2 0.372027 0.201938 0.025338 0.019578
2 0.605614 0.201034 0.029412 0.021075
2 0.844652 0.201034 0.029412 0.021075
2 0.541265 0.223064 0.029412 0.022727
2 0.843727 0.223064 0.029412 0.022727
0 0.119281 0.268939 0.160131 0.016414
0 0.284314 0.268939 0.153595 0.016414
0 0.457516 0.262410 0.183007 0.024422
0 0.662971 0.262399 0.205028 0.024922
0 0.868634 0.262900 0.183007 0.024923
2 0.085302 0.318655 0.029412 0.022727
2 0.376755 0.318655 0.029412 0.022727
0 0.417340 0.351894 0.690889 0.016414
0 0.865353 0.353157 0.188889 0.016414
0 0.417962 0.396212 0.692811 0.036364
0 0.868173 0.401905 0.181444 0.023922
2 0.050328 0.586409 0.029412 0.022727
2 0.514062 0.586409 0.029412 0.022727
1 0.050043 0.826224 0.030395 0.023254
0 0.383729 0.838040 0.117144 0.016414
1 0.049661 0.877432 0.032142 0.025256
4 0.403324 0.928472 0.725912 0.026268
0 0.868818 0.927730 0.182093 0.024076