2 0.495913 0.118317 0.014706 0.011364
2 0.710013 0.118317 0.014706 0.011364
2 0.065709 0.237891 0.014706 0.011364
2 0.065709 0.253518 0.014706 0.011364
2 0.065709 0.268124 0.014706 0.011364
0 0.915257 0.265371 0.104577 0.022232
0 0.357475 0.265371 0.352941 0.022232
0 0.615101 0.265282 0.132899 0.022412
3 0.772853 0.265371 0.166670 0.022232
0 0.206739 0.198847 0.301472 0.018653
0 0.460412 0.198757 0.176471 0.018832
3 0.596445 0.200636 0.066175 0.022232
3 0.861148 0.198757 0.213237 0.018832
0 0.695709 0.199240 0.102941 0.017866
0 0.876805 0.949979 0.188747 0.017261