0 0.873341 0.941713 0.188747 0.017261
0 0.523907 0.231645 0.890954 0.019884
0 0.217501 0.282914 0.278142 0.018653
0 0.455435 0.282824 0.177271 0.018832
3 0.594217 0.284703 0.072742 0.022232
3 0.855227 0.282824 0.227026 0.018832
0 0.690179 0.283307 0.089926 0.017866
0 0.209893 0.397892 0.262926 0.018653
0 0.444113 0.397802 0.181176 0.018832
3 0.585962 0.399682 0.074343 0.022232
3 0.852722 0.398205 0.232029 0.018027
0 0.684041 0.398285 0.091909 0.017866
1 0.899101 0.359852 0.014706 0.011364
0 0.147056 0.192721 0.137253 0.022409
1 0.226304 0.192874 0.014706 0.011364
0 0.333335 0.192721 0.117647 0.022409
1 0.410807 0.177044 0.014706 0.011364
1 0.410806 0.192874 0.014706 0.011364
1 0.746224 0.175912 0.014706 0.011364
1 0.804866 0.175912 0.014706 0.011364
0 0.571512 0.192721 0.170603 0.022409
0 0.695896 0.192721 0.062093 0.022409
1 0.746224 0.192873 0.014706 0.011364
1 0.410806 0.306437 0.014706 0.011364
1 0.899103 0.306438 0.014706 0.011364
0 0.237538 0.337302 0.318207 0.020372
1 0.746224 0.324263 0.014706 0.011364
1 0.804866 0.324263 0.014706 0.011364
0 0.570664 0.335506 0.168907 0.022323
0 0.695896 0.335552 0.062093 0.022232
1 0.746224 0.340498 0.014706 0.011364
0 0.523907 0.490643 0.890954 0.019884
0 0.217501 0.541911 0.278142 0.018653
0 0.455435 0.541821 0.177271 0.018832
3 0.594217 0.543701 0.072742 0.022232
3 0.855227 0.541821 0.227026 0.018832
0 0.690179 0.542304 0.089926 0.017866
0 0.209893 0.657746 0.262926 0.018653
0 0.444113 0.657656 0.181176 0.018832
3 0.585962 0.659535 0.074343 0.022232
3 0.852722 0.658059 0.232029 0.018027
0 0.684041 0.658139 0.091909 0.017866
1 0.899100 0.619095 0.014706 0.011364
0 0.147056 0.451720 0.137253 0.022409
1 0.226304 0.451871 0.014706 0.011364
0 0.333335 0.451720 0.117647 0.022409
1 0.410807 0.436042 0.014706 0.011364
1 0.410806 0.451871 0.014706 0.011364
1 0.746224 0.434910 0.014706 0.011364
1 0.804866 0.434910 0.014706 0.011364
0 0.571512 0.451720 0.170603 0.022409
0 0.695896 0.451720 0.062093 0.022409
1 0.746224 0.451870 0.014706 0.011364
1 0.410806 0.565434 0.014706 0.011364
1 0.899103 0.565436 0.014706 0.011364
0 0.237538 0.596300 0.318207 0.020372
1 0.746224 0.583260 0.014706 0.011364
1 0.804866 0.583260 0.014706 0.011364
0 0.572301 0.594504 0.172181 0.022323
0 0.695896 0.594549 0.062093 0.022232
1 0.746224 0.599495 0.014706 0.011364
2 0.071796 0.719737 0.014706 0.011364
2 0.071796 0.700883 0.014706 0.011364
0 0.632172 0.701883 0.673199 0.020809