0 0.237937 0.065325 0.383943 0.019775
0 0.486016 0.065326 0.103021 0.018258
0 0.707072 0.064693 0.308794 0.019775
0 0.917391 0.064129 0.105309 0.018258
0 0.074483 0.118265 0.085456 0.018259
0 0.221539 0.116836 0.169959 0.020813
0 0.530392 0.184471 0.366582 0.019773
0 0.830392 0.184218 0.221484 0.019773
0 0.635812 0.374641 0.159173 0.020813
0 0.853059 0.374203 0.235399 0.020179
0 0.381309 0.414057 0.669117 0.017045
0 0.853784 0.413153 0.240222 0.018087
0 0.458377 0.466027 0.159364 0.019773
0 0.636033 0.466027 0.156425 0.019773
0 0.890523 0.504419 0.156425 0.019775
0 0.498984 0.628276 0.943221 0.193814
5 0.058333 0.973482 0.077451 0.027273
5 0.140197 0.973736 0.077451 0.027273
5 0.227615 0.974241 0.084312 0.027273
3 0.522849 0.972468 0.153707 0.017185