0 0.684027 0.355827 0.107842 0.018705
0 0.684615 0.470737 0.107842 0.018705
0 0.651636 0.157231 0.629462 0.019140
1 0.271320 0.158409 0.016340 0.012626
0 0.312167 0.303397 0.448531 0.018617
0 0.756828 0.303136 0.424497 0.019140
0 0.312167 0.415086 0.448531 0.018705
0 0.756828 0.414868 0.424497 0.019140
2 0.072070 0.249917 0.016340 0.012626
2 0.150144 0.249917 0.016340 0.012626
0 0.154856 0.158412 0.191176 0.022388
0 0.189784 0.206201 0.261033 0.018772
0 0.433140 0.206112 0.205567 0.018951
3 0.579330 0.207991 0.074343 0.022351
3 0.849305 0.207910 0.225966 0.022513
0 0.676533 0.206595 0.107804 0.017985
3 0.855940 0.470672 0.217226 0.018832
3 0.586518 0.472552 0.069118 0.022232
0 0.440781 0.470614 0.194539 0.018951
0 0.211985 0.470881 0.250000 0.018418
3 0.855940 0.354925 0.217226 0.018832
3 0.586518 0.356804 0.069118 0.022232
0 0.440781 0.354984 0.194539 0.018951
0 0.211985 0.355251 0.250000 0.018418