0 0.873341 0.941713 0.188747 0.017261
2 0.070809 0.184660 0.014706 0.011364
2 0.070809 0.205967 0.014706 0.011364
2 0.070809 0.227273 0.014706 0.011364
2 0.512384 0.184660 0.014706 0.011364
2 0.512384 0.205967 0.014706 0.011364
2 0.511985 0.235917 0.014706 0.011364
1 0.504634 0.453934 0.014706 0.011364
1 0.504634 0.470648 0.014706 0.011364
1 0.563356 0.470648 0.014706 0.011364
2 0.747279 0.102025 0.014706 0.011364
2 0.809041 0.102025 0.014706 0.011364
0 0.454303 0.468139 0.062093 0.020515
0 0.247758 0.467235 0.319046 0.022323
0 0.835766 0.235918 0.262288 0.022975
2 0.804739 0.261120 0.014706 0.011364
2 0.625954 0.261120 0.014706 0.011364
0 0.529412 0.312597 0.882353 0.018771
0 0.213235 0.428372 0.250000 0.018653
0 0.441178 0.428282 0.191176 0.018832
3 0.578235 0.430162 0.078824 0.022232
3 0.852740 0.428282 0.232029 0.018832
0 0.676024 0.428765 0.107842 0.017866
0 0.737133 0.378867 0.466910 0.016802
2 0.422173 0.491030 0.014706 0.011364
2 0.484868 0.491030 0.014706 0.011364
0 0.829488 0.491402 0.282201 0.022975
1 0.429106 0.366586 0.014706 0.011364
0 0.158089 0.380367 0.139708 0.022388
1 0.238564 0.381428 0.014706 0.011364
0 0.352943 0.380367 0.132353 0.022388
1 0.429106 0.382698 0.014706 0.011364
2 0.071008 0.551135 0.014706 0.011364
2 0.071008 0.572442 0.014706 0.011364
2 0.071008 0.593748 0.014706 0.011364
2 0.512583 0.551135 0.014706 0.011364
2 0.512583 0.572442 0.014706 0.011364
2 0.512185 0.602391 0.014706 0.011364
0 0.835966 0.602393 0.262288 0.022975
1 0.504833 0.820413 0.014706 0.011364
1 0.504833 0.837125 0.014706 0.011364
1 0.563556 0.837125 0.014706 0.011364
0 0.454502 0.834616 0.062093 0.020515
0 0.247958 0.833712 0.319046 0.022323
2 0.804938 0.627599 0.014706 0.011364
2 0.626154 0.627599 0.014706 0.011364
0 0.529412 0.679075 0.882353 0.018771
0 0.213435 0.794849 0.250000 0.018653
0 0.441377 0.794760 0.191176 0.018832
3 0.578435 0.796639 0.078824 0.022232
3 0.852940 0.794760 0.232029 0.018832
0 0.676223 0.795242 0.107842 0.017866
0 0.737133 0.745345 0.466910 0.016802
2 0.422173 0.858664 0.014706 0.011364
2 0.484868 0.858664 0.014706 0.011364
0 0.829490 0.859035 0.282196 0.022975
1 0.429305 0.733063 0.014706 0.011364
0 0.158288 0.746844 0.139708 0.022388
1 0.238763 0.747907 0.014706 0.011364
0 0.353142 0.746844 0.132353 0.022388
1 0.429305 0.749177 0.014706 0.011364