2 0.070809 0.196022 0.014706 0.011364
2 0.070809 0.217331 0.014706 0.011364
2 0.070809 0.238638 0.014706 0.011364
2 0.070809 0.259941 0.014706 0.011364
2 0.070809 0.281250 0.014706 0.011364
2 0.519539 0.196022 0.014706 0.011364
2 0.519539 0.217331 0.014706 0.011364
2 0.519539 0.238638 0.014706 0.011364
2 0.519539 0.259941 0.014706 0.011364
2 0.519539 0.281250 0.014706 0.011364
0 0.837618 0.281251 0.251637 0.017047
2 0.070609 0.509131 0.014706 0.011364
2 0.070609 0.530441 0.014706 0.011364
2 0.070609 0.551748 0.014706 0.011364
2 0.070609 0.573051 0.014706 0.011364
2 0.070609 0.594360 0.014706 0.011364
2 0.519739 0.509131 0.014706 0.011364
2 0.519739 0.530441 0.014706 0.011364
2 0.519739 0.551748 0.014706 0.011364
2 0.519739 0.573051 0.014706 0.011364
2 0.519739 0.594360 0.014706 0.011364
0 0.837817 0.594361 0.251637 0.017047
0 0.191077 0.690107 0.264905 0.018653
0 0.430347 0.690017 0.198528 0.018832
3 0.578435 0.691896 0.078824 0.022232
3 0.852940 0.690017 0.232029 0.018832
0 0.676223 0.690500 0.107842 0.017866
1 0.900531 0.724220 0.014706 0.011364
0 0.641098 0.739962 0.083242 0.022388
1 0.709356 0.739992 0.014706 0.011364
0 0.802555 0.739962 0.084877 0.022388
1 0.900533 0.741264 0.014706 0.011364
0 0.187301 0.741106 0.257355 0.021896
0 0.361279 0.735136 0.062093 0.033837
1 0.412925 0.713068 0.014706 0.011364
1 0.412925 0.739745 0.014706 0.011364
1 0.468072 0.739745 0.014706 0.011364
0 0.191077 0.640457 0.264905 0.017566
0 0.452408 0.639824 0.242649 0.018832
2 0.347170 0.767408 0.014706 0.011364
2 0.411660 0.767408 0.014706 0.011364
0 0.788337 0.767779 0.364503 0.022975
2 0.703162 0.104867 0.014706 0.011364
2 0.767980 0.104867 0.014706 0.011364
0 0.191077 0.376997 0.264905 0.018653
0 0.430148 0.376907 0.198528 0.018832
3 0.578235 0.378787 0.078824 0.022232
3 0.852740 0.376907 0.232029 0.018832
0 0.676024 0.377390 0.107842 0.017866
1 0.900335 0.411110 0.014706 0.011364
0 0.640899 0.426852 0.083242 0.022388
1 0.709157 0.426883 0.014706 0.011364
0 0.802355 0.426852 0.084877 0.022388
1 0.900333 0.428153 0.014706 0.011364
0 0.187301 0.427996 0.257355 0.021896
0 0.361079 0.422026 0.062093 0.033837
1 0.412727 0.400683 0.014706 0.011364
1 0.412727 0.426635 0.014706 0.011364
1 0.467873 0.426635 0.014706 0.011364
0 0.191077 0.327347 0.264905 0.017566
0 0.452208 0.326714 0.242649 0.018832
2 0.346971 0.454298 0.014706 0.011364
2 0.411461 0.454298 0.014706 0.011364
0 0.788337 0.454669 0.364503 0.022975
0 0.873341 0.941713 0.188747 0.017261