0 0.194852 0.201546 0.312502 0.084282
0 0.625615 0.255683 0.246325 0.018939
0 0.621324 0.275884 0.238972 0.018939
0 0.854168 0.279987 0.204657 0.018939
0 0.624183 0.304924 0.246324 0.018939
0 0.853556 0.305240 0.203431 0.018939
1 0.062092 0.395835 0.014706 0.007576
1 0.172794 0.395833 0.014706 0.007576
0 0.058824 0.439394 0.025737 0.018939
0 0.088849 0.439394 0.025737 0.018939
0 0.117648 0.439394 0.025737 0.018939
0 0.176880 0.439552 0.025737 0.018939
0 0.205679 0.439394 0.025737 0.018939
0 0.265115 0.439552 0.025737 0.018939
0 0.293914 0.439394 0.025737 0.018939
1 0.063113 0.462120 0.013480 0.007576
1 0.062501 0.479167 0.013480 0.007576
1 0.062705 0.496212 0.013480 0.007576
1 0.062092 0.512626 0.013480 0.007576
1 0.062092 0.530303 0.013480 0.007576
1 0.062705 0.547191 0.013480 0.007576
1 0.062501 0.564552 0.013480 0.007576
1 0.062705 0.581439 0.013480 0.007576
1 0.062705 0.598485 0.013480 0.007576
1 0.062501 0.615530 0.013480 0.007576
1 0.062296 0.632418 0.013480 0.007576
1 0.062296 0.649779 0.013480 0.007576
1 0.172590 0.462121 0.013480 0.007576
1 0.173407 0.479167 0.013480 0.007576
1 0.172794 0.496212 0.013480 0.007576
1 0.173203 0.513100 0.013480 0.007576
1 0.209559 0.462121 0.013480 0.007576
1 0.210172 0.479167 0.013480 0.007576
1 0.209559 0.496212 0.013480 0.007576
1 0.209355 0.513100 0.013480 0.007576
1 0.209559 0.530224 0.013480 0.008049
1 0.208742 0.547349 0.013480 0.007576
1 0.209763 0.564236 0.013480 0.007576
1 0.209559 0.581597 0.013480 0.007576
1 0.209559 0.598485 0.013480 0.007576
1 0.209763 0.615373 0.013480 0.007576
1 0.261642 0.462121 0.013480 0.007576
1 0.261029 0.479167 0.013480 0.007576
1 0.261642 0.496212 0.013480 0.007576
1 0.260825 0.512626 0.013480 0.007576
1 0.261234 0.530461 0.013480 0.007576
1 0.260417 0.547349 0.013480 0.007576
1 0.260417 0.564394 0.013480 0.007576
1 0.260825 0.581282 0.013480 0.007576
1 0.261029 0.598485 0.013480 0.007576
1 0.260825 0.615373 0.013480 0.007576
1 0.297794 0.462121 0.013480 0.007576
1 0.297794 0.479167 0.013480 0.007576
1 0.298203 0.496054 0.013480 0.007576
1 0.297386 0.513415 0.013480 0.007576
1 0.297794 0.530303 0.013480 0.007576
1 0.298203 0.547191 0.013480 0.007576
1 0.298611 0.564552 0.013480 0.007576
1 0.297794 0.581439 0.013480 0.007576
1 0.297998 0.598327 0.013480 0.007576
1 0.297794 0.615688 0.013480 0.007576
0 0.455882 0.438636 0.025739 0.018939
0 0.486274 0.438636 0.025739 0.018939
0 0.515359 0.439141 0.025739 0.018939
0 0.544444 0.438889 0.025739 0.018939
0 0.574510 0.438636 0.025739 0.018939
0 0.603595 0.439141 0.025739 0.018939
0 0.632680 0.438889 0.025739 0.018939
0 0.662745 0.438636 0.025739 0.018939
0 0.691830 0.439143 0.025739 0.018939
1 0.459559 0.461648 0.013480 0.007576
1 0.459559 0.479167 0.013480 0.007576
1 0.459967 0.495581 0.013480 0.007576
1 0.459763 0.513415 0.013480 0.007576
1 0.459559 0.530303 0.013480 0.007576
1 0.459355 0.547191 0.013480 0.007576
1 0.459763 0.564552 0.013480 0.007576
1 0.459559 0.581439 0.013480 0.007576
1 0.459355 0.598485 0.013480 0.007576
1 0.460376 0.615688 0.013480 0.007576
1 0.488358 0.462121 0.013480 0.007576
1 0.488868 0.478930 0.013480 0.007577
1 0.488663 0.495817 0.013480 0.007576
1 0.488459 0.513179 0.013480 0.007576
1 0.488255 0.530067 0.013480 0.008523
1 0.487438 0.547428 0.013480 0.007576
1 0.489072 0.563842 0.013480 0.007576
1 0.488868 0.581440 0.013480 0.008049
1 0.488052 0.597775 0.013480 0.007576
1 0.489074 0.615452 0.013480 0.007576
1 0.518688 0.461529 0.013480 0.007576
1 0.518587 0.479285 0.013480 0.007576
1 0.518382 0.496173 0.013480 0.007576
1 0.518178 0.513061 0.013480 0.007576
1 0.517974 0.530422 0.013480 0.008523
1 0.518382 0.546836 0.013480 0.007576
1 0.518791 0.564197 0.013480 0.007576
1 0.518587 0.581795 0.013480 0.008049
1 0.517770 0.598130 0.013480 0.007576
1 0.518791 0.615333 0.013480 0.007576
1 0.548100 0.462003 0.013480 0.007576
1 0.547998 0.479285 0.013480 0.007576
1 0.547794 0.496173 0.013480 0.007576
1 0.547590 0.513061 0.013480 0.007576
1 0.547998 0.530422 0.013480 0.008523
1 0.548407 0.546836 0.013480 0.007576
1 0.548203 0.564670 0.013480 0.007576
1 0.547998 0.582268 0.013480 0.008049
1 0.547181 0.598604 0.013480 0.007576
1 0.548203 0.615333 0.013480 0.007576
1 0.577511 0.462003 0.013480 0.007576
1 0.577410 0.479285 0.013480 0.007576
1 0.577206 0.496173 0.013480 0.007576
1 0.577614 0.512587 0.013480 0.007576
1 0.577410 0.530422 0.013480 0.008523
1 0.577819 0.547309 0.013480 0.007576
1 0.577614 0.564670 0.013480 0.007576
1 0.577410 0.582268 0.013480 0.008049
1 0.577614 0.615333 0.013480 0.007576
1 0.576593 0.598604 0.013480 0.007576
1 0.607026 0.615333 0.013480 0.007576
1 0.606925 0.462003 0.013480 0.007576
1 0.606822 0.479285 0.013480 0.007576
1 0.607230 0.495700 0.013480 0.007576
1 0.606413 0.512587 0.013480 0.007576
1 0.606822 0.530422 0.013480 0.008523
1 0.606618 0.547309 0.013480 0.007576
1 0.607026 0.564670 0.013480 0.007576
1 0.606822 0.582268 0.013480 0.008049
1 0.606005 0.598604 0.013480 0.007576
1 0.636438 0.615333 0.013480 0.007576
1 0.636335 0.462003 0.013480 0.007576
1 0.636846 0.479285 0.013480 0.007576
1 0.636029 0.496173 0.013480 0.007576
1 0.635825 0.513061 0.013480 0.007576
1 0.636234 0.530422 0.013480 0.008523
1 0.636029 0.547309 0.013480 0.007576
1 0.636438 0.564670 0.013480 0.007576
1 0.636234 0.581795 0.013480 0.008049
1 0.635417 0.598604 0.013480 0.007576
1 0.665237 0.615333 0.013480 0.007576
1 0.665747 0.462003 0.013480 0.007576
1 0.665645 0.479285 0.013480 0.007576
1 0.665441 0.496173 0.013480 0.007576
1 0.665237 0.513061 0.013480 0.007576
1 0.666258 0.530422 0.013480 0.008523
1 0.665441 0.547309 0.013480 0.007576
1 0.665850 0.564197 0.013480 0.007576
1 0.665645 0.581321 0.013480 0.008049
1 0.664828 0.598604 0.013480 0.007576
1 0.695261 0.615333 0.013480 0.007576
1 0.695159 0.462003 0.013482 0.007576
1 0.695057 0.479759 0.013480 0.007576
1 0.694853 0.496647 0.013480 0.007576
1 0.694649 0.513061 0.013480 0.007576
1 0.695057 0.530422 0.013480 0.008523
1 0.694853 0.547309 0.013480 0.007576
1 0.695261 0.564197 0.013480 0.007576
1 0.695057 0.581795 0.013480 0.008049
1 0.694240 0.598604 0.013480 0.007576
1 0.738971 0.395833 0.014706 0.007576
1 0.819444 0.395833 0.014706 0.007576
0 0.734886 0.439394 0.025737 0.018939
0 0.764706 0.439394 0.025739 0.018939
0 0.794118 0.439394 0.025739 0.018939
0 0.852941 0.439394 0.025735 0.018939
0 0.883987 0.439394 0.025735 0.018939
1 0.739072 0.461726 0.013480 0.007576
1 0.738869 0.649385 0.013480 0.007576
1 0.739686 0.479246 0.013480 0.007576
1 0.738665 0.496134 0.013480 0.007576
1 0.738665 0.513021 0.013480 0.007576
1 0.739278 0.530383 0.013480 0.007576
1 0.739278 0.547270 0.013480 0.007576
1 0.739686 0.564158 0.013480 0.007576
1 0.738665 0.581519 0.013480 0.007576
1 0.738665 0.598564 0.013480 0.007576
1 0.739073 0.615610 0.013480 0.007576
1 0.739482 0.632497 0.013480 0.007576
1 0.849265 0.462201 0.013480 0.007576
1 0.849060 0.615452 0.013480 0.007576
1 0.849265 0.479246 0.013480 0.007574
1 0.849265 0.496292 0.013480 0.007576
1 0.849060 0.513179 0.013480 0.007576
1 0.850082 0.530067 0.013480 0.007576
1 0.849265 0.547428 0.013480 0.007576
1 0.849877 0.564474 0.013480 0.007576
1 0.849673 0.581361 0.013480 0.007576
1 0.849265 0.598564 0.013480 0.007576
1 0.885417 0.462358 0.013480 0.007575
1 0.886642 0.615452 0.013480 0.007576
1 0.886029 0.478930 0.013480 0.007577
1 0.885825 0.496292 0.013480 0.007576
1 0.886234 0.513179 0.013480 0.007576
1 0.886029 0.530067 0.013480 0.007576
1 0.885825 0.547428 0.013480 0.007576
1 0.886234 0.564316 0.013480 0.007576
1 0.886029 0.581203 0.013480 0.007575
1 0.886234 0.598564 0.013480 0.007576
0 0.059437 0.732955 0.025737 0.018939
1 0.062501 0.694602 0.014706 0.007576
1 0.379289 0.695076 0.014706 0.007576
0 0.088235 0.732955 0.025737 0.018939
0 0.118464 0.732955 0.025737 0.018939
0 0.177288 0.732955 0.025735 0.018939
0 0.206699 0.732955 0.025735 0.018939
1 0.063011 0.755443 0.013480 0.007576
1 0.062195 0.943103 0.013480 0.007576
1 0.062399 0.772490 0.013480 0.007576
1 0.062603 0.789535 0.013480 0.007576
1 0.061990 0.806897 0.013480 0.007576
1 0.061990 0.823626 0.013480 0.007576
1 0.061991 0.841461 0.013480 0.007576
1 0.062399 0.857875 0.013480 0.007576
1 0.062604 0.874763 0.013480 0.007576
1 0.062604 0.891809 0.013480 0.007576
1 0.062399 0.908854 0.013480 0.007576
1 0.062195 0.926215 0.013480 0.007576
1 0.172794 0.755444 0.013480 0.007576
1 0.172590 0.909169 0.013480 0.007576
1 0.172181 0.772490 0.013480 0.007576
1 0.172794 0.789535 0.013480 0.007576
1 0.172590 0.806897 0.013480 0.007576
1 0.172386 0.823784 0.013480 0.007576
1 0.172794 0.840672 0.013480 0.007576
1 0.172794 0.857717 0.013480 0.007576
1 0.173203 0.875078 0.013480 0.007576
1 0.172181 0.891808 0.013480 0.007576
1 0.209559 0.755444 0.013480 0.007576
1 0.209559 0.909012 0.013480 0.007576
1 0.209559 0.772490 0.013480 0.007576
1 0.209967 0.789378 0.013480 0.007576
1 0.209150 0.806739 0.013480 0.007576
1 0.209559 0.823626 0.013480 0.007576
1 0.209967 0.840987 0.013480 0.007576
1 0.210376 0.857875 0.013480 0.007576
1 0.209559 0.874763 0.013480 0.007576
1 0.209763 0.892124 0.013480 0.007576
0 0.579044 0.820234 0.250003 0.172350
0 0.487134 0.943974 0.062500 0.018939
0 0.615197 0.944131 0.175247 0.018939
1 0.738971 0.706439 0.014706 0.007576
1 0.849265 0.706439 0.014706 0.007576