2 0.058913 0.135881 0.029412 0.022727
2 0.515240 0.135881 0.029412 0.022727
2 0.059625 0.340840 0.029412 0.022727
2 0.059625 0.374999 0.029412 0.022727
0 0.590882 0.399773 0.376275 0.022273
2 0.684431 0.437258 0.029412 0.022727
2 0.786897 0.437258 0.029412 0.022727
2 0.683510 0.471418 0.029412 0.022727
2 0.786897 0.471418 0.029412 0.022727
2 0.221479 0.505577 0.029412 0.022727
2 0.221479 0.528167 0.029412 0.022727
2 0.059625 0.562878 0.029412 0.022727
2 0.058913 0.630647 0.029412 0.022727
2 0.058913 0.658745 0.029412 0.022727
0 0.627647 0.686591 0.449804 0.022273
2 0.684431 0.721554 0.029412 0.022727
2 0.786897 0.721554 0.029412 0.022727
2 0.221033 0.749309 0.029412 0.022727
2 0.221033 0.771899 0.029412 0.022727
1 0.058587 0.818531 0.030306 0.022976
0 0.610392 0.906484 0.188235 0.024196
0 0.831373 0.910152 0.248627 0.020303