0 0.154987 0.272059 0.015152 0.827614
0 0.337121 0.273693 0.015783 0.827614
1 0.105789 0.960330 0.011995 0.014911
1 0.128910 0.960330 0.011836 0.014910
1 0.181625 0.931531 0.012942 0.016544
1 0.181671 0.676672 0.012468 0.017157
1 0.204155 0.842580 0.012706 0.016748
1 0.227631 0.843704 0.011679 0.015522
1 0.258187 0.961105 0.011995 0.015114
1 0.295103 0.961045 0.011996 0.014706
1 0.318303 0.960841 0.011995 0.015114
1 0.363507 0.931399 0.013100 0.017361
1 0.363552 0.676437 0.012942 0.017361
1 0.386288 0.843399 0.012073 0.016748
1 0.409015 0.842989 0.012073 0.016952
1 0.446618 0.960534 0.012784 0.016340
1 0.530408 0.960543 0.012769 0.016523
1 0.575626 0.961156 0.012295 0.016523
1 0.552899 0.960850 0.012295 0.017136
1 0.651636 0.960625 0.013242 0.016523
1 0.704193 0.960625 0.013242 0.017748
1 0.674364 0.960523 0.013242 0.017136