0 0.265360 0.132828 0.465361 0.021212
0 0.617649 0.132828 0.231374 0.021212
0 0.854252 0.132828 0.231373 0.021212
1 0.205048 0.150100 0.019093 0.014533
1 0.204453 0.166667 0.019502 0.014533
1 0.204453 0.182765 0.019502 0.013902
0 0.720917 0.179799 0.427453 0.020202
0 0.264217 0.230809 0.466668 0.021212
0 0.616996 0.230809 0.227453 0.021212
0 0.852291 0.230809 0.227451 0.021212
0 0.171038 0.317426 0.282763 0.021212
0 0.388237 0.317426 0.141176 0.021212
0 0.618303 0.308840 0.308498 0.039394
0 0.818627 0.317803 0.088235 0.021465
0 0.918957 0.317173 0.104575 0.021212
0 0.171038 0.347729 0.282763 0.021212
0 0.388237 0.347729 0.141176 0.021212
0 0.618303 0.339395 0.308498 0.039394
0 0.818627 0.347349 0.088235 0.021465
0 0.918954 0.347443 0.104575 0.021149
0 0.171345 0.379042 0.282150 0.021212
0 0.388237 0.378537 0.141176 0.021212
0 0.618303 0.368941 0.308498 0.039394
0 0.818627 0.378157 0.088235 0.021465
0 0.918957 0.378032 0.104575 0.021212
0 0.171345 0.408840 0.282150 0.021212
0 0.388237 0.408840 0.141176 0.021212
0 0.618303 0.399623 0.308498 0.038636
0 0.818627 0.408207 0.088235 0.021465
0 0.918957 0.408335 0.104575 0.021212
0 0.171038 0.438385 0.282763 0.021212
0 0.388237 0.438385 0.141176 0.020202
0 0.618303 0.428789 0.308498 0.037879
0 0.818627 0.439268 0.088235 0.021465
0 0.918957 0.438890 0.104575 0.021212
0 0.171345 0.469193 0.282150 0.021212
0 0.388237 0.470456 0.141176 0.021212
0 0.618303 0.459850 0.308498 0.037879
0 0.818627 0.469445 0.088235 0.020707
0 0.918957 0.469446 0.104575 0.021212
0 0.918957 0.496467 0.104575 0.021213
0 0.244445 0.552023 0.433988 0.017172
0 0.243260 0.574179 0.434232 0.017045
0 0.243628 0.597477 0.434969 0.017172
0 0.243628 0.617679 0.434969 0.017172
1 0.475662 0.572116 0.026141 0.020451
1 0.590890 0.571970 0.026140 0.020452
1 0.701184 0.571970 0.026757 0.020518
1 0.701082 0.594777 0.026757 0.020518
0 0.875167 0.745962 0.192157 0.021212
3 0.582351 0.956437 0.225490 0.025000
5 0.358825 0.982699 0.071242 0.023990
5 0.285297 0.982453 0.068627 0.023990
5 0.214217 0.982579 0.067647 0.024748