0 0.743431 0.156288 0.342549 0.026212
1 0.132843 0.179091 0.016274 0.012727
0 0.743431 0.184318 0.342549 0.026515
1 0.132843 0.207273 0.016274 0.012727
0 0.743431 0.212349 0.342549 0.026212
1 0.132843 0.235152 0.016274 0.012727
0 0.743627 0.241183 0.342549 0.032785
1 0.132843 0.267197 0.016274 0.012576
0 0.744216 0.287244 0.342549 0.059755
1 0.132843 0.326742 0.016274 0.012576
0 0.743431 0.331894 0.342549 0.026212
1 0.132843 0.354697 0.016274 0.012727
0 0.743431 0.359773 0.342549 0.026212
1 0.132843 0.382576 0.016274 0.012727
0 0.743431 0.387652 0.342549 0.026212
1 0.132843 0.410455 0.016274 0.012727
0 0.743823 0.424348 0.342549 0.044638
1 0.132843 0.456288 0.016274 0.012576
0 0.743823 0.470520 0.342549 0.043809
1 0.132843 0.501761 0.016274 0.012727
0 0.743431 0.544015 0.340980 0.098636
1 0.132843 0.603030 0.016274 0.012727
0 0.742647 0.608182 0.340980 0.026364
1 0.132843 0.630985 0.016274 0.012576
0 0.742647 0.636136 0.340980 0.026212
1 0.132843 0.658864 0.016274 0.012576
0 0.743039 0.672681 0.340980 0.044638
1 0.132843 0.704697 0.016274 0.012727
0 0.742843 0.711894 0.340980 0.030152
1 0.132843 0.736667 0.016274 0.012727
0 0.743039 0.750974 0.340980 0.043809
1 0.132843 0.782500 0.016274 0.012576
0 0.742843 0.789773 0.340980 0.030152
1 0.132843 0.814110 0.016274 0.012576
0 0.743039 0.828287 0.340980 0.044638
1 0.132843 0.859943 0.016274 0.012727
0 0.742843 0.867500 0.340980 0.030152
1 0.103529 0.179091 0.016275 0.012727
1 0.103529 0.207273 0.016275 0.012727
1 0.103529 0.235152 0.016275 0.012727
1 0.103529 0.267197 0.016275 0.012576
1 0.103529 0.326742 0.016275 0.012576
1 0.103529 0.354697 0.016275 0.012727
1 0.103529 0.382576 0.016275 0.012727
1 0.103529 0.410455 0.016275 0.012727
1 0.103529 0.456288 0.016275 0.012576
1 0.103529 0.501761 0.016275 0.012727
1 0.103529 0.603030 0.016275 0.012727
1 0.103529 0.630625 0.016275 0.012576
1 0.103529 0.658864 0.016275 0.012576
1 0.103529 0.704697 0.016275 0.012727
1 0.103529 0.736667 0.016275 0.012727
1 0.103529 0.782500 0.016275 0.012576
1 0.103529 0.814110 0.016275 0.012576
1 0.103529 0.859943 0.016275 0.012727