0 0.179949 0.578682 0.241065 0.017566
0 0.427064 0.578049 0.235294 0.018832
0 0.198331 0.627823 0.277828 0.018653
0 0.447800 0.627733 0.188531 0.018832
3 0.585003 0.629612 0.065882 0.022232
3 0.855167 0.627733 0.232029 0.018832
0 0.678450 0.628216 0.107842 0.017866
2 0.093462 0.310500 0.014706 0.011364
2 0.150922 0.310500 0.014706 0.011364
0 0.211991 0.357501 0.261028 0.018653
0 0.447929 0.357411 0.188531 0.018832
3 0.585132 0.359290 0.065882 0.022232
3 0.855167 0.357411 0.232029 0.018832
0 0.678581 0.357894 0.107841 0.017866
0 0.175226 0.408640 0.187498 0.022323
0 0.316770 0.408686 0.073529 0.022232
1 0.373260 0.393225 0.014706 0.011364
1 0.373260 0.411602 0.014706 0.011364
1 0.428405 0.411602 0.014706 0.011364
0 0.202799 0.233199 0.286765 0.018653
0 0.444123 0.233109 0.181176 0.018832
3 0.580076 0.234989 0.078087 0.022232
3 0.855167 0.233109 0.232029 0.018832
0 0.678450 0.233592 0.107842 0.017866
0 0.151329 0.269912 0.183825 0.022323
0 0.296347 0.269957 0.076799 0.022232
1 0.354495 0.255349 0.014706 0.011364
1 0.354495 0.272872 0.014706 0.011364
1 0.409637 0.272872 0.014706 0.011364
0 0.155005 0.678462 0.191176 0.022323
0 0.296549 0.679366 0.077203 0.020515
1 0.354492 0.662669 0.014706 0.011364
1 0.354492 0.680174 0.014706 0.011364
1 0.409637 0.680174 0.014706 0.011364
1 0.439049 0.185650 0.014706 0.011364
1 0.439049 0.165761 0.014706 0.011364
0 0.805739 0.185799 0.330884 0.022323
0 0.805739 0.148919 0.330884 0.022323
1 0.356629 0.184487 0.014706 0.011364
1 0.356631 0.164599 0.014706 0.011364
1 0.176480 0.184487 0.014706 0.011364
0 0.240484 0.481732 0.255511 0.018653
0 0.466090 0.481642 0.181386 0.018832
3 0.598191 0.483522 0.069118 0.022232
3 0.862728 0.480851 0.213237 0.017250
0 0.363650 0.528603 0.273895 0.018653
0 0.600588 0.528513 0.185670 0.018832
3 0.787972 0.530393 0.166670 0.022232
0 0.924407 0.528603 0.089879 0.018653
0 0.693610 0.482125 0.107842 0.017866
2 0.122435 0.518370 0.014706 0.011364
2 0.122435 0.532463 0.014706 0.011364
0 0.218426 0.769742 0.270217 0.018653
0 0.453217 0.769652 0.181386 0.018832
3 0.586621 0.771532 0.069118 0.022232
3 0.855373 0.768861 0.231616 0.017250
0 0.345261 0.816613 0.314340 0.018653
0 0.602423 0.816523 0.185670 0.018832
3 0.789806 0.818403 0.166670 0.022232
0 0.926242 0.816613 0.089879 0.018653
0 0.678450 0.770135 0.107842 0.017866
2 0.093023 0.804213 0.014706 0.011364
2 0.093023 0.823736 0.014706 0.011364
0 0.291703 0.182738 0.099088 0.028968
0 0.109706 0.182738 0.099088 0.028968
0 0.876805 0.949969 0.188747 0.017261