0 0.249216 0.093485 0.322745 0.018485
0 0.522353 0.093485 0.218824 0.018485
1 0.732549 0.084546 0.015294 0.011818
1 0.865098 0.084546 0.015294 0.011818
0 0.249216 0.138561 0.320392 0.046515
0 0.522353 0.138561 0.216471 0.046515
0 0.773137 0.123333 0.278431 0.017879
0 0.773137 0.152879 0.278431 0.017879
0 0.264216 0.181667 0.352745 0.016667
1 0.469608 0.181894 0.014510 0.011061
1 0.508781 0.181894 0.015379 0.011061
1 0.566274 0.183030 0.015294 0.011818
1 0.608235 0.183030 0.015294 0.011818
0 0.773137 0.181667 0.278431 0.016667
0 0.359804 0.209849 0.543922 0.016667
0 0.205392 0.241894 0.234314 0.023485
0 0.444902 0.238712 0.051765 0.012879
0 0.500980 0.238712 0.051765 0.012879
0 0.557059 0.238636 0.051765 0.013030
1 0.353529 0.247727 0.012549 0.009697
1 0.385294 0.247727 0.012549 0.009697
0 0.668431 0.238788 0.051765 0.013030
0 0.724608 0.238788 0.051961 0.013030
0 0.780784 0.238788 0.051765 0.013030
0 0.245882 0.273636 0.316078 0.016667
0 0.483725 0.274242 0.043137 0.013030
0 0.535490 0.274242 0.051765 0.013030
0 0.667157 0.273182 0.049216 0.012424
0 0.436275 0.274242 0.043137 0.013030
0 0.440588 0.302424 0.051765 0.013030
0 0.323039 0.301818 0.161765 0.016667
0 0.496667 0.302424 0.051765 0.013030
0 0.552745 0.302424 0.051765 0.013030
0 0.668431 0.302424 0.051765 0.013030
0 0.834706 0.273182 0.114510 0.012424
0 0.724608 0.302424 0.051961 0.013030
0 0.780784 0.302424 0.051765 0.013030
0 0.233039 0.320606 0.069608 0.013030
0 0.467941 0.333485 0.038627 0.011212
0 0.588333 0.333485 0.038627 0.011212
0 0.694020 0.333485 0.038627 0.011212
0 0.836373 0.333485 0.038627 0.011212
0 0.483333 0.351061 0.030980 0.013030
0 0.599020 0.351061 0.030980 0.013030
0 0.709412 0.351061 0.030980 0.013030
0 0.850980 0.353061 0.030980 0.013030
0 0.483333 0.369545 0.030980 0.013030
0 0.599020 0.369545 0.030980 0.013030
0 0.709412 0.369545 0.030980 0.013030
0 0.850980 0.371545 0.030980 0.013030
0 0.483333 0.388030 0.030980 0.013030
0 0.599020 0.388030 0.030980 0.013030
0 0.709412 0.388030 0.030980 0.013030
0 0.850980 0.390030 0.030980 0.013030
0 0.483868 0.406515 0.029910 0.013030
0 0.599020 0.406515 0.030980 0.013030
0 0.709412 0.406515 0.030980 0.013030
0 0.850980 0.408515 0.030980 0.013030
1 0.587745 0.441591 0.015490 0.011970
1 0.634020 0.441591 0.015490 0.011970
1 0.836078 0.441591 0.015294 0.011970
1 0.873725 0.441591 0.015294 0.011970
1 0.139902 0.570152 0.016275 0.012727
0 0.757941 0.572197 0.319020 0.020455
1 0.139902 0.591664 0.016275 0.012727
0 0.757941 0.608409 0.319020 0.047424
1 0.139902 0.641285 0.016275 0.012576
0 0.757941 0.650157 0.319020 0.033788
1 0.139902 0.677500 0.016275 0.012576
0 0.757941 0.686742 0.319020 0.033788
1 0.139902 0.713333 0.016275 0.012727
0 0.757941 0.729546 0.319020 0.047273
1 0.139902 0.762879 0.016275 0.012727
0 0.757941 0.779167 0.319020 0.047424
1 0.139902 0.812500 0.016275 0.012576
0 0.757941 0.858258 0.319020 0.106212
0 0.191116 0.347059 0.030980 0.013030
0 0.191116 0.365544 0.030980 0.013030
0 0.191116 0.384029 0.030980 0.013030
0 0.191116 0.403069 0.030980 0.013030
0 0.241886 0.346577 0.030980 0.013030
0 0.241886 0.365062 0.030980 0.013030
0 0.241886 0.383547 0.030980 0.013030
0 0.241886 0.403069 0.030980 0.013030
0 0.289443 0.346923 0.030980 0.013030
0 0.289443 0.365408 0.030980 0.013030
0 0.289443 0.383893 0.030980 0.013030
0 0.289443 0.403069 0.030980 0.013030
0 0.340212 0.347269 0.030980 0.013030
0 0.340212 0.365754 0.030980 0.013030
0 0.340212 0.384239 0.030980 0.013030
0 0.340212 0.402656 0.030980 0.012203
0 0.131342 0.347615 0.014920 0.013030
0 0.132413 0.366100 0.017062 0.013030
0 0.131877 0.384585 0.015991 0.013030
0 0.132413 0.403069 0.017062 0.013030
0 0.208739 0.440798 0.062013 0.014540
0 0.482340 0.440146 0.035245 0.015367
0 0.453323 0.351061 0.020054 0.013030
0 0.453323 0.369545 0.020054 0.013030
0 0.453323 0.388030 0.020054 0.013030
0 0.453323 0.406515 0.020054 0.013030
0 0.568444 0.351061 0.020268 0.013030
0 0.568444 0.369545 0.020268 0.013030
0 0.568444 0.388030 0.020268 0.013030
0 0.568444 0.406515 0.020268 0.013030
0 0.680775 0.351061 0.018132 0.013030
0 0.678099 0.369545 0.018132 0.013030
0 0.679705 0.388030 0.018132 0.013030
0 0.679169 0.406515 0.018132 0.013030
0 0.819341 0.353061 0.018132 0.013030
0 0.819341 0.371545 0.019204 0.013030
0 0.819341 0.390030 0.018132 0.013030
0 0.819341 0.408515 0.017060 0.013030
0 0.669207 0.210972 0.051765 0.013030
0 0.725384 0.210972 0.051961 0.013030
0 0.781560 0.210972 0.051765 0.013030
0 0.162208 0.301980 0.151058 0.016667
1 0.103320 0.569740 0.016275 0.011904
1 0.103320 0.591664 0.016275 0.012727
1 0.103320 0.641285 0.016275 0.012576
1 0.103320 0.677500 0.016275 0.012576
1 0.103320 0.713333 0.016275 0.012727
1 0.103320 0.762879 0.016275 0.012727
1 0.103320 0.812500 0.016275 0.012576