0 0.199123 0.445536 0.279412 0.018653
0 0.436771 0.445446 0.181176 0.018832
3 0.575412 0.447326 0.074343 0.022232
3 0.853333 0.445446 0.232029 0.018832
0 0.676617 0.445929 0.107842 0.017866
0 0.515299 0.481761 0.911765 0.018653
1 0.296508 0.397673 0.014706 0.011364
0 0.658683 0.397601 0.625000 0.022232
0 0.199123 0.658289 0.279412 0.018653
0 0.436771 0.658199 0.181176 0.018832
3 0.575412 0.660078 0.074343 0.022232
3 0.853333 0.658199 0.232029 0.018832
0 0.676617 0.658682 0.107842 0.017866
0 0.515299 0.694512 0.911765 0.018653
1 0.296508 0.610426 0.014706 0.011364
0 0.658680 0.610354 0.625000 0.022232
0 0.199123 0.797494 0.279412 0.018653
0 0.436771 0.797405 0.181176 0.018832
3 0.575412 0.799284 0.074343 0.022232
3 0.853333 0.797405 0.232029 0.018832
0 0.676617 0.797888 0.107842 0.017866
0 0.515299 0.833718 0.911765 0.018653
1 0.296508 0.749631 0.014706 0.011364
0 0.658680 0.749559 0.625000 0.022232
2 0.747873 0.512203 0.014706 0.011364
2 0.810998 0.512203 0.014706 0.011364
2 0.747873 0.174136 0.014706 0.011364
2 0.810998 0.174136 0.014706 0.011364
0 0.199123 0.309172 0.279412 0.018653
0 0.436771 0.309083 0.181176 0.018832
3 0.575412 0.310962 0.074343 0.022232
3 0.853333 0.309083 0.232029 0.018832
0 0.676617 0.309566 0.107842 0.017866
0 0.515299 0.345397 0.911765 0.018653
1 0.296508 0.261309 0.014706 0.011364
0 0.658683 0.261237 0.625000 0.022232
0 0.155005 0.261069 0.191176 0.022327
0 0.155005 0.397432 0.191176 0.022327
0 0.155005 0.610306 0.191176 0.022327
0 0.155005 0.749705 0.191176 0.022327
0 0.876805 0.949979 0.188747 0.017261