0 0.873341 0.941713 0.188747 0.017261
2 0.070809 0.376442 0.014706 0.011364
2 0.129034 0.376442 0.014706 0.011364
0 0.588237 0.272217 0.161765 0.022323
1 0.690850 0.273905 0.014706 0.011364
0 0.275736 0.272970 0.433825 0.020818
0 0.650737 0.222176 0.242641 0.018653
0 0.399514 0.222176 0.240194 0.018653
0 0.875002 0.224675 0.176470 0.020814
0 0.798923 0.680222 0.333141 0.022232
3 0.930146 0.578405 0.080884 0.022323
0 0.770110 0.576616 0.221583 0.018744
0 0.214563 0.576616 0.267358 0.018744
0 0.502452 0.576616 0.284312 0.018744
0 0.209561 0.627838 0.257351 0.018653
0 0.444852 0.627748 0.198531 0.018832
3 0.587003 0.629628 0.071059 0.022232
3 0.856520 0.627748 0.228137 0.018832
0 0.682497 0.628231 0.100288 0.017866
2 0.791397 0.104867 0.014706 0.011364
2 0.732573 0.104867 0.014706 0.011364
3 0.214464 0.680222 0.267160 0.022232
3 0.488971 0.680222 0.257351 0.022232
1 0.256533 0.176448 0.014706 0.011364
0 0.161765 0.225470 0.205882 0.021752
0 0.813726 0.274541 0.137253 0.017673
1 0.908987 0.273905 0.014706 0.011364
0 0.798923 0.528393 0.333141 0.022232
3 0.930146 0.426576 0.080884 0.022323
0 0.772635 0.424786 0.221583 0.018744
0 0.214563 0.424786 0.267358 0.018744
0 0.502452 0.424786 0.284312 0.018744
0 0.209561 0.476597 0.257351 0.017476
0 0.444852 0.475919 0.198531 0.018832
3 0.587003 0.477798 0.071059 0.022232
3 0.856520 0.475919 0.228137 0.018832
0 0.682497 0.476402 0.100288 0.017866
3 0.214464 0.528393 0.267160 0.022232
3 0.488971 0.528393 0.257351 0.022232
0 0.189337 0.333528 0.261028 0.020068
1 0.334967 0.338751 0.014706 0.011364
1 0.594768 0.320626 0.014706 0.011364
0 0.486523 0.335700 0.193631 0.022883
1 0.594768 0.338751 0.014706 0.011364
0 0.838235 0.330393 0.254905 0.033496
1 0.825162 0.176448 0.014706 0.011364
1 0.717315 0.176448 0.014706 0.011364
1 0.344768 0.176448 0.014706 0.011364