0 0.873341 0.941713 0.188747 0.017261
3 0.288101 0.157195 0.453209 0.018744
0 0.687501 0.158985 0.316178 0.022323
1 0.907680 0.158798 0.014706 0.011364
0 0.335895 0.205832 0.548796 0.017412
3 0.796670 0.205832 0.347837 0.017412
0 0.206006 0.254230 0.289018 0.017207
0 0.483874 0.253417 0.252843 0.018832
0 0.729578 0.253900 0.209152 0.017866
3 0.911665 0.255207 0.117448 0.022412
0 0.288101 0.288816 0.453209 0.018744
0 0.687501 0.290606 0.316178 0.022323
1 0.907680 0.291682 0.014706 0.011364
2 0.137408 0.326746 0.014706 0.011364
2 0.073879 0.326746 0.014706 0.011364
3 0.276429 0.384753 0.382011 0.016422
0 0.540820 0.384753 0.137510 0.016422
1 0.619866 0.384753 0.014706 0.011364
0 0.742626 0.384753 0.126111 0.016422
1 0.822703 0.384753 0.014706 0.011364
1 0.880056 0.384753 0.014706 0.011364
3 0.276429 0.404753 0.382011 0.016422
0 0.540820 0.404753 0.137510 0.016422
1 0.619866 0.404753 0.014706 0.011364
0 0.742626 0.404753 0.126111 0.016422
1 0.822703 0.404753 0.014706 0.011364
1 0.880056 0.404753 0.014706 0.011364
3 0.276429 0.424753 0.382011 0.016422
0 0.540820 0.424753 0.137510 0.016422
1 0.619866 0.424753 0.014706 0.011364
0 0.742626 0.424753 0.126111 0.016422
1 0.822703 0.424753 0.014706 0.011364
1 0.880056 0.424753 0.014706 0.011364
3 0.276429 0.444753 0.382011 0.016422
0 0.540820 0.444753 0.137510 0.016422
1 0.619866 0.444753 0.014706 0.011364
0 0.742626 0.444753 0.126111 0.016422
1 0.822703 0.444753 0.014706 0.011364
1 0.880056 0.444753 0.014706 0.011364
3 0.276429 0.464753 0.382011 0.016422
0 0.540820 0.464753 0.137510 0.016422
1 0.619866 0.464753 0.014706 0.011364
0 0.742626 0.464753 0.126111 0.016422
1 0.822703 0.464753 0.014706 0.011364
1 0.880056 0.464753 0.014706 0.011364
3 0.276429 0.484753 0.382011 0.016422
0 0.540820 0.484753 0.137510 0.016422
1 0.620420 0.484753 0.014706 0.011364
0 0.742626 0.484753 0.126111 0.016422
1 0.822408 0.484753 0.014706 0.011364
1 0.880056 0.484753 0.014706 0.011364