0 0.096441 0.249221 0.138027 0.029068
0 0.240852 0.244789 0.142717 0.017170
0 0.362095 0.249672 0.094742 0.028083
0 0.462120 0.249010 0.102260 0.026763
0 0.565046 0.249944 0.100742 0.029160
0 0.679035 0.243979 0.117649 0.017172
0 0.796683 0.243979 0.117647 0.017172
0 0.913350 0.243979 0.116340 0.017172
0 0.097227 0.281840 0.139987 0.029658
0 0.240623 0.274690 0.142717 0.017170
0 0.362356 0.279451 0.097386 0.029773
0 0.461386 0.279129 0.101428 0.030415
0 0.565144 0.279821 0.099912 0.027785
0 0.678807 0.275143 0.117647 0.017172
0 0.796454 0.275143 0.117647 0.017172
0 0.913121 0.275143 0.116340 0.017172
0 0.096395 0.317314 0.138024 0.032045
0 0.240623 0.310044 0.142717 0.017170
0 0.362137 0.317238 0.096552 0.034319
0 0.461310 0.316480 0.098485 0.032804
0 0.565038 0.317664 0.101724 0.033686
0 0.678807 0.318072 0.117647 0.017172
0 0.796454 0.318072 0.117647 0.017172
0 0.913121 0.318072 0.116340 0.017172
0 0.095202 0.356580 0.136896 0.034088
0 0.241455 0.348695 0.142717 0.017170
0 0.362030 0.357028 0.095574 0.034845
0 0.461723 0.355513 0.098485 0.031813
0 0.566271 0.356355 0.103833 0.033571
0 0.678807 0.359739 0.117647 0.017172
0 0.796454 0.359739 0.117647 0.017172
0 0.913121 0.359739 0.116340 0.017172
0 0.095576 0.397139 0.137044 0.033447
0 0.241455 0.388592 0.142717 0.017172
0 0.362368 0.397568 0.097386 0.034847
0 0.463342 0.397314 0.101426 0.031816
0 0.565139 0.398331 0.102703 0.034328
0 0.678807 0.401866 0.117647 0.017172
0 0.796454 0.401866 0.117647 0.017172
0 0.913121 0.401866 0.116340 0.017172
0 0.096747 0.437257 0.139986 0.033332
0 0.240623 0.429993 0.142717 0.017170
0 0.362635 0.439751 0.096554 0.035604
0 0.463670 0.438797 0.100297 0.033331
0 0.565648 0.438514 0.102704 0.034212
0 0.678807 0.441809 0.117647 0.017172
0 0.796454 0.441809 0.117647 0.017172
0 0.913121 0.441809 0.116340 0.017172
0 0.095491 0.478742 0.137044 0.033332
0 0.240837 0.471479 0.142717 0.017172
0 0.362849 0.479594 0.096554 0.034847
0 0.463231 0.479776 0.102260 0.034845
0 0.565372 0.479999 0.101724 0.034212
0 0.679020 0.482032 0.117649 0.017172
0 0.796669 0.482032 0.117649 0.017172
0 0.913337 0.482032 0.116340 0.017172
0 0.095491 0.518388 0.137044 0.031817
0 0.241818 0.510620 0.142717 0.017172
0 0.362849 0.519241 0.096554 0.033332
0 0.463231 0.521064 0.102260 0.034088
0 0.566174 0.521232 0.101724 0.034970
0 0.679020 0.523698 0.117649 0.017172
0 0.796669 0.523698 0.117649 0.017172
0 0.913337 0.523698 0.116340 0.017172
0 0.095981 0.555383 0.138025 0.032574
0 0.240837 0.548499 0.142717 0.017172
0 0.362849 0.556236 0.096554 0.032574
0 0.464269 0.556923 0.102260 0.032573
0 0.566757 0.556668 0.101724 0.032697
0 0.679020 0.562840 0.117649 0.017172
0 0.796669 0.562840 0.117649 0.017172
0 0.913337 0.562840 0.116340 0.017172
0 0.743283 0.700581 0.450555 0.080634
0 0.171555 0.730942 0.282308 0.018876
0 0.413539 0.730828 0.189454 0.017975
1 0.039980 0.775658 0.019608 0.015152
1 0.040570 0.798404 0.019608 0.015152
0 0.839308 0.919157 0.197760 0.021987