0 0.470037 0.088305 0.338178 0.021577
0 0.511402 0.144645 0.880088 0.022376
1 0.851131 0.252929 0.016547 0.012787
1 0.922491 0.252528 0.016547 0.012787
1 0.515541 0.295283 0.015513 0.011987
1 0.585864 0.295283 0.015513 0.011987
1 0.713069 0.295283 0.015513 0.011987
0 0.689282 0.331644 0.431253 0.020778
0 0.440561 0.431137 0.109623 0.021577
0 0.269405 0.468696 0.451938 0.021577
0 0.269922 0.506256 0.452972 0.021577
0 0.896118 0.431137 0.110657 0.021577
0 0.724962 0.468696 0.452972 0.021577
0 0.724444 0.506256 0.454007 0.021577
0 0.441079 0.568989 0.108590 0.020778
0 0.269405 0.606548 0.451938 0.022376
0 0.269405 0.644507 0.451938 0.021577
0 0.896118 0.569388 0.110657 0.019979
0 0.724962 0.606548 0.452972 0.022376
0 0.724962 0.644907 0.452972 0.020778
5 0.343349 0.937792 0.115828 0.027970
5 0.490719 0.936992 0.118931 0.027970
5 0.631885 0.936992 0.113760 0.027970