0 0.274575 0.166621 0.425049 0.035961
0 0.602927 0.175011 0.217178 0.019179
0 0.827346 0.175011 0.217178 0.019179
0 0.273541 0.219364 0.425049 0.035961
0 0.602410 0.218565 0.218212 0.035961
0 0.827346 0.226157 0.217178 0.019179
0 0.208716 0.313684 0.299989 0.023674
0 0.208716 0.337359 0.299989 0.023674
0 0.450623 0.313684 0.173611 0.023674
0 0.626788 0.313684 0.173611 0.023674
0 0.831673 0.313191 0.228503 0.022687
0 0.831673 0.341797 0.228503 0.040443
0 0.208716 0.374842 0.299989 0.023674
0 0.208716 0.398516 0.299989 0.023674
0 0.450623 0.374842 0.173611 0.023674
0 0.626788 0.374842 0.173611 0.023674
0 0.831673 0.374349 0.228503 0.022688
0 0.831673 0.402955 0.228503 0.040443
0 0.208716 0.436001 0.299989 0.023674
0 0.208716 0.459676 0.299989 0.023674
0 0.450623 0.436001 0.173611 0.023674
0 0.626788 0.436001 0.173611 0.023674
0 0.831673 0.435508 0.228503 0.022687
0 0.831673 0.464114 0.228503 0.040443
0 0.208716 0.498145 0.299989 0.023674
0 0.208716 0.521820 0.299989 0.023674
0 0.450623 0.498145 0.173611 0.023674
0 0.626788 0.498145 0.173611 0.023674
0 0.831673 0.497652 0.228503 0.022688
0 0.831673 0.526259 0.228503 0.040444
0 0.210063 0.560290 0.299989 0.023674
0 0.208716 0.583965 0.299989 0.023674
0 0.451969 0.560290 0.173611 0.023674
0 0.626788 0.560290 0.173611 0.023674
0 0.831673 0.559797 0.228503 0.022688
0 0.831673 0.588403 0.228503 0.040443
0 0.208716 0.623422 0.299989 0.023674
0 0.208716 0.647096 0.299989 0.023674
0 0.450623 0.623422 0.173611 0.023674
0 0.626788 0.623422 0.173611 0.023674
0 0.831673 0.622929 0.228503 0.022688
0 0.831673 0.651535 0.228503 0.040443
0 0.208716 0.684581 0.299989 0.023674
0 0.208716 0.708255 0.299989 0.023674
0 0.450623 0.684581 0.173611 0.023674
0 0.626788 0.684581 0.173611 0.023674
0 0.831673 0.684087 0.228503 0.022687
0 0.831673 0.712694 0.228503 0.040443
0 0.208716 0.745739 0.299989 0.023674
0 0.208716 0.769413 0.299989 0.023674
0 0.450623 0.745739 0.173611 0.023674
0 0.626788 0.745739 0.173611 0.023674
0 0.831673 0.745246 0.228503 0.022688
0 0.831673 0.769906 0.228503 0.032552
0 0.450623 0.802952 0.173611 0.023674
0 0.626788 0.802952 0.173611 0.023674
0 0.332542 0.831558 0.039573 0.015783
0 0.450623 0.833530 0.173611 0.023674
0 0.626788 0.833530 0.173611 0.023674
0 0.450623 0.867069 0.173611 0.023674
0 0.628064 0.867069 0.173611 0.023674
5 0.567727 0.957118 0.138353 0.035944
5 0.710851 0.956196 0.138353 0.035944
5 0.853975 0.955274 0.138353 0.035944