0 0.278073 0.215927 0.437928 0.019568
0 0.630586 0.215867 0.206302 0.019091
0 0.866734 0.215867 0.205685 0.019568
0 0.278929 0.248924 0.436693 0.021000
0 0.630586 0.249586 0.204449 0.020045
0 0.866734 0.250248 0.204449 0.020523
0 0.278074 0.284628 0.437312 0.021000
0 0.748661 0.284025 0.440400 0.020523
0 0.855257 0.504958 0.230304 0.020385
0 0.854899 0.539117 0.229590 0.020386
1 0.069875 0.661982 0.019964 0.014876
1 0.512097 0.661586 0.019652 0.014083
0 0.855257 0.701100 0.228876 0.023691
0 0.855970 0.740770 0.230302 0.024794
0 0.380748 0.777409 0.697325 0.019835