0 0.873341 0.941713 0.188747 0.017261
2 0.693111 0.296270 0.014706 0.011364
2 0.758150 0.296270 0.014706 0.011364
2 0.070809 0.464201 0.014706 0.011364
2 0.148882 0.464201 0.014706 0.011364
0 0.154412 0.372510 0.191176 0.022388
1 0.282681 0.371660 0.014706 0.011364
0 0.628679 0.370733 0.595590 0.018653
0 0.189340 0.420486 0.261033 0.018771
0 0.433667 0.420396 0.205567 0.018951
3 0.583748 0.422275 0.074343 0.022351
3 0.857605 0.420405 0.225966 0.018933
0 0.685815 0.420879 0.107804 0.017985
0 0.308823 0.518458 0.448531 0.018653
0 0.209557 0.568716 0.250000 0.017255
0 0.439183 0.567868 0.194539 0.018951
3 0.583748 0.569748 0.074343 0.022351
3 0.857605 0.567175 0.225966 0.020340
0 0.685815 0.568351 0.107804 0.017985
0 0.758340 0.518458 0.424497 0.018653
0 0.308823 0.623575 0.448531 0.018653
0 0.209557 0.673835 0.250000 0.017255
0 0.439183 0.672987 0.194539 0.018951
3 0.583748 0.674866 0.074343 0.022351
3 0.857605 0.672292 0.225966 0.020340
0 0.685815 0.673470 0.107804 0.017985
0 0.758340 0.623575 0.424497 0.018653