1 0.134314 0.123258 0.016471 0.012576
0 0.743431 0.125606 0.342941 0.020909
1 0.134314 0.145758 0.016471 0.012727
0 0.743431 0.152955 0.342941 0.030152
0 0.743431 0.202576 0.342941 0.020909
1 0.134314 0.222652 0.016471 0.012576
0 0.743431 0.225000 0.342941 0.020909
1 0.134314 0.245152 0.016471 0.012727
0 0.743431 0.247500 0.342941 0.021061
1 0.134314 0.267652 0.016471 0.012576
0 0.743431 0.270000 0.342941 0.020909
1 0.134314 0.290076 0.016471 0.012576
0 0.743431 0.292424 0.342941 0.020909
1 0.134314 0.312272 0.016471 0.012727
0 0.743431 0.314924 0.342941 0.021061
1 0.134314 0.334772 0.016471 0.012576
0 0.743431 0.342349 0.342941 0.030151
1 0.134314 0.366741 0.016471 0.012576
0 0.743431 0.374318 0.342941 0.030152
1 0.134314 0.421857 0.016471 0.012727
0 0.742843 0.423864 0.341765 0.021061
1 0.134314 0.444357 0.016471 0.012576
0 0.743039 0.449318 0.341765 0.026515
1 0.134314 0.472539 0.016471 0.012576
0 0.743431 0.484296 0.341765 0.040500
1 0.134314 0.514585 0.016471 0.012727
0 0.743039 0.519470 0.341765 0.026515
1 0.134314 0.542766 0.016471 0.012727
0 0.743431 0.554599 0.341765 0.040500
1 0.132843 0.679289 0.016274 0.012576
0 0.743431 0.686591 0.342157 0.030152
1 0.132843 0.711335 0.016274 0.012727
0 0.743431 0.713636 0.342157 0.020909
1 0.132843 0.756259 0.016274 0.012576
0 0.743431 0.763561 0.342157 0.030152
1 0.132843 0.788229 0.016274 0.012576
0 0.743431 0.790606 0.342157 0.020909
1 0.102467 0.679289 0.016275 0.012576
1 0.102467 0.711335 0.016275 0.012727
1 0.102467 0.756259 0.016275 0.012576
1 0.102467 0.788229 0.016275 0.012576
1 0.103529 0.421857 0.016471 0.012727
1 0.103529 0.444357 0.016471 0.012576
1 0.103529 0.472539 0.016471 0.012576
1 0.103529 0.514585 0.016471 0.012727
1 0.103529 0.542766 0.016471 0.012727
1 0.103529 0.222652 0.016471 0.012576
1 0.103529 0.245152 0.016471 0.012727
1 0.103529 0.267652 0.016471 0.012576
1 0.103529 0.290076 0.016471 0.012576
1 0.103529 0.312272 0.016471 0.012727
1 0.103529 0.334772 0.016471 0.012576
1 0.103529 0.366741 0.016471 0.012576
1 0.103529 0.123258 0.016471 0.012576
1 0.103529 0.145758 0.016471 0.012727