0 0.201666 0.204181 0.316459 0.024773
0 0.497442 0.204181 0.273025 0.024773
0 0.201666 0.263717 0.316459 0.025572
0 0.497442 0.263717 0.270956 0.025572
0 0.793216 0.233349 0.316459 0.084708
1 0.115829 0.432335 0.016547 0.012787
1 0.182533 0.432335 0.017582 0.013586
1 0.316460 0.431536 0.016547 0.012787
0 0.156162 0.487476 0.225451 0.022376
0 0.335592 0.487076 0.131341 0.021577
0 0.429703 0.487076 0.052743 0.021577
0 0.542428 0.487476 0.170641 0.022376
0 0.790115 0.487476 0.322665 0.022376
0 0.156162 0.509453 0.225451 0.023175
0 0.335592 0.509453 0.131341 0.021577
0 0.429186 0.509053 0.051709 0.022376
0 0.541911 0.509453 0.169606 0.021577
0 0.789598 0.509453 0.323699 0.021577
0 0.156162 0.532227 0.225451 0.020778
0 0.336109 0.532627 0.130307 0.021577
0 0.428669 0.531828 0.052743 0.021577
0 0.541911 0.531828 0.169606 0.021577
0 0.790115 0.532227 0.322665 0.020778
0 0.156162 0.555003 0.225451 0.021577
0 0.336109 0.555003 0.132376 0.021577
0 0.428669 0.555003 0.052743 0.021577
0 0.541911 0.555003 0.169606 0.021577
0 0.790115 0.554604 0.322665 0.022376
1 0.447801 0.610544 0.018616 0.014385
1 0.510369 0.609345 0.017582 0.013586
0 0.156162 0.820318 0.225451 0.021577
0 0.336109 0.820318 0.130307 0.021577
0 0.429186 0.820318 0.051709 0.021577
0 0.542428 0.820318 0.170641 0.021577
0 0.789598 0.820318 0.323699 0.021577
0 0.156162 0.842294 0.225451 0.022376
0 0.336627 0.842694 0.131342 0.021577
0 0.429186 0.842694 0.051709 0.021577
0 0.541911 0.842694 0.169606 0.021577
0 0.789598 0.842694 0.323699 0.021577
0 0.156162 0.865470 0.225451 0.022376
0 0.336109 0.865869 0.130307 0.021577
0 0.429186 0.866269 0.051709 0.022376
0 0.541911 0.865869 0.169606 0.021577
0 0.790115 0.865470 0.322665 0.022376
0 0.156162 0.887846 0.225451 0.022376
0 0.335592 0.888644 0.131341 0.022376
0 0.429186 0.888244 0.051709 0.021577
0 0.541911 0.888644 0.169606 0.022376
0 0.790115 0.888244 0.322665 0.021577