2 0.519943 0.121813 0.014706 0.011364
2 0.734042 0.121813 0.014706 0.011364
2 0.069123 0.238736 0.014706 0.011364
2 0.069123 0.254362 0.014706 0.011364
2 0.069123 0.268969 0.014706 0.011364
0 0.918671 0.266216 0.104577 0.022232
0 0.360889 0.266216 0.352941 0.022232
0 0.618515 0.266126 0.132899 0.022412
3 0.776266 0.266216 0.166670 0.022232
0 0.210153 0.199691 0.301472 0.018653
0 0.463827 0.199602 0.176471 0.018832
3 0.599859 0.201481 0.066175 0.022232
3 0.864563 0.199602 0.213237 0.018832
0 0.699123 0.200085 0.102941 0.017866
0 0.876805 0.949979 0.188747 0.017261