0 0.512770 0.128264 0.885316 0.027778
0 0.191245 0.173686 0.245098 0.027778
0 0.667658 0.174740 0.576355 0.036364
2 0.043742 0.223149 0.029412 0.022727
2 0.121103 0.223552 0.029412 0.022727
0 0.540037 0.217466 0.211812 0.027778
0 0.808977 0.218826 0.215098 0.031438
0 0.843922 0.286515 0.253333 0.023333
2 0.770699 0.364456 0.029412 0.022727
2 0.770699 0.388446 0.029412 0.022727
2 0.837693 0.439765 0.029412 0.022727
0 0.147451 0.519470 0.230588 0.019848
0 0.147451 0.542197 0.230588 0.019848
0 0.147451 0.564697 0.230588 0.019394
0 0.341373 0.564697 0.148627 0.019394
0 0.494314 0.564697 0.148627 0.019394
2 0.822423 0.708253 0.029412 0.022727
2 0.899784 0.708655 0.029412 0.022727
2 0.824057 0.766456 0.029412 0.022727
2 0.901418 0.766859 0.029412 0.022727
2 0.824057 0.811855 0.029412 0.022727
2 0.901418 0.812258 0.029412 0.022727
2 0.822423 0.849734 0.029412 0.022727
2 0.899784 0.850136 0.029412 0.022727
2 0.824057 0.909077 0.029412 0.022727
2 0.901418 0.909480 0.029412 0.022727
0 0.347758 0.262614 0.548209 0.023947
0 0.348032 0.286311 0.548210 0.023947
0 0.844765 0.261058 0.253333 0.023333
2 0.556083 0.364053 0.029412 0.022727
2 0.556083 0.388043 0.029412 0.022727
2 0.557717 0.439362 0.029412 0.022727
0 0.341373 0.519470 0.148627 0.019848
0 0.494314 0.519470 0.148627 0.019848
0 0.770066 0.518516 0.400904 0.021759
0 0.341373 0.542197 0.148627 0.019848
0 0.494314 0.542197 0.148627 0.019848
0 0.771234 0.540769 0.400904 0.021758
0 0.769600 0.564759 0.400904 0.021758