2 0.733167 0.113551 0.014706 0.011364
2 0.801654 0.113551 0.014706 0.011364
2 0.093361 0.262761 0.014706 0.011364
2 0.159539 0.262761 0.014706 0.011364
3 0.145635 0.487713 0.128583 0.016107
0 0.358007 0.487713 0.286899 0.016107
0 0.654188 0.487713 0.296203 0.016107
0 0.861096 0.487713 0.108350 0.016105
1 0.928209 0.487712 0.014706 0.011364
3 0.145635 0.507398 0.128583 0.016107
0 0.358007 0.507398 0.286899 0.016107
0 0.654188 0.507398 0.296203 0.016107
0 0.861096 0.507398 0.108350 0.016105
1 0.928209 0.507398 0.014706 0.011364
3 0.145635 0.527084 0.128583 0.016107
0 0.358007 0.527084 0.286899 0.016107
0 0.654188 0.527084 0.296203 0.016107
0 0.861096 0.527084 0.108350 0.016105
1 0.928209 0.527083 0.014706 0.011364
3 0.145635 0.546770 0.128583 0.016107
0 0.358007 0.546770 0.286899 0.016107
0 0.654188 0.546770 0.296203 0.016107
0 0.861096 0.546770 0.108350 0.016105
1 0.928209 0.546769 0.014706 0.011364
1 0.320570 0.210605 0.014706 0.011364
0 0.669167 0.212714 0.602252 0.022388
0 0.525408 0.352906 0.887869 0.018653
2 0.093462 0.586140 0.014706 0.011364
2 0.297980 0.586140 0.014706 0.011364
0 0.524493 0.637435 0.886031 0.018771
2 0.831203 0.659820 0.014706 0.011364
2 0.892964 0.659820 0.014706 0.011364
2 0.829838 0.685071 0.014706 0.011364
2 0.894328 0.685071 0.014706 0.011364
1 0.726907 0.725761 0.014706 0.011364
1 0.910131 0.707429 0.014706 0.011364
1 0.909866 0.725761 0.014706 0.011364
1 0.726925 0.763639 0.014706 0.011364
1 0.910149 0.745761 0.014706 0.011364
1 0.909884 0.763639 0.014706 0.011364
1 0.503864 0.707433 0.014706 0.011364
1 0.503864 0.745311 0.014706 0.011364
2 0.091008 0.826083 0.014706 0.011364
2 0.152770 0.826083 0.014706 0.011364
0 0.580250 0.830709 0.767160 0.016347
0 0.195757 0.402597 0.228559 0.017999
3 0.575422 0.404313 0.074343 0.021725
3 0.853083 0.402121 0.233863 0.018951
0 0.675467 0.402604 0.107804 0.017985
0 0.426332 0.402597 0.211765 0.017999
0 0.817548 0.760976 0.084877 0.022391
0 0.667559 0.760944 0.108180 0.022327
0 0.817548 0.724039 0.084877 0.022391
0 0.667559 0.724007 0.108180 0.022327
0 0.185449 0.211402 0.247990 0.022391
1 0.094922 0.283706 0.014706 0.011364
0 0.876805 0.949969 0.188747 0.017261