0 0.763142 0.488203 0.202618 0.018653
0 0.523826 0.488203 0.261436 0.018653
0 0.227123 0.488407 0.307188 0.018244
0 0.779412 0.522294 0.382353 0.018653
0 0.128677 0.524038 0.110296 0.022323
0 0.327208 0.524038 0.095582 0.022323
2 0.534833 0.524323 0.014706 0.011364
2 0.478492 0.524323 0.014706 0.011364
3 0.921529 0.489903 0.098114 0.022412
1 0.201797 0.526846 0.014706 0.011364
1 0.392975 0.526846 0.014706 0.011364
1 0.392975 0.511370 0.014706 0.011364
2 0.673750 0.390004 0.014706 0.011364
2 0.740544 0.390004 0.014706 0.011364
0 0.762730 0.558278 0.202618 0.018653
0 0.523414 0.558278 0.261436 0.018653
0 0.226712 0.558483 0.307188 0.018244
0 0.779000 0.592369 0.382353 0.018653
0 0.128266 0.594114 0.110296 0.022323
0 0.326796 0.594114 0.095582 0.022323
2 0.534422 0.594399 0.014706 0.011364
2 0.478080 0.594399 0.014706 0.011364
3 0.921118 0.559979 0.098114 0.022412
1 0.201386 0.596922 0.014706 0.011364
1 0.392975 0.596922 0.014706 0.011364
1 0.392564 0.581446 0.014706 0.011364
0 0.762730 0.627881 0.202618 0.018653
0 0.523414 0.627881 0.261436 0.018653
0 0.226712 0.628085 0.307188 0.018244
0 0.779000 0.661972 0.382353 0.018653
0 0.128266 0.663716 0.110296 0.022323
0 0.326796 0.663716 0.095582 0.022323
2 0.534422 0.664001 0.014706 0.011364
2 0.478080 0.664001 0.014706 0.011364
3 0.921118 0.629581 0.098114 0.022412
1 0.201386 0.666524 0.014706 0.011364
1 0.392975 0.666524 0.014706 0.011364
1 0.392564 0.651048 0.014706 0.011364
0 0.762730 0.697483 0.202618 0.018653
0 0.523414 0.697483 0.261436 0.018653
0 0.226712 0.697688 0.307188 0.018244
0 0.779000 0.731574 0.382353 0.018653
0 0.128266 0.733318 0.110296 0.022323
0 0.326796 0.733318 0.095582 0.022323
2 0.534422 0.733600 0.014706 0.011364
2 0.478080 0.733600 0.014706 0.011364
3 0.921118 0.699183 0.098114 0.022412
1 0.201386 0.736128 0.014706 0.011364
1 0.392975 0.736128 0.014706 0.011364
1 0.392564 0.720652 0.014706 0.011364
0 0.873341 0.941713 0.188747 0.017261
2 0.850221 0.121532 0.014706 0.011364
2 0.922114 0.121532 0.014706 0.011364
0 0.188627 0.221624 0.289018 0.018653
0 0.486929 0.221535 0.281047 0.018832
0 0.745099 0.222018 0.209152 0.017866
0 0.334560 0.289790 0.213234 0.017412
0 0.555968 0.289170 0.200172 0.018653
3 0.855701 0.289790 0.226105 0.017412
3 0.699249 0.290748 0.060260 0.022655
1 0.317131 0.348174 0.014706 0.011364
0 0.169118 0.347778 0.250000 0.022232
2 0.880755 0.806891 0.016340 0.012626
2 0.880755 0.790519 0.016340 0.012626
0 0.318221 0.804023 0.115201 0.018653
3 0.505795 0.804023 0.236832 0.018653
3 0.734551 0.804023 0.197614 0.018653
3 0.914215 0.223325 0.112747 0.022412
3 0.070665 0.804023 0.053095 0.018654
3 0.171264 0.804023 0.063113 0.018654
0 0.106531 0.291809 0.124827 0.020533
1 0.178268 0.293232 0.014706 0.011364