0 0.873341 0.941713 0.188747 0.017261
2 0.068335 0.440176 0.014706 0.011364
2 0.068335 0.423131 0.014706 0.011364
0 0.196989 0.380128 0.277897 0.018653
0 0.436088 0.380039 0.181386 0.018832
3 0.573981 0.381918 0.073047 0.022232
3 0.852770 0.380731 0.231977 0.016424
0 0.676079 0.380987 0.107842 0.016936
1 0.289840 0.443092 0.014706 0.011364
0 0.194338 0.183393 0.272059 0.022232
0 0.434449 0.183303 0.178106 0.022412
3 0.573976 0.183393 0.073047 0.022232
3 0.796113 0.183303 0.344252 0.022412
0 0.143029 0.271981 0.169440 0.022323
0 0.269411 0.272027 0.062093 0.022232
0 0.797786 0.272420 0.345206 0.021446
1 0.382567 0.256309 0.014706 0.011364
1 0.382567 0.274774 0.014706 0.011364
0 0.194338 0.235638 0.272059 0.022232
0 0.434444 0.235548 0.178106 0.022412
3 0.573976 0.235638 0.073047 0.022232
3 0.852791 0.235548 0.232029 0.022412
0 0.676074 0.236031 0.107842 0.021446
0 0.211477 0.444575 0.095784 0.020428
0 0.435268 0.443580 0.179745 0.022412
3 0.573981 0.443669 0.073047 0.022232
3 0.852796 0.443580 0.232029 0.022412
0 0.676079 0.444063 0.107842 0.021446
1 0.864185 0.409484 0.014706 0.011364
1 0.320067 0.256854 0.014706 0.011364
1 0.320067 0.275318 0.014706 0.011364
1 0.805328 0.205936 0.014706 0.011364
0 0.320755 0.317073 0.314340 0.018653
0 0.577917 0.316983 0.185670 0.018832
3 0.765299 0.318862 0.166670 0.022232
0 0.901734 0.317073 0.089879 0.018653
2 0.068515 0.305426 0.014706 0.011364
2 0.068515 0.319519 0.014706 0.011364