0 0.148192 0.080223 0.171501 0.015653
0 0.615432 0.080030 0.171502 0.015653
1 0.075981 0.111269 0.020200 0.015609
1 0.296570 0.111269 0.020199 0.015609
1 0.511440 0.111269 0.020199 0.015609
1 0.075981 0.143466 0.020200 0.015609
1 0.296570 0.143466 0.020199 0.015609
0 0.513113 0.175692 0.900604 0.018308
0 0.514188 0.197572 0.904280 0.034722
1 0.075981 0.235638 0.020200 0.015609
1 0.296570 0.235638 0.020199 0.015609
0 0.612922 0.236381 0.172551 0.016162
1 0.075980 0.272253 0.020200 0.015610
1 0.296570 0.272254 0.020199 0.015609
0 0.279995 0.305004 0.435458 0.015783
0 0.614287 0.304901 0.173204 0.015994
0 0.279916 0.336508 0.434642 0.016414
0 0.718675 0.336630 0.382320 0.016604
1 0.437910 0.442708 0.020199 0.015609
1 0.723041 0.442708 0.020199 0.015609
0 0.167658 0.513653 0.267974 0.016414
0 0.363085 0.513592 0.123203 0.017045
0 0.567985 0.513653 0.282680 0.016414
1 0.741832 0.508365 0.020199 0.015609
1 0.794119 0.508365 0.020199 0.015609
0 0.893315 0.513592 0.139869 0.015783
0 0.168884 0.545218 0.268791 0.016414
0 0.363902 0.545347 0.123203 0.016162
0 0.568641 0.545347 0.282681 0.016162
1 0.741832 0.538668 0.020199 0.015609
1 0.794119 0.538668 0.020199 0.015609
0 0.893315 0.546105 0.139869 0.015152
0 0.168749 0.577210 0.266887 0.015152
0 0.363085 0.577292 0.123203 0.015152
0 0.567985 0.577415 0.282680 0.015152
1 0.741832 0.570234 0.020199 0.015609
1 0.794119 0.570234 0.020199 0.015609
0 0.893315 0.577292 0.139869 0.015152
0 0.167932 0.609302 0.266887 0.015152
0 0.363248 0.609489 0.124837 0.015152
0 0.567824 0.609489 0.281047 0.015152
1 0.741832 0.601799 0.020199 0.015609
1 0.794119 0.601799 0.020199 0.015609
0 0.892907 0.609615 0.140686 0.015152
0 0.168395 0.641686 0.266505 0.015151
0 0.363328 0.641809 0.125000 0.015152
0 0.568641 0.641686 0.281047 0.015151
1 0.741832 0.633996 0.020199 0.015609
1 0.794119 0.633365 0.020199 0.015609
0 0.892740 0.641809 0.139706 0.015152
1 0.438727 0.672506 0.020199 0.015609
1 0.835786 0.671875 0.020199 0.015609
1 0.438727 0.704072 0.020199 0.015609
1 0.835786 0.704072 0.020199 0.015609
0 0.261940 0.772684 0.455884 0.057451
0 0.628527 0.772999 0.275002 0.058082
1 0.779413 0.754577 0.020199 0.015609
1 0.779413 0.772254 0.020199 0.015609
0 0.881387 0.792255 0.163072 0.017045
0 0.262104 0.829566 0.456211 0.056818
0 0.628037 0.829566 0.275328 0.056818
1 0.779413 0.811395 0.020199 0.015609
1 0.779413 0.829703 0.020199 0.015609
0 0.879917 0.849894 0.166340 0.016162
0 0.262185 0.886384 0.456374 0.057575
0 0.628445 0.886257 0.277779 0.057828
1 0.779413 0.867898 0.020199 0.015609
1 0.779413 0.886206 0.020199 0.015609
0 0.881224 0.905828 0.163072 0.018182