0 0.199376 0.078813 0.288125 0.020899
0 0.494846 0.078240 0.303703 0.020899
0 0.799070 0.078293 0.305928 0.020326
0 0.418658 0.191352 0.151626 0.027778
0 0.568364 0.191337 0.151626 0.027778
0 0.715022 0.192042 0.137531 0.027778
0 0.867694 0.191338 0.169431 0.027778
0 0.417991 0.217591 0.153851 0.027778
0 0.419104 0.244533 0.153851 0.027778
0 0.569847 0.245338 0.151626 0.027778
0 0.714764 0.245001 0.137531 0.027778
0 0.867436 0.244297 0.169431 0.027778
0 0.418362 0.272737 0.153851 0.027778
0 0.419404 0.301112 0.151626 0.030644
0 0.570960 0.300710 0.153851 0.031217
0 0.714764 0.300605 0.137531 0.031217
0 0.867436 0.301450 0.169431 0.030644
0 0.419404 0.332068 0.153851 0.031790
0 0.419735 0.364053 0.153853 0.031217
0 0.570479 0.363309 0.151627 0.030644
0 0.715135 0.363604 0.139757 0.031217
0 0.868328 0.363186 0.169431 0.030644
0 0.418362 0.394837 0.153851 0.030071
0 0.419254 0.423785 0.153851 0.028351
0 0.878081 0.424072 0.150884 0.027778
0 0.418212 0.450441 0.153851 0.028351
0 0.725037 0.451718 0.120469 0.027778
0 0.418512 0.477957 0.153851 0.028351
0 0.724891 0.477957 0.120469 0.027778
0 0.419254 0.531841 0.151626 0.027778
0 0.570664 0.531899 0.151626 0.027778
0 0.714947 0.532570 0.137531 0.027778
0 0.867619 0.532554 0.169431 0.027778
0 0.419550 0.558153 0.153851 0.027778
0 0.419254 0.588763 0.153851 0.032937
0 0.569998 0.588019 0.150884 0.032937
0 0.714689 0.587937 0.137531 0.031217
0 0.867361 0.587519 0.169431 0.031790
0 0.419254 0.618974 0.153851 0.030644
0 0.419550 0.650099 0.153851 0.032937
0 0.570293 0.649355 0.150884 0.032937
0 0.713947 0.649513 0.137531 0.033510
0 0.867361 0.649840 0.169431 0.032364
0 0.419550 0.681456 0.153851 0.032937
0 0.420471 0.713293 0.153851 0.032937
0 0.571215 0.712549 0.150884 0.032937
0 0.715060 0.712798 0.139756 0.032937
0 0.868253 0.712953 0.169431 0.031217
0 0.420471 0.743505 0.153851 0.030644
0 0.419996 0.772601 0.153851 0.027205
0 0.876968 0.773174 0.150884 0.027778
0 0.419996 0.826631 0.153851 0.027204
0 0.722666 0.827321 0.120469 0.027778