0 0.202869 0.119050 0.326037 0.039516
0 0.551522 0.125994 0.371381 0.022471
0 0.800909 0.125994 0.126283 0.015651
0 0.914268 0.126309 0.093193 0.015651
0 0.204400 0.149669 0.326037 0.039518
0 0.553053 0.155350 0.371381 0.022471
0 0.802442 0.155351 0.126283 0.015651
0 0.915800 0.155667 0.093194 0.015652
0 0.202766 0.179972 0.326037 0.039518
0 0.551419 0.185653 0.371381 0.022471
0 0.800808 0.185654 0.126283 0.015651
0 0.914166 0.185970 0.093194 0.015652
0 0.203174 0.210590 0.326037 0.039516
0 0.551828 0.216272 0.371381 0.022472
0 0.801216 0.216272 0.126283 0.015651
0 0.914574 0.216587 0.093194 0.015652
0 0.202766 0.240578 0.326037 0.039518
0 0.551419 0.246260 0.371381 0.022471
0 0.800808 0.246260 0.126283 0.015651
0 0.914166 0.246576 0.093194 0.015652
0 0.137918 0.352951 0.201037 0.039516
0 0.301929 0.360212 0.128734 0.020577
0 0.429584 0.359896 0.126283 0.021333
0 0.557037 0.359896 0.126283 0.021333
0 0.684488 0.359896 0.126283 0.020577
0 0.855852 0.353267 0.215743 0.039516
0 0.136794 0.385275 0.201037 0.039516
0 0.300806 0.392535 0.128732 0.020577
0 0.428462 0.392220 0.126283 0.021333
0 0.555913 0.392220 0.126283 0.021333
0 0.683364 0.392219 0.126281 0.020577
0 0.854730 0.385590 0.215743 0.039516
1 0.078651 0.462077 0.017055 0.012942
1 0.274658 0.462037 0.016016 0.012942
1 0.529462 0.462285 0.016748 0.012942
1 0.853204 0.462206 0.016935 0.012942
1 0.078797 0.522338 0.016935 0.012942
1 0.275395 0.522812 0.015897 0.012942
1 0.529053 0.522654 0.017361 0.012942
1 0.853001 0.522576 0.016936 0.012942
1 0.078228 0.605987 0.017055 0.012942
1 0.529871 0.606145 0.017974 0.012942
1 0.078381 0.636290 0.017361 0.012942
1 0.255268 0.636290 0.016935 0.012942
1 0.078228 0.651758 0.017055 0.012942
1 0.255787 0.651442 0.015897 0.012942
0 0.742084 0.647538 0.442459 0.020104
1 0.078250 0.681745 0.015955 0.012942
1 0.529748 0.681903 0.016993 0.012942
0 0.279156 0.724479 0.427138 0.015842
0 0.585017 0.725742 0.126283 0.015651
0 0.812346 0.725427 0.126284 0.015652
1 0.078798 0.757503 0.016935 0.012942
1 0.529462 0.757503 0.017565 0.012942
0 0.156568 0.798736 0.177625 0.020104
1 0.284404 0.788076 0.017054 0.012942
1 0.284833 0.803115 0.016629 0.012942
0 0.582669 0.802605 0.126283 0.015652
0 0.809998 0.802289 0.126283 0.015651