0 0.873341 0.941713 0.188747 0.017261
1 0.907685 0.598057 0.014706 0.011364
0 0.666627 0.613799 0.083242 0.022388
1 0.723858 0.613830 0.014706 0.011364
0 0.814499 0.613799 0.084877 0.022388
1 0.907685 0.615100 0.014706 0.011364
2 0.070609 0.182707 0.014706 0.011364
2 0.070609 0.204014 0.014706 0.011364
2 0.070609 0.225321 0.014706 0.011364
2 0.512185 0.182707 0.014706 0.011364
2 0.512185 0.204014 0.014706 0.011364
0 0.581266 0.251011 0.778644 0.022975
2 0.823757 0.273368 0.014706 0.011364
2 0.651690 0.273368 0.014706 0.011364
0 0.529412 0.324844 0.882353 0.018771
0 0.216912 0.562545 0.257353 0.018653
0 0.442587 0.562455 0.173650 0.018832
3 0.575995 0.564335 0.074343 0.022232
3 0.852740 0.562455 0.232029 0.018832
0 0.676024 0.562938 0.107842 0.017866
0 0.216912 0.512895 0.257353 0.017566
0 0.471998 0.512262 0.232474 0.018832
0 0.216913 0.614943 0.257355 0.021896
0 0.386808 0.608973 0.062093 0.033837
1 0.438456 0.586117 0.014706 0.011364
1 0.438456 0.613582 0.014706 0.011364
1 0.493601 0.613582 0.014706 0.011364
2 0.376382 0.637004 0.014706 0.011364
2 0.440873 0.637004 0.014706 0.011364
0 0.806377 0.637375 0.328422 0.022975
0 0.835958 0.467907 0.266279 0.017047
2 0.100036 0.380782 0.014706 0.011364
2 0.100036 0.402564 0.014706 0.011364
2 0.100036 0.424346 0.014706 0.011364
2 0.511985 0.424346 0.014706 0.011364
2 0.511985 0.381811 0.014706 0.011364
2 0.511985 0.402564 0.014706 0.011364
2 0.100036 0.446125 0.014706 0.011364
2 0.511985 0.446125 0.014706 0.011364
2 0.100036 0.467908 0.014706 0.011364
2 0.511985 0.467908 0.014706 0.011364