2 0.056895 0.132458 0.014706 0.011364
2 0.120119 0.132458 0.014706 0.011364
2 0.069074 0.214439 0.014706 0.011364
2 0.069074 0.239870 0.014706 0.011364
2 0.069074 0.271600 0.014706 0.011364
2 0.069074 0.296171 0.014706 0.011364
2 0.216748 0.214439 0.014706 0.011364
2 0.216748 0.245152 0.014706 0.011364
2 0.216748 0.271601 0.014706 0.011364
3 0.401322 0.223955 0.139690 0.020200
2 0.529616 0.257852 0.014706 0.011364
2 0.503863 0.215576 0.014706 0.011364
2 0.529616 0.236711 0.014706 0.011364
1 0.750186 0.297626 0.014706 0.011364
1 0.908276 0.278972 0.014706 0.011364
1 0.908273 0.297626 0.014706 0.011364
0 0.690204 0.298533 0.097101 0.020934
0 0.845164 0.401160 0.133989 0.025019
0 0.845703 0.298768 0.097101 0.020463
0 0.805739 0.218688 0.330884 0.036460
2 0.071402 0.336842 0.014706 0.011364
2 0.134538 0.336842 0.014706 0.011364
2 0.070038 0.376855 0.014706 0.011364
2 0.070038 0.401001 0.014706 0.011364
2 0.370691 0.376855 0.014706 0.011364
2 0.370691 0.401001 0.014706 0.011364
2 0.197490 0.376855 0.014706 0.011364
2 0.197490 0.401001 0.014706 0.011364
1 0.922979 0.401481 0.014706 0.011364
0 0.645816 0.399212 0.253678 0.017924
0 0.741044 0.428417 0.460274 0.017888
2 0.342098 0.260568 0.014706 0.011364
2 0.342098 0.279312 0.014706 0.011364
2 0.342098 0.298059 0.014706 0.011364
2 0.069074 0.492700 0.014706 0.011364
2 0.069074 0.518130 0.014706 0.011364
2 0.069074 0.549860 0.014706 0.011364
2 0.069074 0.574431 0.014706 0.011364
2 0.216748 0.492700 0.014706 0.011364
2 0.216748 0.523412 0.014706 0.011364
2 0.216748 0.549861 0.014706 0.011364
3 0.401322 0.502215 0.139690 0.020199
2 0.529616 0.536112 0.014706 0.011364
2 0.503863 0.493836 0.014706 0.011364
2 0.529616 0.514971 0.014706 0.011364
1 0.750186 0.575888 0.014706 0.011364
1 0.908276 0.557232 0.014706 0.011364
1 0.908273 0.575888 0.014706 0.011364
0 0.690204 0.576794 0.097101 0.020934
0 0.845164 0.679420 0.133989 0.025019
0 0.845703 0.577030 0.097101 0.020463
0 0.805739 0.496948 0.330884 0.036460
2 0.071402 0.615102 0.014706 0.011364
2 0.134538 0.615102 0.014706 0.011364
2 0.070038 0.655115 0.014706 0.011364
2 0.070038 0.679261 0.014706 0.011364
2 0.370691 0.655115 0.014706 0.011364
2 0.370691 0.679261 0.014706 0.011364
2 0.197490 0.655115 0.014706 0.011364
2 0.197490 0.679261 0.014706 0.011364
1 0.922979 0.679741 0.014706 0.011364
0 0.645816 0.677472 0.253678 0.017924
0 0.741044 0.706677 0.460274 0.017888
2 0.342098 0.538828 0.014706 0.011364
2 0.342098 0.557572 0.014706 0.011364
2 0.342098 0.576320 0.014706 0.011364
0 0.876805 0.943609 0.188747 0.017261