0 0.397791 0.337175 0.274618 0.018832
3 0.579437 0.339054 0.070538 0.022232
3 0.796128 0.337175 0.330884 0.018832
0 0.734246 0.290820 0.207109 0.018744
0 0.177560 0.290820 0.288606 0.018744
3 0.904176 0.292610 0.114789 0.022323
0 0.475664 0.290820 0.280639 0.018744
3 0.224433 0.246253 0.382353 0.022232
3 0.199618 0.388299 0.332724 0.022232
3 0.551325 0.388299 0.335294 0.022232
1 0.206828 0.339756 0.014706 0.011364
1 0.044902 0.157515 0.014706 0.011364
1 0.214838 0.157515 0.014706 0.011364
1 0.214838 0.175399 0.014706 0.011364
1 0.214838 0.139630 0.014706 0.011364
1 0.044902 0.175399 0.014706 0.011364
1 0.044902 0.139630 0.014706 0.011364
1 0.044902 0.193288 0.014706 0.011364
1 0.214838 0.193288 0.014706 0.011364
1 0.495884 0.140890 0.014706 0.011364
1 0.495884 0.157515 0.014706 0.011364
1 0.495884 0.175399 0.014706 0.011364
1 0.495884 0.193288 0.014706 0.011364
1 0.665820 0.157515 0.014706 0.011364
1 0.665820 0.140890 0.014706 0.011364
1 0.665820 0.175399 0.014706 0.011364
1 0.665820 0.193288 0.014706 0.011364
0 0.111017 0.339494 0.155224 0.022327
2 0.126873 0.514437 0.014706 0.011364
2 0.069364 0.514437 0.014706 0.011364
1 0.849859 0.536144 0.014706 0.011364
3 0.912770 0.476903 0.112747 0.022412
0 0.743654 0.475596 0.209152 0.017866
0 0.195450 0.475203 0.276142 0.018653
0 0.480991 0.475113 0.272060 0.018832
1 0.387038 0.444312 0.014706 0.011364
1 0.527289 0.444312 0.014706 0.011364
0 0.763328 0.575136 0.202618 0.018653
0 0.524012 0.575136 0.261436 0.018653
0 0.231195 0.575145 0.299426 0.018635
3 0.921716 0.576836 0.098114 0.022412
1 0.327397 0.613779 0.014706 0.011364
1 0.511219 0.613779 0.014706 0.011364
1 0.511221 0.598303 0.014706 0.011364
2 0.093467 0.611256 0.014706 0.011364
2 0.149809 0.611256 0.014706 0.011364
0 0.763328 0.646156 0.202618 0.018653
0 0.524012 0.646156 0.261436 0.018653
0 0.231195 0.646540 0.299426 0.017884
3 0.921716 0.647856 0.098114 0.022412
1 0.327397 0.684799 0.014706 0.011364
1 0.511219 0.684799 0.014706 0.011364
1 0.511221 0.669323 0.014706 0.011364
2 0.093467 0.682275 0.014706 0.011364
2 0.149809 0.682275 0.014706 0.011364
0 0.763328 0.717179 0.202618 0.018653
0 0.524012 0.717179 0.261436 0.018653
0 0.231195 0.717383 0.299426 0.018244
3 0.921716 0.718879 0.098114 0.022412
1 0.327397 0.755823 0.014706 0.011364
1 0.511219 0.755823 0.014706 0.011364
1 0.511221 0.740347 0.014706 0.011364
2 0.093467 0.753299 0.014706 0.011364
2 0.149809 0.753299 0.014706 0.011364
0 0.763328 0.788199 0.202618 0.018653
0 0.524012 0.788199 0.261436 0.018653
0 0.231195 0.788403 0.299426 0.018244
3 0.921716 0.789899 0.098114 0.022412
1 0.327397 0.826842 0.014706 0.011364
1 0.511221 0.811366 0.014706 0.011364
1 0.511219 0.826842 0.014706 0.011364
2 0.093467 0.824319 0.014706 0.011364
2 0.149809 0.824319 0.014706 0.011364
0 0.790631 0.609227 0.361111 0.018653
0 0.790631 0.680060 0.361111 0.018653
0 0.790631 0.751084 0.361111 0.018653
0 0.790631 0.823557 0.361111 0.018653
0 0.441469 0.611584 0.095582 0.022327
0 0.254663 0.682128 0.110296 0.022327
0 0.441469 0.752672 0.095582 0.022327
0 0.254663 0.825472 0.110296 0.022327
0 0.441469 0.825472 0.095582 0.022327
0 0.254663 0.752672 0.110296 0.022327
0 0.441469 0.682128 0.095582 0.022327
0 0.254663 0.611584 0.110296 0.022327
0 0.876810 0.949973 0.188747 0.017261