0 0.448704 0.223558 0.440559 0.027778
0 0.642605 0.257885 0.587886 0.027778
1 0.126490 0.396692 0.029412 0.022727
1 0.126490 0.485378 0.029412 0.022727
1 0.126490 0.599289 0.029412 0.022727
1 0.125949 0.624624 0.029412 0.022727
1 0.125949 0.649958 0.029412 0.022727
1 0.125949 0.675294 0.029412 0.022727
1 0.125949 0.700629 0.029412 0.022727
1 0.125949 0.725963 0.029412 0.022727
1 0.125949 0.751298 0.029412 0.022727
1 0.125949 0.776634 0.029412 0.022727
1 0.125949 0.801968 0.029412 0.022727
1 0.125949 0.827303 0.029412 0.022727
1 0.428574 0.295373 0.029412 0.022727
1 0.428574 0.323242 0.029412 0.022727
1 0.428574 0.351112 0.029412 0.022727
1 0.428574 0.378982 0.029412 0.022727
1 0.428574 0.406852 0.029412 0.022727
1 0.428574 0.434722 0.029412 0.022727
1 0.428574 0.462592 0.029412 0.022727
1 0.428574 0.490462 0.029412 0.022727
1 0.428574 0.518332 0.029412 0.022727
1 0.428574 0.546203 0.029412 0.022727
1 0.428574 0.574073 0.029412 0.022727
1 0.428574 0.601943 0.029412 0.022727
1 0.428574 0.629813 0.029412 0.022727
1 0.428574 0.657683 0.029412 0.022727
1 0.428574 0.685553 0.029412 0.022727
1 0.428574 0.713423 0.029412 0.022727
1 0.428574 0.741293 0.029412 0.022727
1 0.428574 0.769163 0.029412 0.022727
1 0.428574 0.797033 0.029412 0.022727
1 0.428574 0.824903 0.029412 0.022727
1 0.684093 0.288073 0.029412 0.022727
1 0.684093 0.315811 0.029412 0.022727
1 0.684093 0.343548 0.029412 0.022727
1 0.684093 0.371285 0.029412 0.022727
1 0.684093 0.399023 0.029412 0.022727
1 0.684093 0.426760 0.029412 0.022727
1 0.684093 0.454498 0.029412 0.022727
1 0.684093 0.482235 0.029412 0.022727
1 0.684093 0.509972 0.029412 0.022727
1 0.684093 0.537710 0.029412 0.022727
1 0.684093 0.565447 0.029412 0.022727
1 0.684093 0.593184 0.029412 0.022727
1 0.684093 0.620921 0.029412 0.022727
1 0.684093 0.648658 0.029412 0.022727
1 0.684093 0.676395 0.029412 0.022727
1 0.684093 0.704133 0.029412 0.022727
1 0.684093 0.731870 0.029412 0.022727
1 0.684093 0.759607 0.029412 0.022727
1 0.684093 0.787345 0.029412 0.022727
1 0.684093 0.815082 0.029412 0.022727
1 0.684093 0.842819 0.029412 0.022727