2 0.519938 0.123689 0.014706 0.011364
2 0.734038 0.123689 0.014706 0.011364
2 0.068858 0.237891 0.014706 0.011364
2 0.068858 0.253518 0.014706 0.011364
2 0.068858 0.268124 0.014706 0.011364
0 0.918408 0.265371 0.104577 0.022232
0 0.360626 0.265371 0.352941 0.022232
0 0.618252 0.265282 0.132899 0.022412
3 0.776003 0.265371 0.166670 0.022232
0 0.209888 0.198847 0.301472 0.018653
0 0.463562 0.198757 0.176471 0.018832
3 0.599596 0.200636 0.066175 0.022232
3 0.864298 0.198757 0.213237 0.018832
0 0.698858 0.199240 0.102941 0.017866
0 0.876805 0.949979 0.188747 0.017261