0 0.873341 0.941713 0.188747 0.017261
1 0.392974 0.236135 0.014706 0.011364
0 0.110194 0.249915 0.102742 0.022388
1 0.183214 0.250977 0.014706 0.011364
0 0.300810 0.249915 0.111219 0.022388
1 0.392974 0.252248 0.014706 0.011364
1 0.392974 0.389545 0.014706 0.011364
0 0.110194 0.403326 0.102742 0.022388
1 0.183214 0.404388 0.014706 0.011364
0 0.300810 0.403326 0.111219 0.022388
1 0.392974 0.405659 0.014706 0.011364
2 0.747279 0.104867 0.014706 0.011364
2 0.805364 0.104867 0.014706 0.011364
0 0.720588 0.241982 0.500000 0.031088
0 0.514606 0.196116 0.911565 0.018772
2 0.830809 0.272480 0.014706 0.011364
2 0.892570 0.272480 0.014706 0.011364
2 0.892572 0.300888 0.014706 0.011364
2 0.830985 0.300888 0.014706 0.011364
0 0.720588 0.395781 0.500000 0.030314
0 0.514606 0.349526 0.911565 0.018772
2 0.830962 0.425890 0.014706 0.011364
2 0.892572 0.425890 0.014706 0.011364
2 0.892572 0.454298 0.014706 0.011364
2 0.830985 0.454298 0.014706 0.011364