0 0.613970 0.158249 0.227940 0.017566
0 0.854780 0.157616 0.231616 0.018832
1 0.426069 0.160985 0.014706 0.011364
1 0.426070 0.145991 0.014706 0.011364
0 0.345591 0.158097 0.125002 0.017864
1 0.216503 0.160985 0.014706 0.011364
0 0.128677 0.158563 0.139708 0.016933
0 0.197538 0.206457 0.277828 0.018832
0 0.447538 0.206457 0.189593 0.018832
3 0.584211 0.208336 0.065882 0.022232
3 0.852541 0.206457 0.232029 0.018832
0 0.675824 0.206939 0.107842 0.017866
0 0.136030 0.256830 0.154413 0.022323
0 0.256048 0.256875 0.062093 0.022232
1 0.304523 0.241957 0.014706 0.011364
1 0.304523 0.257447 0.014706 0.011364
1 0.363346 0.257447 0.014706 0.011364
0 0.873341 0.943291 0.188747 0.017261
0 0.512040 0.442272 0.904024 0.018653
2 0.070809 0.505436 0.014706 0.011364
2 0.133935 0.505436 0.014706 0.011364
1 0.070992 0.673136 0.013072 0.010101
1 0.070992 0.626049 0.013072 0.010101
1 0.070992 0.582739 0.013072 0.010101
1 0.070992 0.551293 0.013072 0.010101
0 0.466197 0.688680 0.316377 0.031736
0 0.466505 0.643280 0.316993 0.035250
0 0.466505 0.599364 0.316993 0.031751
0 0.466505 0.557811 0.316993 0.022323
1 0.929740 0.560312 0.014706 0.011364
0 0.779413 0.557811 0.279412 0.022323
0 0.779413 0.602866 0.279412 0.018348
1 0.929740 0.603955 0.014706 0.011364
0 0.779413 0.693650 0.279412 0.019154
1 0.929740 0.694481 0.014706 0.011364
0 0.779413 0.650960 0.279412 0.021938
1 0.929740 0.649799 0.014706 0.011364
0 0.431993 0.847769 0.702214 0.022323
0 0.431993 0.811106 0.702214 0.022412
1 0.929742 0.807187 0.014706 0.011364
0 0.852743 0.811150 0.117647 0.022323
0 0.852743 0.847769 0.117647 0.022323
1 0.929742 0.844350 0.014706 0.011364
0 0.431991 0.919422 0.702214 0.022323
0 0.431988 0.882444 0.702214 0.022412
1 0.929740 0.878525 0.014706 0.011364
0 0.853484 0.882489 0.117647 0.022323
0 0.853484 0.919422 0.117647 0.022323
1 0.929740 0.916003 0.014706 0.011364
2 0.070809 0.773925 0.014706 0.011364
2 0.133935 0.773925 0.014706 0.011364
0 0.217833 0.328655 0.270217 0.018653
0 0.452624 0.328565 0.181386 0.018832
3 0.585828 0.330445 0.069118 0.022232
3 0.852941 0.327774 0.235294 0.017250
0 0.344668 0.375526 0.314340 0.018653
0 0.601830 0.375436 0.185670 0.018832
3 0.789212 0.377316 0.166670 0.022232
0 0.925649 0.375526 0.089879 0.018653
0 0.675824 0.329048 0.107842 0.017866
2 0.092430 0.364809 0.014706 0.011364
2 0.092430 0.378903 0.014706 0.011364