0 0.354933 0.200770 0.550255 0.104188
0 0.218435 0.285987 0.267438 0.022727
0 0.494766 0.285987 0.256415 0.022727
0 0.218435 0.327649 0.267438 0.022727
0 0.698703 0.285987 0.117647 0.022727
0 0.419916 0.327649 0.106623 0.022727
0 0.693145 0.327649 0.106623 0.022727
0 0.218435 0.450769 0.267438 0.022727
0 0.218435 0.480119 0.267438 0.022727
0 0.218435 0.509467 0.267438 0.022727
0 0.218435 0.538816 0.267438 0.022727
0 0.383789 0.450769 0.026958 0.022727
0 0.424317 0.450769 0.026958 0.022727
0 0.469797 0.450769 0.044552 0.022727
0 0.469797 0.479860 0.044552 0.022727
0 0.424317 0.479860 0.026958 0.022727
0 0.383789 0.479860 0.026958 0.022727
0 0.469797 0.509881 0.044552 0.022727
0 0.424317 0.509881 0.026958 0.022727
0 0.383789 0.509881 0.026958 0.022727
0 0.469797 0.538972 0.044552 0.022727
0 0.424317 0.538972 0.026958 0.022727
0 0.383789 0.538972 0.026958 0.022727
0 0.606621 0.538972 0.044552 0.022727
0 0.558639 0.538972 0.026957 0.022727
0 0.516907 0.538972 0.026958 0.022727
0 0.606621 0.509452 0.044552 0.022727
0 0.558639 0.509452 0.026957 0.022727
0 0.518111 0.509452 0.026958 0.022727
0 0.606621 0.480361 0.044552 0.022727
0 0.558639 0.480361 0.026957 0.022727
0 0.516907 0.480361 0.026958 0.022727
0 0.606621 0.450340 0.044552 0.022727
0 0.558639 0.450340 0.026957 0.022727
0 0.516907 0.450340 0.026958 0.022727
0 0.936126 0.450340 0.044552 0.022727
0 0.886846 0.450340 0.026958 0.022727
0 0.840297 0.450340 0.026957 0.022727
0 0.793327 0.450340 0.044552 0.022727
0 0.746503 0.450340 0.026958 0.022727
0 0.704771 0.450340 0.026958 0.022727
0 0.936126 0.480361 0.044552 0.022727
0 0.886846 0.480361 0.026958 0.022727
0 0.840297 0.480361 0.026957 0.022727
0 0.793327 0.480361 0.044552 0.022727
0 0.746503 0.480361 0.026958 0.022727
0 0.704771 0.480361 0.026958 0.022727
0 0.936126 0.509452 0.044552 0.022727
0 0.886846 0.509452 0.026958 0.022727
0 0.840297 0.509452 0.026957 0.022727
0 0.793327 0.509452 0.044552 0.022727
0 0.746503 0.509452 0.026958 0.022727
0 0.704771 0.509452 0.026958 0.022727
0 0.936126 0.538972 0.044552 0.022727
0 0.886846 0.538972 0.026958 0.022727
0 0.840297 0.538972 0.026957 0.022727
0 0.793327 0.538972 0.044552 0.022727
0 0.746503 0.538972 0.026958 0.022727
0 0.704771 0.538972 0.026958 0.022727
0 0.356739 0.640231 0.544047 0.147745
0 0.799120 0.640231 0.318573 0.147745
0 0.356739 0.749123 0.544047 0.035971
0 0.798565 0.805458 0.319871 0.034967
0 0.356739 0.828400 0.544047 0.077273
0 0.736800 0.856067 0.196342 0.022727
0 0.906298 0.856067 0.106623 0.022727
1 0.657144 0.450572 0.016340 0.012626
1 0.657144 0.479663 0.016340 0.012626
1 0.657144 0.508754 0.016340 0.012626
1 0.657144 0.538775 0.016340 0.012626