0 0.209873 0.970732 0.272810 0.020615
0 0.681557 0.970442 0.125778 0.020615
0 0.893299 0.970442 0.156686 0.020615
0 0.150000 0.170913 0.040464 0.027778
0 0.310428 0.170913 0.040464 0.027778
0 0.535002 0.275849 0.832657 0.019441
0 0.535002 0.304707 0.832657 0.019441
0 0.535002 0.335488 0.832657 0.019441
0 0.535002 0.366269 0.832657 0.019442
0 0.535002 0.398333 0.832657 0.019441
0 0.535002 0.428473 0.832657 0.019441
0 0.535002 0.459875 0.832657 0.019442
0 0.535002 0.492580 0.832657 0.019441
0 0.213101 0.513337 0.096791 0.018412
0 0.390641 0.513337 0.096792 0.018412
0 0.625221 0.513337 0.096793 0.018412
0 0.346435 0.533332 0.096791 0.018412
0 0.504010 0.533332 0.096791 0.018412
0 0.535002 0.570816 0.832657 0.019442
0 0.535002 0.602879 0.832657 0.019441
0 0.299020 0.624631 0.165954 0.019513
0 0.239928 0.645453 0.165954 0.019513
0 0.533600 0.679222 0.834758 0.021167
0 0.535002 0.715102 0.832657 0.019442
0 0.535002 0.752938 0.832657 0.019441