0 0.261030 0.185126 0.440590 0.017168
0 0.550857 0.185363 0.131185 0.017072
0 0.771649 0.185283 0.127508 0.016598
0 0.261030 0.286136 0.440590 0.017168
0 0.262337 0.313661 0.440590 0.017168
0 0.261030 0.344469 0.440590 0.017168
0 0.570016 0.298761 0.175301 0.017071
0 0.747303 0.298762 0.176283 0.017072
0 0.570506 0.344595 0.175302 0.016314
0 0.746976 0.344343 0.175302 0.016314
0 0.887663 0.316944 0.071054 0.017072
0 0.261502 0.377297 0.440590 0.017168
0 0.262810 0.404823 0.440590 0.017168
0 0.261502 0.435631 0.440590 0.017168
0 0.570489 0.389924 0.175301 0.017072
0 0.747775 0.389924 0.176283 0.017072
0 0.570978 0.435757 0.175302 0.016314
0 0.747449 0.435504 0.175302 0.016314
0 0.888952 0.407474 0.069420 0.017072
0 0.259868 0.468458 0.440590 0.017168
0 0.261176 0.495984 0.440590 0.017168
0 0.259868 0.526792 0.440590 0.017168
0 0.568855 0.481084 0.175301 0.017072
0 0.746141 0.481085 0.176283 0.017072
0 0.569344 0.526919 0.175302 0.016314
0 0.746632 0.526665 0.176936 0.016316
0 0.886501 0.498636 0.071054 0.017072
0 0.887336 0.557725 0.071054 0.017072
0 0.747303 0.601286 0.175302 0.016314