0 0.276044 0.067920 0.447102 0.021852
0 0.611453 0.067722 0.174725 0.021853
0 0.841792 0.067722 0.159717 0.021853
0 0.264735 0.199639 0.470794 0.021854
0 0.559670 0.199639 0.117036 0.021854
0 0.677725 0.199639 0.117765 0.021854
0 0.795373 0.199639 0.117765 0.021854
0 0.913020 0.199639 0.117036 0.021854
0 0.264735 0.227732 0.470794 0.021854
0 0.559670 0.227732 0.117036 0.021854
0 0.677725 0.226975 0.117765 0.021854
0 0.795373 0.227732 0.117765 0.021854
0 0.913020 0.227732 0.117036 0.021854
0 0.264735 0.255510 0.470794 0.021854
0 0.559670 0.255510 0.117036 0.021854
0 0.677725 0.255510 0.117765 0.021854
0 0.795373 0.255510 0.117765 0.021854
0 0.913020 0.255510 0.117036 0.021854
0 0.166125 0.615296 0.272756 0.021854
0 0.401418 0.615296 0.198157 0.021854
0 0.600111 0.615043 0.198157 0.021854
0 0.164841 0.647998 0.272757 0.021854
0 0.400133 0.647998 0.198155 0.021854
0 0.598826 0.647745 0.198155 0.021854
0 0.209998 0.721893 0.182070 0.021854
0 0.651172 0.721577 0.182070 0.021854
0 0.842349 0.721735 0.195704 0.021853
0 0.911775 0.896924 0.116048 0.021853
1 0.275980 0.292218 0.019608 0.015152
1 0.511479 0.291904 0.019608 0.015152
1 0.070303 0.400174 0.019608 0.015152
1 0.320507 0.400016 0.019608 0.015152
1 0.540686 0.399857 0.019608 0.015152
1 0.864420 0.400174 0.019608 0.015152
1 0.070507 0.456992 0.019608 0.015152
1 0.320302 0.456833 0.019608 0.015152
1 0.540686 0.445313 0.019608 0.015152
1 0.864420 0.445470 0.019608 0.015153
1 0.070303 0.547743 0.019608 0.015153
1 0.511479 0.547743 0.019608 0.015153
1 0.710253 0.598691 0.019608 0.015152
1 0.710008 0.615926 0.019608 0.015151
1 0.710131 0.632875 0.019608 0.015152
1 0.709886 0.650111 0.019608 0.015152
1 0.070221 0.684169 0.019608 0.015152
1 0.511479 0.684265 0.019608 0.015152
1 0.511479 0.786379 0.019608 0.015153
1 0.710008 0.786379 0.019608 0.015153
1 0.511479 0.831833 0.019608 0.015152
1 0.710825 0.831361 0.019608 0.015150
1 0.849995 0.599513 0.019608 0.015152
1 0.848956 0.633219 0.019608 0.015152