0 0.873341 0.941713 0.188747 0.017261
0 0.514706 0.575250 0.911765 0.021144
0 0.224266 0.449746 0.330884 0.022232
1 0.352534 0.486740 0.014706 0.011364
0 0.172795 0.486628 0.227943 0.022327
2 0.710516 0.177784 0.014706 0.011364
2 0.773018 0.177784 0.014706 0.011364
1 0.069444 0.203605 0.014706 0.011364
1 0.069446 0.234854 0.014706 0.011364
0 0.687501 0.449746 0.566175 0.022232
0 0.536766 0.486676 0.264706 0.022232
0 0.827205 0.486676 0.286766 0.022232
1 0.069446 0.350261 0.014706 0.011364
1 0.069446 0.371213 0.014706 0.011364
1 0.069446 0.402462 0.014706 0.011364
0 0.514706 0.154292 0.911765 0.022232
0 0.224266 0.524196 0.330884 0.023583
1 0.415031 0.522770 0.014706 0.011364
0 0.637867 0.524196 0.341913 0.023583
1 0.830472 0.526264 0.014706 0.011364
1 0.830471 0.510419 0.014706 0.011364
1 0.069446 0.265866 0.014706 0.011364
1 0.069444 0.297351 0.014706 0.011364
1 0.069446 0.327538 0.014706 0.011364