3 0.191770 0.896124 0.264706 0.022232
0 0.763324 0.597451 0.202618 0.018653
0 0.524007 0.597451 0.261436 0.018653
0 0.231190 0.597656 0.299426 0.018244
3 0.921711 0.599152 0.098114 0.022412
1 0.327392 0.636095 0.014706 0.011364
1 0.511214 0.636095 0.014706 0.011364
1 0.511216 0.620619 0.014706 0.011364
0 0.763324 0.668472 0.202618 0.018653
0 0.524007 0.668472 0.261436 0.018653
0 0.231190 0.668676 0.299426 0.018244
3 0.921711 0.670172 0.098114 0.022412
1 0.327392 0.707115 0.014706 0.011364
1 0.511214 0.707115 0.014706 0.011364
1 0.511216 0.691639 0.014706 0.011364
3 0.466281 0.896124 0.264706 0.022232
1 0.661034 0.160976 0.014706 0.011364
1 0.661034 0.123559 0.014706 0.011364
1 0.661034 0.142268 0.014706 0.011364
1 0.054513 0.160549 0.014706 0.011364
1 0.054513 0.123133 0.014706 0.011364
1 0.661034 0.179684 0.014706 0.011364
0 0.609908 0.275727 0.180204 0.022323
3 0.738730 0.275727 0.071038 0.022323
0 0.172559 0.275727 0.226925 0.022323
0 0.405809 0.275727 0.222252 0.022323
1 0.935624 0.276098 0.014706 0.011364
1 0.071085 0.429654 0.014706 0.011364
1 0.280572 0.370359 0.014706 0.011364
1 0.280572 0.426880 0.014706 0.011364
1 0.071085 0.374543 0.014706 0.011364
1 0.546353 0.447966 0.014706 0.011364
0 0.733442 0.535064 0.220593 0.022323
0 0.328639 0.533759 0.533810 0.019889
1 0.851897 0.537389 0.014706 0.011364
0 0.749609 0.485773 0.419616 0.037013
0 0.749609 0.405673 0.419616 0.037013
0 0.194928 0.325905 0.272059 0.022232
0 0.478319 0.325816 0.264706 0.022412
3 0.655991 0.325905 0.061227 0.022232
3 0.837539 0.325816 0.262552 0.022412
1 0.851147 0.565549 0.014706 0.011364
0 0.763324 0.738084 0.202618 0.018653
0 0.524007 0.738084 0.261436 0.018653
0 0.231190 0.738289 0.299426 0.018244
3 0.921711 0.739784 0.098114 0.022412
1 0.327392 0.776729 0.014706 0.011364
1 0.511214 0.776729 0.014706 0.011364
1 0.511216 0.761253 0.014706 0.011364
0 0.763324 0.809104 0.202618 0.018653
0 0.524007 0.809104 0.261436 0.018653
0 0.231190 0.809309 0.299426 0.018244
3 0.921711 0.810804 0.098114 0.022412
1 0.327392 0.847749 0.014706 0.011364
1 0.511214 0.847749 0.014706 0.011364
1 0.511216 0.832273 0.014706 0.011364
1 0.546904 0.366100 0.014706 0.011364
1 0.280572 0.481991 0.014706 0.011364
1 0.071587 0.481991 0.014706 0.011364
1 0.927889 0.897247 0.014706 0.011364
0 0.441668 0.633478 0.095582 0.022327
0 0.254860 0.704773 0.110296 0.022327
0 0.441668 0.704773 0.095582 0.022327
0 0.254860 0.773814 0.110296 0.022327
0 0.441668 0.773814 0.095582 0.022327
0 0.254860 0.845109 0.110296 0.022327
0 0.441668 0.845109 0.095582 0.022327
0 0.254860 0.633478 0.110296 0.022327
0 0.851410 0.273811 0.145072 0.021046
0 0.756135 0.897944 0.294123 0.025506
1 0.127822 0.630075 0.016340 0.012626
1 0.127822 0.701370 0.016340 0.012626
1 0.127822 0.769659 0.016340 0.012626
1 0.127822 0.843135 0.016340 0.012626
0 0.876805 0.949969 0.188747 0.017261