0 0.066462 0.749754 0.019886 0.323041
0 0.090293 0.750246 0.019886 0.324022
0 0.113178 0.750246 0.018939 0.324022
0 0.136852 0.750370 0.020833 0.321815
0 0.067030 0.569361 0.020644 0.037745
0 0.067187 0.531699 0.020644 0.037500
0 0.066619 0.489134 0.019887 0.046324
0 0.066808 0.441708 0.019129 0.046569
0 0.066745 0.400123 0.019886 0.033088
0 0.066934 0.359518 0.019886 0.048284
0 0.066934 0.267157 0.019886 0.133987
0 0.066619 0.133579 0.019886 0.134804
0 0.066934 0.000000 0.019886 0.160539
0 0.066619 0.000000 0.019887 0.131127
0 0.089505 0.269198 0.019886 0.132353
0 0.089505 0.133168 0.019886 0.134806
0 0.090452 0.000000 0.019886 0.160539
0 0.089505 0.000000 0.019886 0.131127
0 0.112233 0.269198 0.019886 0.132353
0 0.112233 0.133168 0.019886 0.134806
0 0.113180 0.000000 0.019886 0.160539
0 0.112233 0.000000 0.019886 0.131127
0 0.134960 0.269198 0.019886 0.132353
0 0.134960 0.133168 0.019886 0.134806
0 0.135907 0.000000 0.019886 0.160539
0 0.134960 0.000000 0.019886 0.131127
0 0.157687 0.269198 0.019886 0.132353
0 0.157687 0.133168 0.019886 0.134806
0 0.158634 0.000000 0.019886 0.160539
0 0.157687 0.000000 0.019886 0.131127
0 0.247335 0.877043 0.016098 0.105393
0 0.247492 0.726920 0.015783 0.193219
0 0.247650 0.571895 0.016098 0.110296
0 0.247492 0.399100 0.015783 0.223039
0 0.264221 0.877043 0.013889 0.105393
0 0.264221 0.726716 0.013889 0.193627
0 0.264221 0.571487 0.013889 0.110294
0 0.264221 0.399101 0.013889 0.223039
0 0.279372 0.877043 0.013889 0.105393
0 0.279372 0.726716 0.013889 0.193627
0 0.279372 0.571487 0.013889 0.110294
0 0.279372 0.399101 0.013889 0.223039
0 0.295155 0.877043 0.013889 0.105393
0 0.295155 0.726716 0.013889 0.193627
0 0.295155 0.571487 0.013889 0.110294
0 0.295155 0.399101 0.013889 0.223039
0 0.310938 0.877043 0.013889 0.105393
0 0.310938 0.726716 0.013889 0.193627
0 0.310938 0.571487 0.013889 0.110294
0 0.310938 0.399101 0.013889 0.223039
0 0.327352 0.877043 0.013889 0.105393
0 0.327352 0.726716 0.013889 0.193627
0 0.327352 0.571487 0.013889 0.110294
0 0.327352 0.399101 0.013889 0.223039
0 0.342504 0.877043 0.013889 0.105393
0 0.342504 0.726716 0.013889 0.193627
0 0.342504 0.571487 0.013889 0.110294
0 0.342504 0.399101 0.013889 0.223039
0 0.358918 0.877043 0.013889 0.105393
0 0.358918 0.726716 0.013889 0.193627
0 0.358918 0.571487 0.013889 0.110294
0 0.358918 0.399101 0.013889 0.223039
0 0.375016 0.877043 0.013889 0.105393
0 0.375016 0.726716 0.013889 0.193627
0 0.375016 0.571487 0.013889 0.110294
0 0.375016 0.399101 0.013889 0.223039
0 0.390877 0.877044 0.013731 0.105391
0 0.390877 0.726615 0.013731 0.193015
0 0.390877 0.571284 0.013731 0.110294
0 0.390877 0.399103 0.013731 0.223039
0 0.405555 0.877044 0.013731 0.105391
0 0.405555 0.726615 0.013731 0.193015
0 0.405555 0.571284 0.013731 0.110294
0 0.405555 0.399103 0.013731 0.223039
0 0.422758 0.877044 0.013731 0.105391
0 0.422758 0.726615 0.013731 0.193015
0 0.422758 0.571284 0.013731 0.110294
0 0.422758 0.399103 0.013731 0.223039
0 0.438699 0.877044 0.013731 0.105391
0 0.438699 0.726615 0.013731 0.193015
0 0.438699 0.571284 0.013731 0.110294
0 0.438699 0.399103 0.013731 0.223039
0 0.454797 0.877044 0.013731 0.105391
0 0.454797 0.726615 0.013731 0.193015
0 0.454797 0.571284 0.013731 0.110294
0 0.454797 0.399103 0.013731 0.223039
0 0.470107 0.877044 0.013731 0.105391
0 0.470107 0.726615 0.013731 0.193015
0 0.470107 0.571284 0.013731 0.110294
0 0.470107 0.399103 0.013731 0.223039
0 0.486521 0.877044 0.013731 0.105391
0 0.486679 0.726615 0.013731 0.193015
0 0.486679 0.571284 0.013731 0.110294
0 0.486679 0.399103 0.013731 0.223039
0 0.502146 0.877044 0.013731 0.105391
0 0.502146 0.726615 0.013731 0.193015
0 0.502146 0.571284 0.013731 0.110294
0 0.502146 0.399103 0.013731 0.223039
0 0.518244 0.877044 0.013731 0.105391
0 0.518244 0.726615 0.013731 0.193015
0 0.518244 0.571284 0.013731 0.110294
0 0.518244 0.399103 0.013731 0.223039
0 0.534343 0.877044 0.013731 0.105391
0 0.534343 0.726615 0.013731 0.193015
0 0.534343 0.571284 0.013731 0.110294
0 0.534343 0.399103 0.013731 0.223039
0 0.549968 0.877044 0.013731 0.105391
0 0.549968 0.726615 0.013731 0.193015
0 0.549968 0.571284 0.013731 0.110294
0 0.549968 0.399103 0.013731 0.223039
0 0.565593 0.877044 0.013731 0.105391
0 0.565593 0.726615 0.013731 0.193015
0 0.565593 0.571284 0.013731 0.110294
0 0.565593 0.399103 0.013731 0.223039
0 0.581376 0.877044 0.013731 0.105391
0 0.581376 0.726615 0.013731 0.193015
0 0.581376 0.571284 0.013731 0.110294
0 0.581376 0.399103 0.013731 0.223039
0 0.597316 0.877044 0.013731 0.105391
0 0.597316 0.726615 0.013731 0.193015
0 0.597316 0.571284 0.013731 0.110294
0 0.597316 0.399103 0.013731 0.223039
0 0.613415 0.877044 0.013731 0.105391
0 0.613415 0.726615 0.013731 0.193015
0 0.613415 0.571284 0.013731 0.110294
0 0.613415 0.399103 0.013731 0.223039
0 0.629513 0.877044 0.013731 0.105391
0 0.629513 0.726615 0.013731 0.193015
0 0.629513 0.571284 0.013731 0.110294
0 0.629513 0.399103 0.013731 0.223039
0 0.645612 0.877044 0.013731 0.105391
0 0.645612 0.726615 0.013731 0.193015
0 0.645612 0.571284 0.013731 0.110294
0 0.645612 0.399103 0.013731 0.223039
0 0.661710 0.877044 0.013731 0.105391
0 0.661710 0.726615 0.013731 0.193015
0 0.661710 0.571284 0.013731 0.110294
0 0.661710 0.399103 0.013731 0.223039
0 0.247412 0.256027 0.014678 0.056985
0 0.247649 0.167792 0.014205 0.114583
0 0.247649 0.051677 0.014205 0.113969
0 0.247649 0.000000 0.014205 0.223039
0 0.263195 0.256027 0.014678 0.056985
0 0.263432 0.167792 0.014205 0.114583
0 0.263432 0.051677 0.014205 0.113969
0 0.263432 0.000000 0.014205 0.223039
0 0.279372 0.256027 0.014205 0.056985
0 0.279491 0.167792 0.013968 0.114583
0 0.279372 0.051677 0.013731 0.113969
0 0.279057 0.000000 0.014205 0.223039
0 0.295707 0.256334 0.013730 0.056985
0 0.295589 0.167792 0.013494 0.114583
0 0.295589 0.051677 0.013494 0.113969
0 0.295589 0.000000 0.013494 0.223039
0 0.311095 0.256027 0.014205 0.056985
0 0.310977 0.167792 0.013968 0.114583
0 0.311213 0.051677 0.013495 0.113969
0 0.311213 0.000000 0.013495 0.223039
0 0.327193 0.256027 0.014205 0.056985
0 0.327193 0.167792 0.014205 0.114583
0 0.327193 0.051677 0.014205 0.113969
0 0.327193 0.000000 0.014205 0.223039
0 0.342818 0.256027 0.014205 0.056985
0 0.342818 0.167792 0.014205 0.114583
0 0.342818 0.051677 0.014205 0.113969
0 0.342818 0.000000 0.014205 0.223039
0 0.358838 0.256027 0.013415 0.056985
0 0.358759 0.167792 0.013573 0.114583
0 0.358759 0.051677 0.013573 0.113969
0 0.358759 0.000000 0.013573 0.223039
0 0.374305 0.256027 0.014678 0.056985
0 0.374857 0.167792 0.013573 0.114583
0 0.374857 0.051677 0.013573 0.113969
0 0.374857 0.000000 0.013573 0.223039
0 0.390403 0.256027 0.014678 0.056985
0 0.390640 0.167792 0.014205 0.114583
0 0.390640 0.051677 0.014205 0.113969
0 0.390640 0.000000 0.014205 0.223039
0 0.406502 0.256027 0.014678 0.056985
0 0.406739 0.167792 0.014205 0.114583
0 0.406739 0.051677 0.014205 0.113969
0 0.406739 0.000000 0.014205 0.223039
0 0.422600 0.256027 0.013415 0.056985
0 0.422521 0.167792 0.013573 0.114583
0 0.422364 0.051677 0.013258 0.113969
0 0.422364 0.000000 0.013258 0.223039
0 0.438541 0.256027 0.014047 0.056985
0 0.438462 0.167792 0.014205 0.114583
0 0.438462 0.051677 0.014205 0.113969
0 0.438462 0.000000 0.014205 0.223039
0 0.454640 0.256027 0.014047 0.056985
0 0.454561 0.167792 0.014205 0.114583
0 0.454561 0.051677 0.014205 0.113969
0 0.454561 0.000000 0.014205 0.223039
0 0.470107 0.256027 0.014047 0.056985
0 0.470186 0.167792 0.013258 0.114583
0 0.470343 0.051677 0.013573 0.113969
0 0.470343 0.000000 0.013573 0.223039
0 0.486205 0.256027 0.013100 0.056985
0 0.486284 0.167792 0.013258 0.114583
0 0.486284 0.051677 0.013258 0.113969
0 0.486126 0.000000 0.013573 0.223039
0 0.501988 0.256027 0.013100 0.056985
0 0.502225 0.168200 0.013573 0.115400
0 0.502383 0.051677 0.013258 0.113969
0 0.502383 0.000000 0.013258 0.223039
0 0.517929 0.256027 0.013415 0.056985
0 0.518008 0.168200 0.014205 0.115400
0 0.518008 0.051269 0.014205 0.114786
0 0.518008 0.000000 0.014205 0.223039
0 0.534185 0.256027 0.013100 0.056985
0 0.534106 0.168200 0.014205 0.115400
0 0.534106 0.051065 0.014205 0.115194
0 0.534106 0.000000 0.014205 0.223039
0 0.549968 0.256027 0.013731 0.056985
0 0.550047 0.168200 0.013889 0.115400
0 0.549889 0.051065 0.013573 0.115194
0 0.549889 0.000000 0.013573 0.223039
0 0.564804 0.255619 0.013731 0.057394
0 0.564567 0.167792 0.013258 0.115809
0 0.564567 0.050656 0.013258 0.114786
0 0.565672 0.000000 0.013573 0.223448
0 0.581849 0.256027 0.014047 0.056985
0 0.581770 0.168200 0.013889 0.115400
0 0.581770 0.051065 0.013889 0.115194
0 0.581770 0.000000 0.013889 0.223039
0 0.597790 0.256027 0.013731 0.056985
0 0.597553 0.168098 0.014205 0.115196
0 0.597790 0.051065 0.013731 0.115194
0 0.597790 0.000000 0.013731 0.223039
0 0.613415 0.256027 0.013731 0.056985
0 0.613178 0.168098 0.014205 0.115196
0 0.613415 0.051065 0.013731 0.115194
0 0.613415 0.000000 0.013731 0.223039
0 0.629040 0.256027 0.013731 0.056985
0 0.628803 0.168098 0.014205 0.115196
0 0.629040 0.051065 0.013731 0.115194
0 0.629040 0.000000 0.013731 0.223039
0 0.644665 0.256027 0.013731 0.056985
0 0.644428 0.168098 0.014205 0.115196
0 0.644665 0.051065 0.013731 0.115194
0 0.644665 0.000000 0.013731 0.223039
0 0.661552 0.256027 0.013731 0.056985
0 0.661316 0.168098 0.014205 0.115196
0 0.661552 0.051065 0.013731 0.115194
0 0.661552 0.000000 0.013731 0.223039
0 0.697300 0.348367 0.032765 1.000000
5 0.736271 0.108044 0.036932 0.077206
5 0.736744 0.024508 0.036932 0.077206
5 0.736112 0.000000 0.036932 0.077206