0 0.154728 0.086536 0.171501 0.015653
0 0.621968 0.086343 0.171502 0.015653
1 0.536765 0.116951 0.020201 0.015609
1 0.743466 0.116951 0.020199 0.015609
1 0.895426 0.116951 0.020199 0.015609
1 0.535949 0.149148 0.020201 0.015609
1 0.743466 0.149148 0.020199 0.015609
0 0.519649 0.180743 0.900604 0.015783
0 0.520724 0.198835 0.904280 0.034722
1 0.052779 0.237153 0.020200 0.015609
1 0.303760 0.237910 0.020199 0.015609
0 0.637432 0.237139 0.172551 0.016162
1 0.537089 0.269981 0.020201 0.015610
1 0.743954 0.269981 0.020199 0.015609
0 0.399766 0.301469 0.661928 0.015783
0 0.848274 0.301366 0.173204 0.015994
0 0.294949 0.332720 0.458172 0.016414
0 0.745145 0.332842 0.382320 0.016604
1 0.338237 0.471496 0.020199 0.015609
1 0.741995 0.472254 0.020199 0.015609
0 0.183508 0.523754 0.286601 0.017929
0 0.387595 0.523693 0.123203 0.017045
0 0.591678 0.523754 0.277778 0.016414
1 0.750002 0.527304 0.020199 0.015609
1 0.795753 0.527304 0.020199 0.015609
0 0.885145 0.524956 0.139869 0.015783
0 0.183753 0.555319 0.285458 0.016414
0 0.388902 0.555448 0.122222 0.016162
0 0.591354 0.555448 0.279740 0.016162
1 0.750002 0.557607 0.020199 0.015609
1 0.795753 0.557607 0.020199 0.015609
0 0.885145 0.556206 0.139869 0.015152
0 0.183128 0.587311 0.282573 0.015152
0 0.387595 0.587393 0.123203 0.015152
0 0.591678 0.587516 0.277778 0.015152
1 0.750002 0.589173 0.020199 0.015609
1 0.795753 0.589173 0.020199 0.015609
0 0.885145 0.587393 0.139869 0.015152
0 0.182802 0.619403 0.283554 0.015152
0 0.388248 0.619590 0.123856 0.015152
0 0.590537 0.619590 0.278106 0.015152
1 0.750002 0.620739 0.020199 0.015609
1 0.795753 0.620739 0.020199 0.015609
0 0.884737 0.619716 0.140686 0.015152
0 0.184244 0.651787 0.285132 0.015151
0 0.388819 0.651405 0.123039 0.015151
0 0.591354 0.651787 0.278106 0.015151
1 0.750002 0.652936 0.020199 0.015609
1 0.795753 0.652304 0.020199 0.015609
0 0.884570 0.651910 0.139706 0.015152
1 0.338074 0.690688 0.020199 0.015609
1 0.783172 0.690057 0.020199 0.015609
1 0.338074 0.722254 0.020199 0.015609
1 0.782191 0.722254 0.020199 0.015609
0 0.277452 0.768686 0.472551 0.023360
0 0.276932 0.797052 0.472796 0.035481
0 0.666716 0.784237 0.301892 0.055809
1 0.828923 0.762153 0.020199 0.013083
1 0.828841 0.777936 0.021016 0.014346
0 0.891191 0.797306 0.146732 0.033460
0 0.278432 0.828030 0.475002 0.025756
0 0.277463 0.857848 0.473858 0.037121
0 0.666435 0.842571 0.301799 0.056061
1 0.829250 0.821181 0.021833 0.014977
1 0.829250 0.837595 0.021833 0.013715
0 0.892317 0.856712 0.146732 0.033838
0 0.278035 0.888151 0.475001 0.025757
0 0.276471 0.919191 0.475002 0.039393
0 0.666517 0.901661 0.302289 0.057827
1 0.829250 0.880524 0.021833 0.014346
1 0.829250 0.896622 0.021833 0.013715
0 0.891908 0.916055 0.145915 0.035859