0 0.873341 0.941713 0.188747 0.017261
2 0.058824 0.741073 0.016340 0.012626
2 0.134804 0.741073 0.016340 0.012626
0 0.497652 0.830165 0.893997 0.025340
0 0.614450 0.583439 0.357681 0.020000
0 0.880166 0.583439 0.157848 0.020000
0 0.880040 0.616274 0.158469 0.020000
0 0.418212 0.616274 0.737109 0.020000
0 0.212329 0.651611 0.325345 0.020000
0 0.485913 0.651611 0.204645 0.020000
3 0.627943 0.651611 0.052941 0.020000
0 0.731285 0.651611 0.127276 0.020000
0 0.880045 0.651611 0.158469 0.020000
0 0.499183 0.784712 0.897059 0.025343
0 0.498471 0.875619 0.893997 0.025340