0 0.278394 0.215616 0.463932 0.020295
0 0.630051 0.215593 0.227240 0.019886
0 0.854079 0.215547 0.218593 0.019886
0 0.498162 0.394909 0.489667 0.020295
0 0.845181 0.395383 0.192926 0.020833
0 0.430146 0.468773 0.141456 0.020833
0 0.273284 0.507599 0.450452 0.020295
0 0.274509 0.545477 0.450452 0.020295
0 0.273284 0.584303 0.450452 0.020295
0 0.887707 0.468591 0.141456 0.020833
0 0.730843 0.584123 0.450451 0.020295
0 0.730843 0.507417 0.450451 0.020295
0 0.732069 0.545297 0.450451 0.020295
0 0.628065 0.925214 0.216211 0.020833
0 0.813726 0.925529 0.141456 0.020833