0 0.394380 0.181354 0.663164 0.015750
0 0.846514 0.181297 0.172917 0.015936
0 0.145689 0.213657 0.171501 0.015653
0 0.844889 0.212948 0.174503 0.018016
0 0.390231 0.244595 0.659009 0.015152
0 0.845641 0.243963 0.176007 0.015936
1 0.464873 0.277327 0.020201 0.015609
1 0.561683 0.277462 0.020199 0.016240
0 0.829251 0.277423 0.138345 0.015152
1 0.075981 0.313763 0.021017 0.015609
1 0.743873 0.313763 0.020199 0.015609
1 0.885212 0.313763 0.020199 0.015609
0 0.289758 0.342607 0.459699 0.016098
0 0.238560 0.403056 0.339328 0.015152
1 0.422794 0.386364 0.020199 0.015609
1 0.561683 0.386364 0.020199 0.015609
1 0.422794 0.404672 0.020199 0.015609
0 0.853489 0.402424 0.160677 0.015152
0 0.236382 0.437989 0.337694 0.015152
1 0.422794 0.422980 0.020199 0.015609
1 0.561683 0.422980 0.020199 0.015609
1 0.422794 0.441288 0.020199 0.015609
0 0.853080 0.439883 0.161493 0.015152
0 0.302285 0.504067 0.483119 0.015152
0 0.653323 0.504067 0.150873 0.015152
0 0.836877 0.503856 0.173204 0.015573
1 0.075572 0.536616 0.020200 0.015609
1 0.163807 0.536616 0.020200 0.015609
0 0.769609 0.535527 0.383444 0.015784
1 0.075572 0.572601 0.020200 0.015609
1 0.560866 0.609533 0.020199 0.015609
1 0.562094 0.572601 0.020201 0.015609
1 0.560866 0.590909 0.020199 0.015609
1 0.075981 0.591225 0.020200 0.015609
1 0.075570 0.637626 0.020199 0.015609
1 0.075572 0.614899 0.020200 0.015609
0 0.572170 0.637905 0.782683 0.017677
1 0.075981 0.684343 0.021017 0.015609
1 0.165441 0.684343 0.020199 0.015609
1 0.076389 0.777778 0.020200 0.015609
1 0.255310 0.777778 0.020199 0.015609
0 0.547386 0.776176 0.368739 0.014731
0 0.851038 0.775755 0.172114 0.016414
1 0.076389 0.809343 0.020200 0.015609
1 0.255310 0.809343 0.020199 0.015609
0 0.850492 0.809203 0.172114 0.015152
1 0.076389 0.840909 0.020200 0.015609
1 0.255310 0.840909 0.020199 0.015609
0 0.355119 0.872125 0.584972 0.016414
0 0.848587 0.872125 0.172114 0.016414
0 0.397330 0.912845 0.668306 0.017046
0 0.848518 0.912845 0.176337 0.017046