2 0.718271 0.111631 0.014706 0.011364
2 0.780773 0.111631 0.014706 0.011364
0 0.515299 0.841480 0.911765 0.021144
0 0.224859 0.715976 0.330884 0.022232
1 0.353127 0.752970 0.014706 0.011364
0 0.173388 0.752858 0.227943 0.022327
2 0.711109 0.444015 0.014706 0.011364
2 0.773611 0.444015 0.014706 0.011364
1 0.070038 0.469835 0.014706 0.011364
1 0.070039 0.501083 0.014706 0.011364
0 0.688094 0.715976 0.566175 0.022232
0 0.537359 0.752905 0.264706 0.022232
0 0.827798 0.752905 0.286766 0.022232
1 0.070039 0.616492 0.014706 0.011364
1 0.070039 0.637445 0.014706 0.011364
1 0.070039 0.668693 0.014706 0.011364
0 0.515299 0.420522 0.911765 0.022232
1 0.415624 0.789001 0.014706 0.011364
1 0.831065 0.792494 0.014706 0.011364
1 0.831064 0.776649 0.014706 0.011364
1 0.070039 0.532097 0.014706 0.011364
1 0.070038 0.563582 0.014706 0.011364
1 0.070039 0.593768 0.014706 0.011364
0 0.642138 0.790425 0.341913 0.023587
0 0.230373 0.790425 0.341913 0.023587
0 0.876805 0.949979 0.188747 0.017261