0 0.491569 0.570909 0.409020 0.030606
0 0.900882 0.570909 0.077451 0.030606
0 0.370196 0.603333 0.166275 0.030606
0 0.819510 0.603333 0.240196 0.030606
0 0.663333 0.635758 0.552549 0.030606
0 0.663333 0.668182 0.552549 0.030606
0 0.435588 0.700682 0.213922 0.030758
0 0.856765 0.700682 0.165686 0.030758
0 0.435588 0.733182 0.213922 0.030606
0 0.820000 0.733182 0.239216 0.030606
0 0.435588 0.765606 0.213922 0.030606
0 0.856765 0.765606 0.165686 0.030606
0 0.634118 0.802576 0.610588 0.036364
0 0.634118 0.837879 0.610980 0.030606
0 0.435588 0.870303 0.213922 0.030606
0 0.856765 0.870303 0.165686 0.030606