3 0.525959 0.146240 0.226193 0.022222
0 0.525605 0.191873 0.225484 0.021611
0 0.770069 0.190710 0.225484 0.022222
0 0.719928 0.284784 0.321255 0.015150
0 0.233020 0.284784 0.058824 0.015150
0 0.356230 0.287339 0.058824 0.015150
0 0.477688 0.284784 0.058824 0.015150
0 0.617647 0.522249 0.529412 0.015150
0 0.617647 0.594218 0.529412 0.015152
0 0.617647 0.628313 0.529412 0.015152
0 0.508823 0.678552 0.311765 0.015150
0 0.812608 0.678552 0.142510 0.015150
4 0.501176 0.757974 0.355294 0.025398
0 0.812383 0.763098 0.140060 0.015150
0 0.602772 0.817719 0.558485 0.015150
4 0.501176 0.872795 0.355294 0.023972
0 0.812383 0.876982 0.140060 0.015150
3 0.770039 0.146963 0.226193 0.022222
0 0.617647 0.561710 0.529412 0.015152
0 0.421011 0.249399 0.263608 0.015833
1 0.672621 0.322706 0.016340 0.012626
1 0.387814 0.322706 0.016340 0.012626
0 0.682618 0.357347 0.058824 0.015150
0 0.519523 0.357347 0.058824 0.015150
0 0.503918 0.418449 0.752941 0.015150
1 0.480936 0.448246 0.016340 0.012626
1 0.541542 0.448371 0.016340 0.012626
0 0.767642 0.448373 0.227457 0.015150
0 0.755721 0.248760 0.270588 0.015150