0 0.111877 0.612197 0.017586 0.675769
0 0.111698 0.160458 0.018398 0.183823
0 0.111651 0.000000 0.018398 0.183824
0 0.141954 0.610972 0.017587 0.675770
0 0.171955 0.568833 0.017587 0.766701
0 0.172888 0.154288 0.014610 0.035539
0 0.173393 0.051918 0.014610 0.156863
0 0.172573 0.000000 0.016504 0.235047
0 0.299941 0.820180 0.034903 0.300653
0 0.292591 0.515033 0.017677 0.304739
0 0.307516 0.514829 0.016730 0.303513
0 0.307516 0.271364 0.017677 0.177288
0 0.306569 0.129206 0.016414 0.102941
0 0.306569 0.022997 0.016414 0.102941
1 0.300000 0.000000 0.026515 0.045752
1 0.300000 0.000000 0.026515 0.045752
1 0.300000 0.000000 0.026515 0.045752
1 0.300000 0.000000 0.026515 0.045752
0 0.332972 0.820486 0.037744 0.300654
0 0.324516 0.515338 0.017677 0.304738
0 0.339443 0.515136 0.016730 0.303513
0 0.338686 0.271998 0.017677 0.177288
0 0.339759 0.129513 0.016414 0.102941
0 0.339759 0.023304 0.016414 0.102941
1 0.334091 0.000000 0.026515 0.045752
1 0.334091 0.000000 0.026515 0.045752
1 0.334091 0.000000 0.026515 0.045752
1 0.334091 0.000000 0.026515 0.045752
0 0.363862 0.820590 0.037744 0.300654
0 0.356951 0.513807 0.017677 0.304739
0 0.371876 0.515237 0.016730 0.303513
0 0.370490 0.270547 0.017677 0.177288
0 0.370806 0.130023 0.016414 0.102941
0 0.370806 0.023814 0.016414 0.102941
1 0.364710 0.000000 0.026515 0.045752
1 0.364710 0.000000 0.026515 0.045752
1 0.364710 0.000000 0.026515 0.045752
1 0.364710 0.000000 0.026515 0.045752
0 0.394007 0.819936 0.036797 0.300653
0 0.388167 0.514543 0.017677 0.305719
0 0.403634 0.515033 0.016730 0.303513
0 0.402056 0.270547 0.017677 0.177288
0 0.401109 0.130023 0.016414 0.102941
0 0.401109 0.023814 0.016414 0.102941
1 0.394697 0.000000 0.026515 0.045752
1 0.394697 0.000000 0.026515 0.045752
1 0.394697 0.000000 0.026515 0.045752
1 0.394697 0.000000 0.026515 0.045752
1 0.434817 0.652321 0.012247 0.015482
1 0.434706 0.387797 0.012090 0.014869
1 0.470155 0.653280 0.012247 0.015482
1 0.471071 0.387737 0.011616 0.014869
0 0.467902 0.000000 0.018398 0.139706
0 0.504148 0.343872 0.022997 1.000000
1 0.546291 0.961328 0.012090 0.014461
1 0.545975 0.885347 0.012090 0.014870
0 0.543801 0.344973 0.017519 0.603841
1 0.577146 0.961898 0.011616 0.015074
1 0.577194 0.883998 0.011143 0.015482
0 0.636778 0.501798 0.018371 0.928919
0 0.637157 0.000000 0.018399 0.151469
0 0.637157 0.000000 0.018399 0.151471
0 0.668274 0.501674 0.018371 0.928920
0 0.668652 0.000000 0.018398 0.151471
0 0.668652 0.000000 0.018398 0.151471
0 0.698577 0.501674 0.018371 0.928920
0 0.698955 0.000000 0.018398 0.151471
0 0.698955 0.000000 0.018398 0.151471