1 0.132843 0.137197 0.016274 0.012576
0 0.743431 0.145298 0.342157 0.030152
1 0.132843 0.169242 0.016274 0.012727
0 0.743431 0.177268 0.342157 0.030152
1 0.132843 0.219394 0.016274 0.012727
0 0.743431 0.234116 0.341765 0.044638
1 0.132843 0.265227 0.016274 0.012576
0 0.743431 0.266586 0.341765 0.017576
1 0.132843 0.284167 0.016274 0.012576
0 0.743431 0.298813 0.341765 0.044638
1 0.132843 0.329924 0.016274 0.012576
0 0.743431 0.350799 0.341765 0.059755
1 0.132843 0.389546 0.016274 0.012727
0 0.743431 0.396818 0.341765 0.030303
1 0.132843 0.439773 0.016274 0.012576
0 0.743431 0.454004 0.341765 0.043809
1 0.132843 0.485530 0.016274 0.012576
0 0.743431 0.487051 0.341765 0.020909
1 0.132843 0.507734 0.016274 0.012727
0 0.743431 0.509551 0.341765 0.021061
1 0.132843 0.552658 0.016274 0.012576
0 0.743039 0.560227 0.342157 0.030152
1 0.132843 0.584703 0.016274 0.012727
0 0.743039 0.587349 0.342157 0.021061
1 0.132843 0.607203 0.016274 0.012576
0 0.743039 0.609849 0.342157 0.020909
1 0.132843 0.629628 0.016274 0.012576
0 0.743039 0.632273 0.342157 0.020909
1 0.132843 0.652128 0.016274 0.012727
0 0.743039 0.659621 0.342157 0.030151
1 0.132843 0.684097 0.016274 0.012727
0 0.743039 0.689546 0.342157 0.026364
1 0.132843 0.712052 0.016274 0.012576
0 0.743039 0.717500 0.342157 0.026212
1 0.132843 0.739931 0.016274 0.012576
0 0.743039 0.740758 0.342157 0.017576
1 0.132843 0.758870 0.016274 0.012576
0 0.743039 0.759697 0.342157 0.017576
1 0.132843 0.777809 0.016274 0.012576
0 0.743039 0.778636 0.342157 0.017576
1 0.132843 0.796749 0.016274 0.012576
0 0.743039 0.802197 0.342157 0.026212
1 0.132843 0.824628 0.016274 0.012576
0 0.743039 0.830076 0.342157 0.026212
1 0.132843 0.852582 0.016274 0.012727
0 0.743039 0.857955 0.342157 0.026212
1 0.103041 0.136900 0.016275 0.012576
1 0.103041 0.168946 0.016275 0.012727
1 0.103041 0.219097 0.016275 0.012727
1 0.103041 0.264931 0.016275 0.012576
1 0.103041 0.283870 0.016275 0.012576
1 0.103041 0.329628 0.016275 0.012576
1 0.103041 0.389249 0.016275 0.012727
1 0.103041 0.439773 0.016275 0.012576
1 0.103041 0.485530 0.016275 0.012576
1 0.103041 0.507734 0.016275 0.012727
1 0.103041 0.552658 0.016275 0.012576
1 0.103041 0.584703 0.016275 0.012727
1 0.103041 0.607203 0.016275 0.012576
1 0.103041 0.629628 0.016275 0.012576
1 0.103041 0.652128 0.016275 0.012727
1 0.103041 0.684097 0.016275 0.012727
1 0.103041 0.712052 0.016275 0.012576
1 0.103041 0.739931 0.016275 0.012576
1 0.103041 0.758870 0.016275 0.012576
1 0.103041 0.777809 0.016275 0.012576
1 0.103041 0.796749 0.016275 0.012576
1 0.103041 0.824628 0.016275 0.012576
1 0.103041 0.852582 0.016275 0.012727