0 0.308824 0.200528 0.500000 0.064498
0 0.746109 0.314193 0.058824 0.017985
0 0.645658 0.314193 0.132353 0.017985
0 0.630953 0.227483 0.102941 0.022973
0 0.830882 0.227483 0.102941 0.022973
1 0.895062 0.228232 0.016340 0.012626
1 0.895067 0.204628 0.016340 0.012626
1 0.700088 0.228232 0.016340 0.012626
0 0.677422 0.539354 0.107804 0.017985
3 0.850195 0.540669 0.225966 0.022513
3 0.580219 0.540750 0.074343 0.022351
0 0.434030 0.538871 0.205567 0.018951
0 0.190673 0.538960 0.261033 0.018771
0 0.190673 0.379834 0.261033 0.018771
0 0.434030 0.379744 0.205567 0.018951
3 0.580219 0.381624 0.074343 0.022351
3 0.850195 0.381543 0.225966 0.022513
0 0.677422 0.380227 0.107804 0.017985
0 0.308824 0.298046 0.500000 0.050276
0 0.249727 0.452634 0.381807 0.052841
1 0.792214 0.310346 0.016340 0.012626
1 0.880449 0.281184 0.016340 0.012626
1 0.792214 0.281184 0.016340 0.012626
1 0.454021 0.413117 0.016340 0.012626
1 0.592284 0.438773 0.016340 0.012626
1 0.792214 0.467933 0.016340 0.012626
1 0.880449 0.438773 0.016340 0.012626
1 0.792214 0.438773 0.016340 0.012626
0 0.746109 0.471780 0.058824 0.017985
0 0.645658 0.471780 0.132353 0.017985
1 0.845943 0.503515 0.016340 0.012626
2 0.073776 0.594327 0.017974 0.013889
2 0.134791 0.594331 0.017974 0.013889
0 0.640365 0.594327 0.646531 0.032212