0 0.873341 0.941713 0.188747 0.017261
2 0.056103 0.119072 0.014706 0.011364
2 0.119229 0.119072 0.014706 0.011364
0 0.856617 0.319751 0.227943 0.022323
0 0.588744 0.320016 0.280426 0.021793
0 0.209150 0.366357 0.300654 0.018653
0 0.456350 0.366267 0.181176 0.018832
3 0.584520 0.368147 0.055554 0.022232
3 0.856617 0.366267 0.227943 0.018832
0 0.676024 0.366750 0.107842 0.017866
0 0.117647 0.322274 0.117647 0.022323
1 0.187091 0.322763 0.014706 0.011364
0 0.297791 0.322274 0.117647 0.022323
1 0.378266 0.306292 0.014706 0.011364
1 0.378268 0.322763 0.014706 0.011364
2 0.056103 0.775322 0.014706 0.011364
2 0.056103 0.752595 0.014706 0.011364
0 0.856617 0.204693 0.227943 0.022323
0 0.588744 0.204958 0.280426 0.021793
0 0.209150 0.251299 0.300654 0.018653
0 0.456350 0.251209 0.181176 0.018832
3 0.584520 0.253088 0.055554 0.022232
3 0.856617 0.251209 0.227943 0.018832
0 0.676024 0.251692 0.107842 0.017866
0 0.117647 0.207217 0.117647 0.022323
1 0.187091 0.207037 0.014706 0.011364
0 0.297791 0.207217 0.117647 0.022323
1 0.378266 0.191235 0.014706 0.011364
1 0.378268 0.208301 0.014706 0.011364
0 0.856617 0.551287 0.227943 0.022323
0 0.588744 0.551552 0.280426 0.021793
0 0.209150 0.597892 0.300654 0.018653
0 0.456350 0.597802 0.181176 0.018832
3 0.584520 0.599682 0.055554 0.022232
3 0.856617 0.597802 0.227943 0.018832
0 0.676024 0.598285 0.107842 0.017866
0 0.117647 0.553809 0.117647 0.022323
1 0.187091 0.553629 0.014706 0.011364
0 0.297791 0.553809 0.117647 0.022323
1 0.378266 0.537827 0.014706 0.011364
1 0.378268 0.553629 0.014706 0.011364
0 0.856617 0.436229 0.227943 0.022323
0 0.588744 0.436494 0.280426 0.021793
0 0.209150 0.482834 0.300654 0.018653
0 0.456350 0.482744 0.181176 0.018832
3 0.584520 0.484624 0.055554 0.022232
3 0.856617 0.482744 0.227943 0.018832
0 0.676024 0.483227 0.107842 0.017866
0 0.117647 0.438753 0.117647 0.022323
1 0.187091 0.439241 0.014706 0.011364
0 0.297791 0.438753 0.117647 0.022323
1 0.378266 0.422770 0.014706 0.011364
1 0.378268 0.439241 0.014706 0.011364