0 0.873341 0.941713 0.188747 0.017261
2 0.678660 0.174294 0.014706 0.011364
2 0.748516 0.174294 0.014706 0.011364
0 0.194010 0.412463 0.272059 0.018653
0 0.432088 0.412373 0.181176 0.018832
3 0.573938 0.414253 0.074343 0.022232
3 0.852740 0.412373 0.232029 0.018832
0 0.676024 0.412856 0.107842 0.017866
1 0.407703 0.436240 0.014706 0.011364
0 0.194853 0.528282 0.272059 0.018653
0 0.432070 0.528193 0.181176 0.018832
3 0.573920 0.530072 0.074343 0.022232
3 0.852722 0.528595 0.232029 0.018027
0 0.676006 0.528676 0.107841 0.017866
1 0.895209 0.489631 0.014706 0.011364
2 0.137933 0.569033 0.014706 0.011364
2 0.070809 0.569033 0.014706 0.011364
0 0.661770 0.575541 0.615655 0.023314
1 0.895209 0.436241 0.014706 0.011364
0 0.225257 0.467105 0.334552 0.020372
1 0.746224 0.454066 0.014706 0.011364
1 0.804866 0.454066 0.014706 0.011364
0 0.568475 0.467171 0.164433 0.022323
0 0.690504 0.467216 0.062093 0.022232
1 0.746224 0.470301 0.014706 0.011364
0 0.194010 0.755196 0.272059 0.018653
0 0.433075 0.755107 0.181176 0.018832
3 0.574925 0.756986 0.074343 0.022232
3 0.853727 0.755107 0.232029 0.018832
0 0.677011 0.755590 0.107842 0.017866
1 0.408690 0.778975 0.014706 0.011364
0 0.194010 0.871016 0.272059 0.018653
0 0.433057 0.870926 0.181176 0.018832
3 0.574907 0.872806 0.074343 0.022232
3 0.853707 0.871329 0.232029 0.018027
0 0.676991 0.871409 0.107842 0.017866
1 0.895209 0.832366 0.014706 0.011364
2 0.138920 0.911768 0.014706 0.011364
2 0.071796 0.911768 0.014706 0.011364
0 0.662756 0.918275 0.615655 0.023314
1 0.896194 0.778975 0.014706 0.011364
0 0.225257 0.810170 0.334552 0.020372
1 0.747209 0.796799 0.014706 0.011364
1 0.805853 0.796799 0.014706 0.011364
0 0.569460 0.809904 0.164433 0.022323
0 0.691491 0.809950 0.062093 0.022232
1 0.747209 0.813035 0.014706 0.011364
0 0.301574 0.351450 0.487188 0.023739
0 0.631574 0.298562 0.135711 0.022409
1 0.714832 0.298715 0.014706 0.011364
0 0.824771 0.298562 0.123807 0.022409
1 0.906907 0.282885 0.014706 0.011364
1 0.906907 0.299982 0.014706 0.011364
1 0.823685 0.332913 0.014706 0.011364
1 0.908271 0.332913 0.014706 0.011364
0 0.645935 0.349422 0.164433 0.022323
0 0.767966 0.349467 0.062093 0.022232
1 0.823685 0.347258 0.014706 0.011364
0 0.305982 0.291289 0.495817 0.033604
0 0.301574 0.695974 0.487188 0.023739
0 0.631574 0.643086 0.135711 0.022409
1 0.714832 0.643239 0.014706 0.011364
0 0.824771 0.643086 0.123807 0.022409
1 0.906907 0.627409 0.014706 0.011364
1 0.906907 0.644506 0.014706 0.011364
1 0.823685 0.677437 0.014706 0.011364
1 0.908271 0.677437 0.014706 0.011364
0 0.645935 0.693946 0.164433 0.022323
0 0.767966 0.693991 0.062093 0.022232
1 0.823685 0.691782 0.014706 0.011364
0 0.305982 0.635813 0.495817 0.033603