1 0.411621 0.213274 0.014706 0.011364
1 0.584742 0.199183 0.014706 0.011364
1 0.584743 0.216280 0.014706 0.011364
0 0.586214 0.329592 0.769935 0.022232
0 0.586214 0.382624 0.769935 0.022232
2 0.071402 0.384023 0.014706 0.011364
2 0.071402 0.366979 0.014706 0.011364
0 0.586214 0.448912 0.769935 0.022232
2 0.071402 0.449362 0.014706 0.011364
2 0.071402 0.432318 0.014706 0.011364
3 0.169711 0.204078 0.220588 0.032335
2 0.665627 0.199183 0.014706 0.011364
2 0.665627 0.216280 0.014706 0.011364
2 0.758763 0.199183 0.014706 0.011364
2 0.758763 0.216280 0.014706 0.011364
2 0.851905 0.199183 0.014706 0.011364
2 0.851904 0.216280 0.014706 0.011364
1 0.491609 0.266910 0.014706 0.011364
1 0.491609 0.249813 0.014706 0.011364
1 0.344551 0.249813 0.014706 0.011364
1 0.344549 0.266910 0.014706 0.011364
1 0.070038 0.266910 0.014706 0.011364
1 0.070038 0.249813 0.014706 0.011364
1 0.810541 0.249813 0.014706 0.011364
2 0.071402 0.330043 0.014706 0.011364
2 0.071402 0.312999 0.014706 0.011364
0 0.511691 0.211802 0.095582 0.022327
0 0.343504 0.211802 0.110296 0.022327
1 0.411621 0.572279 0.014706 0.011364
1 0.584742 0.558188 0.014706 0.011364
1 0.584743 0.575285 0.014706 0.011364
0 0.586214 0.688596 0.769935 0.022232
2 0.071402 0.689048 0.014706 0.011364
2 0.071402 0.672004 0.014706 0.011364
0 0.586214 0.741628 0.769935 0.022232
2 0.071402 0.743028 0.014706 0.011364
2 0.071402 0.725984 0.014706 0.011364
0 0.586214 0.807917 0.769935 0.022232
2 0.071402 0.808367 0.014706 0.011364
2 0.071402 0.791323 0.014706 0.011364
3 0.169711 0.563083 0.220588 0.032335
2 0.665627 0.558188 0.014706 0.011364
2 0.665627 0.575285 0.014706 0.011364
2 0.758763 0.558188 0.014706 0.011364
2 0.758763 0.575285 0.014706 0.011364
2 0.851905 0.558188 0.014706 0.011364
2 0.851904 0.575285 0.014706 0.011364
1 0.491609 0.625915 0.014706 0.011364
1 0.491609 0.608818 0.014706 0.011364
1 0.344551 0.608818 0.014706 0.011364
1 0.344549 0.625915 0.014706 0.011364
1 0.070038 0.625915 0.014706 0.011364
1 0.070038 0.608818 0.014706 0.011364
1 0.810541 0.608818 0.014706 0.011364
0 0.511691 0.570807 0.095582 0.022327
0 0.343504 0.570807 0.110296 0.022327
0 0.876805 0.949969 0.188747 0.017261