0 0.563946 0.111605 0.054675 0.020911
0 0.386935 0.140558 0.488760 0.031626
0 0.834694 0.139293 0.205957 0.034823
0 0.414405 0.178333 0.445314 0.029869
0 0.840904 0.178135 0.193537 0.032145
0 0.687658 0.280764 0.085533 0.026355
0 0.831060 0.275908 0.194572 0.032145
0 0.688765 0.304704 0.083832 0.022769
0 0.834286 0.304368 0.196862 0.024598
0 0.688253 0.335516 0.086937 0.025448
0 0.830554 0.334839 0.197677 0.026787
0 0.686689 0.367639 0.085901 0.033484
0 0.833607 0.371543 0.198219 0.038654
0 0.687212 0.407834 0.084867 0.025448
0 0.836258 0.411875 0.196642 0.025448
0 0.690323 0.465419 0.086936 0.028127
0 0.836252 0.468098 0.196642 0.028127
0 0.688765 0.494885 0.087971 0.025448
0 0.829496 0.497564 0.197677 0.025448
0 0.686459 0.529319 0.085850 0.029869
0 0.833653 0.530393 0.195607 0.024108
0 0.686689 0.560529 0.085901 0.028126
0 0.836764 0.557173 0.195607 0.026787
0 0.687206 0.585954 0.084866 0.028126
0 0.832613 0.585969 0.197677 0.025448
0 0.688247 0.614085 0.084867 0.025441
0 0.835220 0.619468 0.196636 0.025448
0 0.829806 0.647447 0.196862 0.026355
0 0.832928 0.676905 0.199577 0.029869
0 0.833136 0.704509 0.196642 0.024108
0 0.836252 0.733298 0.196642 0.025448
0 0.833136 0.790206 0.194572 0.024108
0 0.832618 0.823035 0.197677 0.025448
0 0.832566 0.850788 0.198219 0.028112
0 0.834694 0.878619 0.197677 0.024109
0 0.836252 0.911440 0.198712 0.028127
5 0.404151 0.971704 0.104531 0.044199
5 0.523171 0.971704 0.104531 0.044199
5 0.641157 0.970357 0.098321 0.044199