0 0.279806 0.648950 0.441176 0.017566
0 0.738956 0.648316 0.464052 0.018832
0 0.544708 0.685205 0.235289 0.022323
0 0.700347 0.685250 0.062093 0.022232
0 0.202600 0.733653 0.286765 0.018653
0 0.443923 0.733564 0.181176 0.018832
3 0.578482 0.735443 0.080882 0.022232
3 0.854969 0.733564 0.232029 0.018832
0 0.679540 0.734047 0.107841 0.017866
1 0.806696 0.687203 0.014706 0.011364
1 0.747873 0.687203 0.014706 0.011364
1 0.747873 0.670626 0.014706 0.011364
0 0.202975 0.451728 0.286765 0.018653
0 0.444299 0.451638 0.181176 0.018832
3 0.578858 0.453518 0.080882 0.022232
3 0.855167 0.451638 0.232029 0.018832
0 0.677043 0.452121 0.107841 0.017866
0 0.181092 0.490148 0.242649 0.022323
0 0.344081 0.490193 0.062093 0.022232
1 0.395283 0.476378 0.014706 0.011364
1 0.395283 0.493109 0.014706 0.011364
1 0.450430 0.493109 0.014706 0.011364
1 0.512124 0.493323 0.014706 0.011364
0 0.239565 0.685643 0.360296 0.021446
1 0.336108 0.670626 0.014706 0.011364
1 0.356804 0.404330 0.014706 0.011364
1 0.439049 0.404330 0.014706 0.011364
1 0.439049 0.384441 0.014706 0.011364
1 0.176657 0.404330 0.014706 0.011364
1 0.356807 0.384441 0.014706 0.011364
0 0.805739 0.404479 0.330884 0.022323
0 0.805739 0.367599 0.330884 0.022323
0 0.218426 0.564799 0.270217 0.018653
0 0.453217 0.564709 0.181386 0.018832
3 0.592673 0.566588 0.069118 0.022232
3 0.864563 0.563918 0.213237 0.017250
0 0.345261 0.611671 0.314340 0.018653
0 0.602423 0.611581 0.185670 0.018832
3 0.789806 0.613461 0.166670 0.022232
0 0.926242 0.611671 0.089879 0.018653
0 0.691767 0.565192 0.107841 0.017866
2 0.093023 0.601438 0.014706 0.011364
2 0.093023 0.615532 0.014706 0.011364
1 0.877377 0.687203 0.014706 0.011364
0 0.295436 0.400866 0.099088 0.028968
0 0.113440 0.400866 0.099088 0.028968
0 0.218426 0.808628 0.270217 0.018653
0 0.453217 0.808539 0.181386 0.018832
3 0.592673 0.810418 0.069118 0.022232
3 0.864563 0.807748 0.213237 0.017250
0 0.345261 0.855501 0.314340 0.018653
0 0.602423 0.855411 0.185670 0.018832
3 0.789806 0.857290 0.166670 0.022232
0 0.926242 0.855501 0.089879 0.018653
0 0.691767 0.809022 0.107841 0.017866
2 0.093023 0.845268 0.014706 0.011364
2 0.093023 0.859361 0.014706 0.011364
2 0.071402 0.198702 0.014706 0.011364
2 0.071402 0.224282 0.014706 0.011364
2 0.071402 0.252910 0.014706 0.011364
2 0.071402 0.281540 0.014706 0.011364
2 0.380225 0.198702 0.014706 0.011364
2 0.380225 0.224282 0.014706 0.011364
2 0.380225 0.252910 0.014706 0.011364
2 0.380225 0.281540 0.014706 0.011364
2 0.689049 0.198702 0.014706 0.011364
2 0.689049 0.281544 0.014706 0.011364
0 0.513780 0.305857 0.908364 0.021972
0 0.876805 0.949969 0.188747 0.017261