1 0.765931 0.092803 0.020199 0.015609
1 0.664786 0.210480 0.020199 0.015609
1 0.766258 0.128788 0.020199 0.015609
1 0.870507 0.092172 0.020199 0.015609
1 0.870180 0.128788 0.020199 0.015609
1 0.481943 0.210480 0.020199 0.015609
0 0.156497 0.172349 0.176470 0.015152
0 0.209436 0.303409 0.282680 0.015151
0 0.182314 0.209343 0.228758 0.015152
0 0.514256 0.242361 0.896242 0.017045
0 0.514175 0.264583 0.896242 0.036616
0 0.238495 0.555524 0.397326 0.056566
0 0.825937 0.471938 0.285132 0.018308
0 0.557757 0.505272 0.182680 0.015152
0 0.559556 0.471834 0.189101 0.018499
0 0.748771 0.504514 0.130719 0.015152
1 0.742810 0.670454 0.020201 0.015610
1 0.742810 0.694192 0.020201 0.015609
1 0.812744 0.695076 0.020201 0.016366
1 0.743136 0.722474 0.020201 0.015610
1 0.775571 0.723295 0.020364 0.015736
1 0.812499 0.722348 0.021018 0.015610
1 0.742156 0.848484 0.020201 0.015610
1 0.812254 0.848547 0.020201 0.014979
1 0.742156 0.879924 0.020201 0.015609
1 0.810743 0.879893 0.020199 0.015609
1 0.740441 0.920329 0.021016 0.015609
1 0.776859 0.920234 0.021629 0.015609
1 0.810927 0.920424 0.021427 0.015609
1 0.744771 0.782576 0.021016 0.015610
1 0.812580 0.782701 0.021016 0.015610
0 0.897058 0.667377 0.134642 0.029514
0 0.897059 0.693561 0.134640 0.032543
0 0.897384 0.721085 0.134640 0.031787
0 0.898038 0.785479 0.134640 0.097696
0 0.898038 0.845201 0.134640 0.031787
0 0.897711 0.878408 0.134640 0.041635
0 0.897384 0.918560 0.134640 0.043150