1 0.742366 0.057098 0.026601 0.019794
1 0.890031 0.057027 0.026601 0.019794
1 0.742670 0.096222 0.026601 0.019794
1 0.890335 0.096151 0.026601 0.019794
0 0.092754 0.161265 0.125604 0.028370
0 0.227124 0.161166 0.125605 0.028370
0 0.343478 0.162385 0.084057 0.027624
0 0.462319 0.162758 0.138163 0.028370
0 0.754589 0.161638 0.430917 0.044049
0 0.092945 0.200357 0.125604 0.028370
0 0.227315 0.200258 0.125605 0.028370
0 0.341503 0.202766 0.084059 0.027624
0 0.464052 0.201504 0.138163 0.028370
0 0.753935 0.200242 0.430917 0.044049
0 0.092945 0.240761 0.125604 0.028370
0 0.227315 0.240662 0.125605 0.028370
0 0.341503 0.240645 0.084059 0.027624
0 0.464052 0.241909 0.138163 0.028370
0 0.753268 0.240646 0.430918 0.044049
0 0.499517 0.311880 0.939130 0.078393
0 0.281384 0.405035 0.500415 0.027404
0 0.755002 0.404432 0.429605 0.023672
1 0.741526 0.432260 0.026601 0.019794
1 0.889191 0.432189 0.026601 0.019794
0 0.281431 0.564734 0.501145 0.026658
0 0.643922 0.565633 0.195556 0.023672
0 0.859477 0.565898 0.195556 0.023672
0 0.095000 0.712494 0.130000 0.024168
0 0.333510 0.714236 0.329059 0.025164
0 0.738368 0.692662 0.462088 0.062341
0 0.266401 0.753349 0.463276 0.022178
0 0.738645 0.751856 0.462319 0.025165
5 0.373586 0.960869 0.148792 0.026877
5 0.529411 0.960496 0.148792 0.026877
5 0.686274 0.960496 0.148792 0.026877