2 0.071402 0.205312 0.014706 0.011364
2 0.071402 0.226621 0.014706 0.011364
2 0.071402 0.247928 0.014706 0.011364
2 0.071402 0.269231 0.014706 0.011364
2 0.071402 0.290540 0.014706 0.011364
2 0.520132 0.205312 0.014706 0.011364
2 0.520132 0.226621 0.014706 0.011364
2 0.520132 0.247928 0.014706 0.011364
2 0.520132 0.269231 0.014706 0.011364
2 0.520132 0.290540 0.014706 0.011364
0 0.838211 0.290541 0.251637 0.017047
2 0.071203 0.518422 0.014706 0.011364
2 0.071203 0.539731 0.014706 0.011364
2 0.071203 0.561038 0.014706 0.011364
2 0.071203 0.582341 0.014706 0.011364
2 0.071203 0.603650 0.014706 0.011364
2 0.520332 0.518422 0.014706 0.011364
2 0.520332 0.539731 0.014706 0.011364
2 0.520332 0.561038 0.014706 0.011364
2 0.520332 0.582341 0.014706 0.011364
2 0.520332 0.603650 0.014706 0.011364
0 0.838410 0.603652 0.251637 0.017047
0 0.191670 0.699397 0.264905 0.018653
0 0.430940 0.699308 0.198528 0.018832
3 0.579028 0.701187 0.078824 0.022232
3 0.853533 0.699308 0.232029 0.018832
0 0.676816 0.699790 0.107842 0.017866
1 0.901124 0.733510 0.014706 0.011364
1 0.709949 0.749284 0.014706 0.011364
1 0.901126 0.750554 0.014706 0.011364
0 0.187895 0.750397 0.257355 0.021896
0 0.361872 0.744426 0.062093 0.033837
1 0.413518 0.724068 0.014706 0.011364
1 0.413518 0.749037 0.014706 0.011364
1 0.468665 0.749037 0.014706 0.011364
0 0.191670 0.649749 0.264905 0.017566
0 0.453001 0.649116 0.242649 0.018832
2 0.347763 0.776700 0.014706 0.011364
2 0.412253 0.776700 0.014706 0.011364
0 0.788930 0.777071 0.364503 0.022975
2 0.703755 0.114158 0.014706 0.011364
2 0.768574 0.114158 0.014706 0.011364
0 0.191670 0.386287 0.264905 0.018653
0 0.430741 0.386198 0.198528 0.018832
3 0.578828 0.388077 0.078824 0.022232
3 0.853333 0.386198 0.232029 0.018832
0 0.676617 0.386681 0.107842 0.017866
1 0.900928 0.420400 0.014706 0.011364
1 0.709750 0.436173 0.014706 0.011364
1 0.900926 0.437444 0.014706 0.011364
0 0.187895 0.437287 0.257355 0.021896
0 0.361672 0.431316 0.062093 0.033837
1 0.413320 0.414054 0.014706 0.011364
1 0.413320 0.435926 0.014706 0.011364
1 0.468466 0.435926 0.014706 0.011364
0 0.191670 0.336638 0.264905 0.017566
0 0.452801 0.336004 0.242649 0.018832
2 0.347564 0.463588 0.014706 0.011364
2 0.412054 0.463588 0.014706 0.011364
0 0.788930 0.463960 0.364503 0.022975
0 0.818129 0.436398 0.108180 0.022327
0 0.649663 0.747604 0.099583 0.022327
0 0.818000 0.747604 0.108180 0.022327
0 0.649782 0.436398 0.099583 0.022327
0 0.876805 0.949979 0.188747 0.017261