0 0.195120 0.100568 0.333132 0.021854
0 0.474328 0.100568 0.227739 0.021852
0 0.679598 0.100252 0.183124 0.021852
0 0.873635 0.100410 0.199054 0.021852
0 0.265055 0.206912 0.472837 0.021854
0 0.263870 0.236741 0.474063 0.045528
0 0.566731 0.210890 0.133368 0.016170
0 0.699432 0.210668 0.132266 0.016172
0 0.566813 0.250551 0.132142 0.016645
0 0.699166 0.250551 0.133368 0.016645
0 0.869754 0.221149 0.124544 0.014278
0 0.264814 0.285494 0.471000 0.021852
0 0.264814 0.316272 0.471000 0.045528
0 0.566755 0.290656 0.133369 0.015698
0 0.699149 0.290435 0.132878 0.015698
0 0.566530 0.330081 0.132757 0.016645
0 0.698883 0.330081 0.132757 0.016645
0 0.869164 0.300915 0.124544 0.013803
0 0.862727 0.358238 0.124546 0.014087
0 0.853062 0.777539 0.236719 0.015856
0 0.853062 0.789850 0.236719 0.015856
0 0.168101 0.855604 0.279209 0.021852
0 0.368471 0.855761 0.117444 0.021854
0 0.167001 0.883632 0.279211 0.021853
0 0.367369 0.883601 0.117444 0.021853
0 0.168857 0.912627 0.279210 0.021853
0 0.368000 0.912312 0.117444 0.021854
0 0.168369 0.940656 0.279210 0.021854
0 0.367512 0.940624 0.117443 0.021852
0 0.639217 0.855443 0.279209 0.021852
0 0.838973 0.855411 0.117443 0.021852
0 0.640588 0.884800 0.279209 0.021854
0 0.838506 0.884485 0.117443 0.021853
0 0.639487 0.912356 0.279209 0.021854
0 0.839243 0.912798 0.117445 0.021853
0 0.640732 0.941684 0.279209 0.021854
0 0.839261 0.941368 0.117444 0.021852
1 0.069969 0.439958 0.019608 0.015152
1 0.283817 0.439958 0.019608 0.015152
1 0.511145 0.440274 0.019608 0.015152
1 0.908064 0.440065 0.019332 0.014938
1 0.069765 0.474207 0.019608 0.015152
1 0.510737 0.474365 0.019608 0.015152
1 0.069968 0.604759 0.019608 0.015152
1 0.069765 0.667272 0.019608 0.015152
1 0.070039 0.717721 0.019608 0.015152
1 0.511214 0.717721 0.019608 0.015152
1 0.319833 0.752128 0.019608 0.015152
1 0.746508 0.752096 0.019608 0.015152
1 0.202391 0.768857 0.019608 0.015152
1 0.511214 0.768857 0.019608 0.015152
1 0.069834 0.786218 0.019608 0.015152
1 0.202186 0.786218 0.019608 0.015152
1 0.511214 0.786218 0.019608 0.015152
1 0.462881 0.855498 0.019608 0.015152
1 0.462881 0.883275 0.019608 0.015152
1 0.462881 0.912315 0.019608 0.015152
1 0.462881 0.940093 0.019608 0.015152
1 0.936464 0.854716 0.019608 0.015152
1 0.936771 0.883680 0.019608 0.015152
1 0.936771 0.911458 0.019608 0.015152
1 0.936158 0.940498 0.019608 0.015152
1 0.070036 0.508025 0.019608 0.015152
1 0.070036 0.570623 0.019608 0.015152