0 0.873341 0.941713 0.188747 0.017261
0 0.182186 0.297087 0.246317 0.025148
1 0.315966 0.297362 0.014706 0.011364
0 0.483471 0.291201 0.238606 0.036919
0 0.790641 0.291201 0.345590 0.036919
0 0.180146 0.419043 0.242645 0.036919
1 0.569023 0.425205 0.014706 0.011364
0 0.437645 0.418764 0.242941 0.037477
0 0.180146 0.495914 0.242645 0.036919
1 0.569023 0.502076 0.014706 0.011364
0 0.437645 0.495635 0.242941 0.037477
0 0.790859 0.495910 0.345590 0.036919
2 0.747279 0.104867 0.014706 0.011364
2 0.808417 0.104867 0.014706 0.011364
0 0.181987 0.220379 0.246317 0.025148
1 0.315766 0.220655 0.014706 0.011364
0 0.483277 0.214494 0.238606 0.036919
0 0.790442 0.214494 0.345590 0.036919
2 0.717868 0.329298 0.014706 0.011364
2 0.775327 0.329298 0.014706 0.011364
0 0.790859 0.419039 0.345590 0.036919