0 0.873341 0.941713 0.188747 0.017261
1 0.392974 0.230451 0.014706 0.011364
1 0.392974 0.335566 0.014706 0.011364
0 0.096966 0.349347 0.083242 0.022388
1 0.163632 0.350408 0.014706 0.011364
0 0.284161 0.349347 0.084877 0.022388
1 0.392974 0.351678 0.014706 0.011364
0 0.717109 0.347037 0.500000 0.019849
0 0.511127 0.295550 0.911565 0.018771
1 0.392974 0.534427 0.014706 0.011364
0 0.110294 0.548208 0.102941 0.022388
1 0.183413 0.549270 0.014706 0.011364
0 0.300909 0.548208 0.111417 0.022388
1 0.392974 0.550540 0.014706 0.011364
1 0.392974 0.642384 0.014706 0.011364
0 0.110394 0.656165 0.102742 0.022388
1 0.183413 0.657226 0.014706 0.011364
0 0.301010 0.656165 0.111219 0.022388
1 0.392974 0.658496 0.014706 0.011364
0 0.720588 0.653855 0.500000 0.019848
0 0.514806 0.602368 0.911565 0.018771
2 0.739928 0.377595 0.014706 0.011364
2 0.801690 0.377595 0.014706 0.011364
0 0.720588 0.545899 0.500000 0.019848
0 0.514606 0.494411 0.911565 0.018771
2 0.739928 0.104867 0.014706 0.011364
2 0.804739 0.104867 0.014706 0.011364
0 0.096966 0.244232 0.083242 0.022388
1 0.167109 0.245293 0.014706 0.011364
0 0.287640 0.244232 0.084877 0.022388
1 0.392974 0.246564 0.014706 0.011364
0 0.720588 0.241923 0.500000 0.019849
0 0.511127 0.190435 0.911565 0.018771