0 0.107638 0.650327 0.013258 0.598039
0 0.107638 0.245507 0.013258 0.157680
0 0.107638 0.058416 0.013258 0.157680
1 0.095328 0.000000 0.011995 0.014052
1 0.108838 0.000000 0.011237 0.014869
0 0.135101 0.650327 0.013258 0.598039
1 0.122948 0.149918 0.012942 0.015523
1 0.122948 0.000000 0.012942 0.015523
1 0.136269 0.149572 0.012184 0.016381
0 0.253405 0.819853 0.032062 0.300654
0 0.260101 0.515114 0.017677 0.302288
0 0.260101 0.272059 0.017677 0.177288
0 0.259154 0.129901 0.016414 0.102941
0 0.259154 0.023692 0.016414 0.102941
1 0.255050 0.000000 0.026515 0.045752
1 0.255050 0.000000 0.026515 0.045752
1 0.255050 0.000000 0.026515 0.045752
1 0.255050 0.000000 0.026515 0.045752
0 0.286300 0.819445 0.032197 0.300654
0 0.294192 0.514706 0.017677 0.302288
0 0.294192 0.271650 0.017677 0.177288
0 0.293561 0.129085 0.016414 0.102941
0 0.293561 0.022876 0.016414 0.102941
1 0.288825 0.000000 0.026515 0.045752
1 0.288825 0.000000 0.026515 0.045752
1 0.288825 0.000000 0.026515 0.045752
1 0.288825 0.000000 0.026515 0.045752
0 0.325442 0.819445 0.032197 0.300654
0 0.333333 0.514706 0.017677 0.302288
0 0.333333 0.271650 0.017677 0.177288
0 0.332702 0.129085 0.016414 0.102941
0 0.332702 0.022876 0.016414 0.102941
1 0.323864 0.000000 0.026515 0.045752
1 0.323864 0.000000 0.026515 0.045752
1 0.323864 0.000000 0.026515 0.045752
1 0.323864 0.000000 0.026515 0.045752
0 0.362058 0.819445 0.032197 0.300654
0 0.369949 0.514706 0.017677 0.302288
0 0.369949 0.271650 0.017677 0.177288
0 0.369318 0.129085 0.016414 0.102941
0 0.369318 0.022876 0.016414 0.102941
1 0.363005 0.000000 0.026515 0.045752
1 0.363005 0.000000 0.026515 0.045752
1 0.363005 0.000000 0.026515 0.045752
1 0.363005 0.000000 0.026515 0.045752
0 0.398674 0.818832 0.032197 0.300654
0 0.406566 0.514093 0.017677 0.302288
0 0.406566 0.272263 0.017677 0.177288
0 0.405934 0.129698 0.016414 0.102941
0 0.405934 0.023489 0.016414 0.102941
1 0.399937 0.000000 0.026515 0.045752
1 0.399937 0.000000 0.026515 0.045752
1 0.399937 0.000000 0.026515 0.045752
1 0.399937 0.000000 0.026515 0.045752
1 0.493056 0.908192 0.012311 0.016545
1 0.507182 0.908192 0.012469 0.016544
0 0.528882 0.224267 0.015783 0.827614
1 0.547664 0.908497 0.012626 0.016340
1 0.563447 0.794118 0.012626 0.016340
1 0.577336 0.794118 0.012626 0.016340
1 0.620739 0.908700 0.012626 0.016340
1 0.634627 0.908700 0.012626 0.016340
0 0.648990 0.222222 0.015783 0.827614
1 0.665720 0.794526 0.013258 0.016340
1 0.679293 0.794526 0.012626 0.016340
1 0.708807 0.908292 0.012626 0.016340