1 0.073098 0.140594 0.026560 0.023274
1 0.073205 0.168446 0.026559 0.023273
0 0.279494 0.234186 0.434312 0.020455
0 0.164381 0.270614 0.203922 0.020455
0 0.383334 0.271119 0.231371 0.020455
0 0.278922 0.308491 0.440194 0.020455
0 0.720097 0.234754 0.434312 0.020455
0 0.720751 0.270612 0.434312 0.020455
0 0.719117 0.308744 0.434312 0.020455
0 0.847917 0.406907 0.190194 0.018182
0 0.374944 0.905555 0.245096 0.018182
0 0.152452 0.905555 0.188234 0.018182
0 0.604470 0.794742 0.673528 0.018182
0 0.721568 0.881203 0.440194 0.071970
0 0.158824 0.794697 0.190195 0.018182
0 0.845529 0.693355 0.190196 0.018182
0 0.716118 0.621133 0.434312 0.020455
0 0.275923 0.620628 0.434312 0.020455
0 0.276577 0.583759 0.434313 0.020455
0 0.714810 0.545880 0.434310 0.020455
0 0.276577 0.546133 0.434313 0.020455
0 0.500105 0.510274 0.883329 0.020455
5 0.376143 0.947979 0.111763 0.045454
5 0.623856 0.961112 0.111765 0.045454
5 0.500654 0.955304 0.111765 0.045454