0 0.279322 0.237741 0.437928 0.019567
0 0.630955 0.237189 0.206302 0.019091
0 0.866725 0.238292 0.205685 0.019568
0 0.279287 0.271900 0.436694 0.021000
0 0.631341 0.271350 0.204449 0.020045
0 0.870225 0.271900 0.204449 0.020523
0 0.278929 0.306446 0.437312 0.021000
0 0.751620 0.305844 0.440400 0.020523
0 0.386096 0.399999 0.127629 0.016529
0 0.355435 0.431955 0.245989 0.019835
0 0.855827 0.533246 0.230438 0.020950
5 0.224812 0.695599 0.117647 0.025253
5 0.342887 0.765020 0.117647 0.025253
5 0.461817 0.840391 0.117647 0.025253