0 0.873341 0.941713 0.188747 0.017261
3 0.191176 0.886514 0.264706 0.022232
0 0.754908 0.887256 0.294123 0.023355
0 0.762730 0.587842 0.202618 0.018653
0 0.523414 0.587842 0.261436 0.018653
0 0.230597 0.588046 0.299426 0.018244
0 0.253679 0.623677 0.110296 0.022323
0 0.440485 0.623677 0.095582 0.022323
3 0.921118 0.589542 0.098114 0.022412
1 0.326799 0.626485 0.014706 0.011364
1 0.510621 0.626485 0.014706 0.011364
1 0.510623 0.611009 0.014706 0.011364
2 0.149211 0.623962 0.014706 0.011364
2 0.092869 0.623962 0.014706 0.011364
0 0.762730 0.658862 0.202618 0.018653
0 0.523414 0.658862 0.261436 0.018653
0 0.230597 0.659066 0.299426 0.018244
0 0.253679 0.694697 0.110296 0.022323
0 0.440485 0.694697 0.095582 0.022323
3 0.921118 0.660562 0.098114 0.022412
1 0.326799 0.697505 0.014706 0.011364
1 0.510621 0.697505 0.014706 0.011364
1 0.510623 0.682029 0.014706 0.011364
2 0.149211 0.694982 0.014706 0.011364
2 0.092869 0.694982 0.014706 0.011364
3 0.465688 0.886514 0.264706 0.022232
1 0.660441 0.151366 0.014706 0.011364
1 0.660441 0.113950 0.014706 0.011364
1 0.660441 0.132658 0.014706 0.011364
1 0.053920 0.150939 0.014706 0.011364
1 0.053920 0.113523 0.014706 0.011364
1 0.660441 0.170075 0.014706 0.011364
0 0.609315 0.266117 0.180204 0.022323
3 0.738136 0.266117 0.071038 0.022323
0 0.171966 0.266117 0.226925 0.022323
0 0.405216 0.266117 0.222252 0.022323
1 0.928268 0.266489 0.014706 0.011364
0 0.848038 0.266117 0.127453 0.022323
1 0.069941 0.380686 0.014706 0.011364
1 0.070261 0.414777 0.014706 0.011364
1 0.545755 0.380686 0.014706 0.011364
1 0.545755 0.362496 0.014706 0.011364
1 0.069941 0.362496 0.014706 0.011364
1 0.545760 0.448235 0.014706 0.011364
0 0.732849 0.525456 0.220593 0.022323
0 0.140864 0.524150 0.159448 0.019889
1 0.851304 0.527780 0.014706 0.011364
0 0.749015 0.476164 0.419616 0.037013
0 0.194335 0.316296 0.272059 0.022232
0 0.477725 0.316206 0.264706 0.022412
3 0.655398 0.316296 0.061227 0.022232
3 0.836946 0.316206 0.262552 0.022412
1 0.850554 0.555941 0.014706 0.011364
0 0.762730 0.728475 0.202618 0.018653
0 0.523414 0.728475 0.261436 0.018653
0 0.230597 0.728680 0.299426 0.018244
0 0.253679 0.764311 0.110296 0.022323
0 0.440485 0.764311 0.095582 0.022323
3 0.921118 0.730176 0.098114 0.022412
1 0.326799 0.767119 0.014706 0.011364
1 0.510621 0.767119 0.014706 0.011364
1 0.510623 0.751643 0.014706 0.011364
2 0.149211 0.764588 0.014706 0.011364
2 0.092869 0.764588 0.014706 0.011364
0 0.762730 0.799496 0.202618 0.018653
0 0.523414 0.799496 0.261436 0.018653
0 0.230597 0.799700 0.299426 0.018244
0 0.253679 0.835331 0.110296 0.022323
0 0.440485 0.835331 0.095582 0.022323
3 0.921118 0.801196 0.098114 0.022412
1 0.326799 0.838139 0.014706 0.011364
1 0.510621 0.838139 0.014706 0.011364
1 0.510623 0.822663 0.014706 0.011364
2 0.149211 0.835609 0.014706 0.011364
2 0.092869 0.835609 0.014706 0.011364
1 0.070261 0.455808 0.014706 0.011364
1 0.310461 0.362496 0.014706 0.011364
1 0.310461 0.407203 0.014706 0.011364
1 0.069941 0.475381 0.014706 0.011364
1 0.310461 0.426144 0.014706 0.011364
1 0.756547 0.362496 0.014706 0.011364
1 0.756547 0.380686 0.014706 0.011364
1 0.756547 0.411796 0.014706 0.011364
1 0.545755 0.411796 0.014706 0.011364
0 0.370102 0.524195 0.279417 0.019801
1 0.525332 0.527788 0.014706 0.011364
1 0.927296 0.887638 0.014706 0.011364