0 0.873341 0.941713 0.188747 0.017261
2 0.070261 0.170879 0.014706 0.011364
2 0.070261 0.190523 0.014706 0.011364
2 0.070261 0.210408 0.014706 0.011364
2 0.418070 0.170880 0.014706 0.011364
2 0.418070 0.190523 0.014706 0.011364
2 0.418070 0.210408 0.014706 0.011364
2 0.070261 0.230293 0.014706 0.011364
0 0.636915 0.229909 0.097359 0.021456
1 0.712825 0.229598 0.014706 0.011364
0 0.810464 0.229909 0.100510 0.021456
1 0.900325 0.230541 0.014706 0.011364
1 0.900328 0.214756 0.014706 0.011364
0 0.777777 0.169023 0.379083 0.018653
3 0.184641 0.266246 0.251636 0.018653
0 0.478758 0.266246 0.323529 0.018653
0 0.808824 0.266246 0.323529 0.018653
0 0.763071 0.310754 0.415034 0.036963
0 0.303921 0.310709 0.490194 0.037054
0 0.194853 0.471596 0.272059 0.017207
0 0.437550 0.470784 0.186864 0.018832
3 0.574172 0.472663 0.073047 0.022232
3 0.852740 0.470784 0.232029 0.018832
0 0.676024 0.471266 0.107842 0.017866
0 0.737979 0.423847 0.225500 0.017866
0 0.194853 0.423454 0.272059 0.018653
0 0.480147 0.423364 0.272059 0.018832
3 0.912382 0.425154 0.112747 0.022412
0 0.640593 0.521906 0.097359 0.021456
1 0.716503 0.521597 0.014706 0.011364
0 0.814140 0.521906 0.100510 0.021456
1 0.904002 0.522538 0.014706 0.011364
1 0.904006 0.506754 0.014706 0.011364
2 0.070809 0.362398 0.014706 0.011364
2 0.133935 0.362398 0.014706 0.011364
0 0.458824 0.513576 0.229412 0.033485
0 0.194854 0.513486 0.272060 0.033664
0 0.194853 0.635637 0.272059 0.018653
0 0.437550 0.635547 0.186864 0.018832
3 0.574172 0.637427 0.073047 0.022232
3 0.852740 0.635547 0.232029 0.018832
0 0.676024 0.636030 0.107842 0.017866
0 0.737979 0.588611 0.225500 0.017866
0 0.194853 0.588218 0.272059 0.018653
0 0.480147 0.588128 0.272059 0.018832
3 0.912382 0.589918 0.112747 0.022412
0 0.640180 0.687178 0.097359 0.022323
1 0.716503 0.686998 0.014706 0.011364
0 0.814140 0.687178 0.100510 0.022323
1 0.904002 0.688261 0.014706 0.011364
1 0.904003 0.671196 0.014706 0.011364
0 0.194854 0.678966 0.272060 0.033485
0 0.458824 0.678966 0.229412 0.033485
0 0.440133 0.230293 0.276345 0.021467