1 0.397059 0.047349 0.020199 0.015609
1 0.883333 0.047475 0.020201 0.015610
1 0.396733 0.079040 0.020201 0.015609
1 0.883333 0.079042 0.020201 0.014093
0 0.735294 0.359470 0.460948 0.022853
0 0.734314 0.397727 0.460948 0.047854
1 0.053024 0.414331 0.020200 0.015609
1 0.396324 0.414962 0.020199 0.015609
1 0.884395 0.437816 0.020200 0.015609
1 0.806781 0.437816 0.020199 0.015609
0 0.269690 0.590025 0.456699 0.018308
0 0.620016 0.590215 0.229575 0.017929
0 0.851307 0.590215 0.227778 0.017929
0 0.269771 0.618498 0.455882 0.016414
0 0.620016 0.618498 0.231209 0.016414
0 0.851879 0.618498 0.229902 0.016414
1 0.053514 0.681061 0.020199 0.015609
1 0.120671 0.681061 0.020199 0.015609
1 0.241258 0.681061 0.020199 0.015609
1 0.634722 0.708333 0.020199 0.015609
1 0.745180 0.708333 0.020526 0.015609
1 0.635212 0.724116 0.020199 0.015609
1 0.745507 0.724116 0.020199 0.015609
1 0.745507 0.753788 0.020199 0.015609
1 0.635212 0.752841 0.020199 0.014977
1 0.084967 0.867109 0.020200 0.015609
1 0.084967 0.895202 0.020200 0.014977
1 0.085784 0.922980 0.020200 0.014977
0 0.557516 0.168119 0.342810 0.051957
0 0.222141 0.235890 0.321569 0.018182
0 0.222536 0.181724 0.318955 0.016667
0 0.851961 0.181534 0.236765 0.016414
0 0.557761 0.222285 0.342810 0.051957
0 0.223938 0.291825 0.319935 0.016414
0 0.849920 0.235701 0.233987 0.016414
0 0.557761 0.277967 0.342810 0.052715
0 0.850655 0.291256 0.234804 0.016414