0 0.873341 0.941713 0.188747 0.017261
2 0.747279 0.161686 0.014706 0.011364
2 0.810405 0.161686 0.014706 0.011364
0 0.716913 0.344640 0.507351 0.029788
0 0.514351 0.251629 0.911676 0.022232
0 0.253677 0.400963 0.389708 0.020465
0 0.716908 0.401722 0.507359 0.018948
1 0.804740 0.321024 0.014706 0.011364
1 0.304742 0.373582 0.014706 0.011364
0 0.198529 0.299642 0.279412 0.018653
0 0.436176 0.299552 0.181176 0.018832
3 0.574819 0.301432 0.074343 0.022232
3 0.852740 0.299552 0.232029 0.018832
0 0.676024 0.300035 0.107842 0.017866
1 0.389299 0.335566 0.014706 0.011364
0 0.126839 0.349347 0.136031 0.022388
1 0.205474 0.350408 0.014706 0.011364
0 0.317878 0.349347 0.121028 0.022388
1 0.389299 0.351678 0.014706 0.011364
0 0.716913 0.546343 0.507351 0.029788
0 0.514662 0.453332 0.911676 0.022232
0 0.253988 0.602667 0.389707 0.020465
0 0.716908 0.602864 0.507359 0.020069
1 0.805051 0.522727 0.014706 0.011364
1 0.305052 0.575287 0.014706 0.011364
0 0.198529 0.501345 0.279412 0.018653
0 0.436176 0.501256 0.181176 0.018832
3 0.574819 0.503135 0.074343 0.022232
3 0.852740 0.501256 0.232029 0.018832
0 0.676024 0.501739 0.107842 0.017866
1 0.389693 0.537269 0.014706 0.011364
0 0.127150 0.551050 0.136031 0.022388
1 0.205784 0.552111 0.014706 0.011364
0 0.318171 0.551050 0.121028 0.022388
1 0.389693 0.553383 0.014706 0.011364