0 0.378400 0.243357 0.697268 0.031064
0 0.855381 0.242979 0.232265 0.029761
0 0.143512 0.337855 0.232264 0.046290
0 0.383083 0.337855 0.232263 0.046290
0 0.737734 0.337855 0.467557 0.046290
0 0.143512 0.388764 0.232264 0.046290
0 0.383083 0.388764 0.232263 0.046290
0 0.737734 0.389425 0.467557 0.046289
0 0.143512 0.439672 0.232264 0.046289
0 0.383083 0.440333 0.232263 0.046290
0 0.737734 0.440333 0.467557 0.046290
0 0.143512 0.491904 0.232264 0.046290
0 0.383083 0.491844 0.232263 0.046289
0 0.737734 0.491242 0.467557 0.046290
0 0.143512 0.542813 0.232264 0.046289
0 0.383083 0.542092 0.232263 0.046290
0 0.737734 0.542152 0.467557 0.046290
0 0.143512 0.594383 0.232264 0.046290
0 0.383083 0.593662 0.232263 0.046290
0 0.737734 0.593722 0.467557 0.046289
0 0.143512 0.644630 0.232264 0.046290
0 0.383083 0.644571 0.232263 0.046290
0 0.737734 0.643970 0.467557 0.046290
0 0.737734 0.696861 0.467557 0.046290
0 0.500302 0.834382 0.940710 0.166620