0 0.873341 0.941713 0.188747 0.017261
0 0.463235 0.220763 0.191176 0.019707
0 0.661766 0.220673 0.191176 0.019886
0 0.827206 0.221156 0.125000 0.018920
3 0.933724 0.220673 0.073330 0.019886
0 0.325980 0.269304 0.534312 0.017734
3 0.786665 0.269304 0.367448 0.017734
0 0.209559 0.215142 0.301471 0.030948
0 0.132353 0.319067 0.147059 0.022323
1 0.223858 0.321346 0.014706 0.011364
0 0.346406 0.319067 0.133989 0.022323
1 0.429740 0.305611 0.014706 0.011364
1 0.429740 0.321346 0.014706 0.011364
0 0.738973 0.312867 0.463237 0.034732
2 0.739928 0.104867 0.014706 0.011364
2 0.798752 0.104867 0.014706 0.011364
0 0.463235 0.382818 0.191176 0.019707
0 0.661766 0.382729 0.191176 0.019886
0 0.827206 0.383212 0.125000 0.018920
3 0.933724 0.382729 0.073330 0.019886
0 0.325980 0.431358 0.534312 0.017734
3 0.786665 0.431358 0.367448 0.017734
0 0.209559 0.377196 0.301471 0.030948
0 0.132353 0.481121 0.147059 0.022323
1 0.223858 0.483274 0.014706 0.011364
0 0.346406 0.481121 0.133989 0.022323
1 0.429743 0.467665 0.014706 0.011364
1 0.429740 0.483274 0.014706 0.011364
0 0.738973 0.474922 0.463237 0.034732
2 0.725222 0.550107 0.014706 0.011364
2 0.795407 0.550107 0.014706 0.011364
3 0.914015 0.684785 0.112747 0.019886
0 0.744900 0.685268 0.209152 0.018920
0 0.203333 0.684875 0.289018 0.019707
0 0.499900 0.684785 0.264507 0.019886
0 0.274509 0.720963 0.431371 0.018653
3 0.737744 0.722753 0.465688 0.022232
0 0.517156 0.758107 0.299018 0.022232
0 0.180148 0.758062 0.242649 0.022323
1 0.312093 0.759124 0.014706 0.011364
3 0.914015 0.821146 0.112747 0.019886
0 0.744900 0.821629 0.209152 0.018920
0 0.203333 0.821236 0.289018 0.019707
0 0.499900 0.821146 0.264507 0.019886
0 0.274509 0.857323 0.431371 0.018653
3 0.737744 0.859112 0.465688 0.022232
0 0.517156 0.896242 0.299018 0.022232
0 0.180148 0.896197 0.242649 0.022323
1 0.312093 0.895484 0.014706 0.011364