2 0.733167 0.163832 0.014706 0.011364
2 0.804531 0.163832 0.014706 0.011364
2 0.093459 0.560082 0.014706 0.011364
2 0.158276 0.559037 0.014706 0.011364
0 0.682114 0.689884 0.578136 0.022004
1 0.320038 0.318633 0.014706 0.011364
0 0.669366 0.318354 0.602252 0.022388
0 0.195753 0.507140 0.228559 0.018832
3 0.575412 0.509019 0.074343 0.022232
3 0.853041 0.507140 0.232029 0.018832
0 0.676324 0.507623 0.107842 0.017866
2 0.092098 0.361434 0.014706 0.011364
2 0.158276 0.361434 0.014706 0.011364
0 0.526328 0.595801 0.889707 0.018653
0 0.195753 0.645939 0.228559 0.017999
3 0.575417 0.647655 0.074343 0.021725
3 0.853078 0.645463 0.233863 0.018951
0 0.675462 0.645946 0.107804 0.017985
2 0.093459 0.689277 0.014706 0.011364
2 0.092103 0.712004 0.014706 0.011364
0 0.228841 0.765406 0.228559 0.018951
3 0.592915 0.767285 0.074343 0.022351
3 0.860574 0.765406 0.221214 0.018951
0 0.689313 0.765889 0.100505 0.017985
0 0.653109 0.712004 0.636144 0.021467
3 0.146336 0.854135 0.130580 0.016107
0 0.358309 0.854135 0.284105 0.016107
0 0.653093 0.854135 0.296203 0.016107
0 0.862966 0.854134 0.114278 0.016105
1 0.933042 0.854134 0.014706 0.011364
3 0.146336 0.873984 0.130580 0.016436
0 0.358309 0.873984 0.284105 0.016436
0 0.653093 0.873984 0.296203 0.016436
0 0.862966 0.873984 0.114278 0.016433
1 0.933042 0.873984 0.014706 0.011364
3 0.146336 0.893683 0.130580 0.015806
0 0.358309 0.893683 0.284105 0.015806
0 0.653093 0.893683 0.296203 0.015806
0 0.862966 0.893683 0.114278 0.015803
1 0.933042 0.893683 0.014706 0.011364
3 0.146336 0.913218 0.130580 0.016107
0 0.358309 0.913218 0.284105 0.016107
0 0.653093 0.913218 0.296203 0.016107
0 0.862966 0.913218 0.114278 0.016105
1 0.933042 0.913217 0.014706 0.011364
0 0.452064 0.765406 0.197059 0.018951
0 0.426327 0.645939 0.211765 0.017999
0 0.426327 0.507140 0.211765 0.018832
1 0.090400 0.398534 0.014706 0.011364
1 0.090400 0.441148 0.014706 0.011364
1 0.090400 0.460088 0.014706 0.011364
0 0.182806 0.318352 0.247990 0.022391
0 0.876805 0.949969 0.188747 0.017261