1 0.908278 0.634870 0.014706 0.011364
1 0.724451 0.650644 0.014706 0.011364
1 0.908278 0.651914 0.014706 0.011364
2 0.747873 0.114162 0.014706 0.011364
2 0.805971 0.114162 0.014706 0.011364
2 0.071203 0.219520 0.014706 0.011364
2 0.071203 0.240827 0.014706 0.011364
2 0.071203 0.262134 0.014706 0.011364
2 0.512778 0.219520 0.014706 0.011364
2 0.512778 0.250059 0.014706 0.011364
0 0.581859 0.287826 0.778644 0.022975
2 0.824350 0.310182 0.014706 0.011364
2 0.652283 0.310182 0.014706 0.011364
0 0.530005 0.361659 0.882353 0.018771
0 0.217505 0.599358 0.257353 0.018653
0 0.443180 0.599268 0.173650 0.018832
3 0.576588 0.601148 0.074343 0.022232
3 0.853333 0.599268 0.232029 0.018832
0 0.676617 0.599751 0.107842 0.017866
0 0.217505 0.549708 0.257353 0.017566
0 0.472591 0.549075 0.232474 0.018832
0 0.217506 0.651758 0.257355 0.021897
0 0.387401 0.645787 0.062093 0.033837
1 0.439049 0.622932 0.014706 0.011364
1 0.439049 0.650397 0.014706 0.011364
1 0.494194 0.650397 0.014706 0.011364
2 0.376975 0.673818 0.014706 0.011364
2 0.441466 0.673818 0.014706 0.011364
0 0.806971 0.674189 0.328422 0.022975
0 0.836551 0.503114 0.266279 0.017047
2 0.100828 0.415989 0.014706 0.011364
2 0.100828 0.437772 0.014706 0.011364
2 0.100828 0.459553 0.014706 0.011364
2 0.512778 0.459553 0.014706 0.011364
2 0.512778 0.417018 0.014706 0.011364
2 0.512778 0.437772 0.014706 0.011364
2 0.100828 0.481332 0.014706 0.011364
2 0.512778 0.481332 0.014706 0.011364
2 0.100828 0.503115 0.014706 0.011364
2 0.512778 0.503115 0.014706 0.011364
0 0.826743 0.651090 0.108180 0.022327
0 0.667418 0.649491 0.085582 0.022519
0 0.876805 0.949979 0.188747 0.017261