0 0.336250 0.154437 0.567169 0.018783
0 0.709150 0.154672 0.147059 0.018939
0 0.879787 0.154437 0.147194 0.018783
0 0.335784 0.216540 0.566993 0.071970
0 0.712229 0.184698 0.151245 0.018783
0 0.877781 0.184849 0.147713 0.018182
0 0.711797 0.243353 0.151245 0.018783
0 0.876519 0.243134 0.147194 0.018783
2 0.050640 0.329744 0.036461 0.029218
0 0.611732 0.412399 0.216064 0.018783
2 0.051991 0.470616 0.036461 0.029218
2 0.519230 0.470616 0.036461 0.029218
2 0.052274 0.545225 0.036461 0.028174
0 0.198509 0.581226 0.332199 0.018783
0 0.434154 0.581226 0.130989 0.018783
0 0.266029 0.630270 0.464539 0.033392
2 0.519230 0.545225 0.036461 0.028174
0 0.866283 0.613793 0.147194 0.018783
0 0.499649 0.740358 0.934479 0.117915
0 0.267321 0.889397 0.466668 0.051515
0 0.658713 0.873404 0.318695 0.018783
0 0.841503 0.873737 0.039216 0.020202
0 0.914898 0.873926 0.103981 0.019826
0 0.658713 0.904103 0.318695 0.018783
0 0.841301 0.903363 0.035110 0.019826
0 0.914898 0.903363 0.103981 0.019826
0 0.889240 0.941231 0.130989 0.018783
5 0.094528 0.015131 0.132339 0.026087
5 0.228785 0.015131 0.129639 0.026087
5 0.363042 0.015131 0.132339 0.026087
5 0.809283 0.040477 0.325447 0.022957
5 0.809566 0.014087 0.325447 0.024000