0 0.309261 0.189518 0.500310 0.032215
0 0.309261 0.381280 0.500310 0.035057
2 0.747873 0.114470 0.014706 0.011364
2 0.810998 0.114470 0.014706 0.011364
1 0.908350 0.183239 0.014706 0.011364
1 0.720773 0.198081 0.014706 0.011364
1 0.908252 0.199351 0.014706 0.011364
2 0.777284 0.284927 0.014706 0.011364
2 0.840407 0.284927 0.014706 0.011364
1 0.908350 0.373578 0.014706 0.011364
1 0.720773 0.388421 0.014706 0.011364
1 0.908252 0.389692 0.014706 0.011364
0 0.309572 0.450883 0.500310 0.037899
1 0.908757 0.442706 0.014706 0.011364
1 0.721083 0.457548 0.014706 0.011364
1 0.908600 0.458818 0.014706 0.011364
0 0.309572 0.252030 0.500310 0.032215
1 0.908757 0.245751 0.014706 0.011364
1 0.721083 0.260593 0.014706 0.011364
1 0.908600 0.261864 0.014706 0.011364
0 0.836483 0.198766 0.122913 0.021899
0 0.642284 0.198273 0.131542 0.022327
0 0.835264 0.261057 0.122913 0.021899
0 0.641065 0.260564 0.131543 0.022327
0 0.837728 0.389289 0.122913 0.021899
0 0.643529 0.388796 0.131542 0.022327
0 0.835872 0.458891 0.122913 0.021899
0 0.641673 0.458398 0.131542 0.022327
0 0.876805 0.949979 0.188747 0.017261