0 0.294117 0.116476 0.514380 0.016530
0 0.648680 0.116476 0.184611 0.016414
0 0.887181 0.116270 0.149255 0.017241
1 0.508987 0.194128 0.026144 0.018750
1 0.508824 0.214551 0.026144 0.019066
2 0.321301 0.292355 0.029412 0.022727
2 0.594384 0.292355 0.029412 0.022727
0 0.176099 0.345770 0.244355 0.022475
0 0.374183 0.345334 0.133987 0.020822
0 0.511438 0.345334 0.133987 0.020822
2 0.595096 0.342492 0.029412 0.022727
2 0.759090 0.342492 0.029412 0.022727
0 0.174421 0.373508 0.242217 0.021924
0 0.375000 0.372245 0.133987 0.021924
0 0.512255 0.372245 0.133987 0.021924
2 0.595096 0.369490 0.029412 0.022727
2 0.759090 0.369490 0.029412 0.022727
0 0.201699 0.439811 0.250059 0.016414
2 0.364794 0.440013 0.029412 0.022727
2 0.560873 0.440013 0.029412 0.022727
0 0.847349 0.440614 0.224005 0.014899
2 0.364587 0.506129 0.029412 0.022727
2 0.594294 0.505784 0.029412 0.022727
2 0.364082 0.526239 0.029412 0.018871
2 0.364082 0.542767 0.029412 0.018870
0 0.789523 0.540956 0.343141 0.020110
0 0.207016 0.577191 0.264321 0.021372
2 0.364704 0.561431 0.029412 0.018870
2 0.364704 0.579062 0.029412 0.018871
0 0.788404 0.576124 0.341474 0.019720
2 0.364082 0.640564 0.029412 0.018319
2 0.593462 0.640564 0.029412 0.018319
0 0.206781 0.673213 0.264321 0.016414
2 0.364794 0.675274 0.029412 0.019422
2 0.594384 0.675274 0.029412 0.019422
2 0.364794 0.708883 0.029412 0.017217
2 0.594384 0.708883 0.029412 0.017217
0 0.456645 0.735587 0.036928 0.016414
0 0.492103 0.735713 0.036928 0.017172
0 0.543083 0.735587 0.056536 0.016414
0 0.793915 0.742153 0.329441 0.016414
1 0.364548 0.776859 0.028387 0.017287
1 0.482448 0.777444 0.028297 0.018688
1 0.593922 0.777164 0.028551 0.018422
1 0.714672 0.777088 0.029100 0.018091