0 0.873341 0.941713 0.188747 0.017261
2 0.736252 0.104867 0.014706 0.011364
2 0.799304 0.104867 0.014706 0.011364
0 0.514706 0.715599 0.911765 0.154662
0 0.224266 0.465211 0.330884 0.022232
1 0.352534 0.502208 0.014706 0.011364
0 0.183824 0.502093 0.250000 0.022327
0 0.687501 0.465211 0.566175 0.022232
0 0.536766 0.502140 0.264706 0.022232
0 0.827205 0.502144 0.286766 0.022232
0 0.147059 0.551216 0.176471 0.022566
1 0.249593 0.553028 0.014706 0.011364
0 0.406251 0.552180 0.187498 0.020638
1 0.521654 0.552778 0.014706 0.011364
0 0.799632 0.545228 0.341913 0.034542
0 0.198529 0.597970 0.279412 0.018653
0 0.441077 0.597881 0.181176 0.018832
3 0.577647 0.599760 0.080000 0.022232
3 0.852740 0.597881 0.232029 0.018832
0 0.676024 0.598364 0.107842 0.017866
0 0.514706 0.288755 0.911765 0.022232
1 0.521652 0.536933 0.014706 0.011364
1 0.067810 0.335230 0.014706 0.011364
1 0.067810 0.357955 0.014706 0.011364
1 0.067810 0.388259 0.014706 0.011364
1 0.067810 0.418559 0.014706 0.011364
2 0.736252 0.312251 0.014706 0.011364
2 0.799304 0.312251 0.014706 0.011364