0 0.407407 0.334165 0.274618 0.018832
3 0.589053 0.336044 0.070538 0.022232
3 0.805743 0.334165 0.330884 0.018832
0 0.743860 0.287810 0.207109 0.018744
0 0.187176 0.287810 0.288606 0.018744
3 0.913792 0.289600 0.114789 0.022323
0 0.485280 0.287810 0.280639 0.018744
3 0.234049 0.243243 0.382353 0.022232
3 0.209234 0.385289 0.332724 0.022232
3 0.560941 0.385289 0.335294 0.022232
1 0.216443 0.336746 0.014706 0.011364
1 0.054518 0.154505 0.014706 0.011364
1 0.224454 0.154505 0.014706 0.011364
1 0.224454 0.172389 0.014706 0.011364
1 0.224454 0.136620 0.014706 0.011364
1 0.054518 0.172389 0.014706 0.011364
1 0.054518 0.136620 0.014706 0.011364
1 0.054518 0.190278 0.014706 0.011364
1 0.224454 0.190278 0.014706 0.011364
1 0.505500 0.137880 0.014706 0.011364
1 0.505500 0.154505 0.014706 0.011364
1 0.505500 0.172389 0.014706 0.011364
1 0.505500 0.190278 0.014706 0.011364
1 0.675435 0.154505 0.014706 0.011364
1 0.675435 0.137880 0.014706 0.011364
1 0.675435 0.172389 0.014706 0.011364
1 0.675435 0.190278 0.014706 0.011364
0 0.120632 0.336484 0.155224 0.022327
2 0.126873 0.508503 0.014706 0.011364
2 0.069364 0.509254 0.014706 0.011364
1 0.849859 0.530210 0.014706 0.011364
3 0.912770 0.470970 0.112747 0.022412
0 0.743654 0.469663 0.209152 0.017866
0 0.195450 0.470021 0.276142 0.018653
0 0.480991 0.469180 0.272060 0.018832
1 0.387038 0.438378 0.014706 0.011364
1 0.527289 0.438378 0.014706 0.011364
0 0.763328 0.569201 0.202618 0.018653
0 0.524012 0.569201 0.261436 0.018653
0 0.231195 0.569210 0.299426 0.018635
3 0.921716 0.570902 0.098114 0.022412
1 0.327397 0.607845 0.014706 0.011364
1 0.511219 0.607845 0.014706 0.011364
1 0.511221 0.592369 0.014706 0.011364
2 0.093467 0.605322 0.014706 0.011364
2 0.149809 0.605322 0.014706 0.011364
0 0.763328 0.640222 0.202618 0.018653
0 0.524012 0.640222 0.261436 0.018653
0 0.231195 0.640606 0.299426 0.017884
3 0.921716 0.641922 0.098114 0.022412
1 0.327397 0.678865 0.014706 0.011364
1 0.511219 0.678865 0.014706 0.011364
1 0.511221 0.663389 0.014706 0.011364
2 0.093467 0.676342 0.014706 0.011364
2 0.149809 0.676342 0.014706 0.011364
0 0.763328 0.711244 0.202618 0.018653
0 0.524012 0.711244 0.261436 0.018653
0 0.231195 0.711449 0.299426 0.018244
3 0.921716 0.712944 0.098114 0.022412
1 0.327397 0.749889 0.014706 0.011364
1 0.511219 0.749889 0.014706 0.011364
1 0.511221 0.734413 0.014706 0.011364
2 0.093467 0.747365 0.014706 0.011364
2 0.149809 0.747365 0.014706 0.011364
0 0.763328 0.782265 0.202618 0.018653
0 0.524012 0.782265 0.261436 0.018653
0 0.231195 0.782469 0.299426 0.018244
3 0.921716 0.783965 0.098114 0.022412
1 0.327397 0.820909 0.014706 0.011364
1 0.511221 0.805433 0.014706 0.011364
1 0.511219 0.820909 0.014706 0.011364
2 0.093467 0.818385 0.014706 0.011364
2 0.149809 0.818385 0.014706 0.011364
0 0.790626 0.603292 0.361111 0.018653
0 0.790626 0.674126 0.361111 0.018653
0 0.790626 0.745150 0.361111 0.018653
0 0.790626 0.817623 0.361111 0.018653
0 0.441469 0.605650 0.095582 0.022327
0 0.254663 0.676194 0.110296 0.022327
0 0.441469 0.746738 0.095582 0.022327
0 0.254663 0.819537 0.110296 0.022327
0 0.441469 0.819537 0.095582 0.022327
0 0.254663 0.746738 0.110296 0.022327
0 0.441469 0.676194 0.095582 0.022327
0 0.254663 0.605650 0.110296 0.022327
0 0.876810 0.939683 0.188747 0.017261