0 0.873341 0.941713 0.188747 0.017261
2 0.747279 0.102025 0.014706 0.011364
2 0.809761 0.102025 0.014706 0.011364
0 0.250000 0.243842 0.382353 0.052086
0 0.710364 0.183108 0.514706 0.030039
1 0.385623 0.179317 0.014706 0.011364
0 0.126839 0.193097 0.136031 0.022388
1 0.205474 0.194159 0.014706 0.011364
0 0.310663 0.193097 0.121325 0.022388
1 0.385621 0.195429 0.014706 0.011364
0 0.710428 0.251895 0.517912 0.035980
0 0.250000 0.380206 0.382353 0.052086
0 0.708825 0.319472 0.514706 0.030039
1 0.385623 0.315681 0.014706 0.011364
0 0.126839 0.329460 0.136031 0.022388
1 0.205474 0.330523 0.014706 0.011364
0 0.310663 0.329460 0.121325 0.022388
1 0.385624 0.332602 0.014706 0.011364
0 0.709802 0.388646 0.516660 0.035206
0 0.650736 0.498894 0.522057 0.022412
2 0.747279 0.423049 0.014706 0.011364
2 0.809761 0.423049 0.014706 0.011364
2 0.070809 0.499362 0.014706 0.011364
2 0.170993 0.499362 0.014706 0.011364
2 0.274853 0.499362 0.014706 0.011364
1 0.723858 0.588691 0.014706 0.011364
0 0.576472 0.587631 0.250000 0.022323
1 0.723856 0.573067 0.014706 0.011364
0 0.580148 0.549543 0.257351 0.022114
0 0.514706 0.638093 0.911765 0.021148
0 0.250000 0.543011 0.382353 0.035177
0 0.841913 0.549543 0.257351 0.022114
0 0.216913 0.587629 0.316178 0.022327
1 0.396652 0.587745 0.014706 0.011364
0 0.648897 0.694918 0.518379 0.022412
2 0.070809 0.695386 0.014706 0.011364
2 0.170993 0.695386 0.014706 0.011364
2 0.274853 0.695386 0.014706 0.011364
1 0.723858 0.784713 0.014706 0.011364
0 0.576472 0.783655 0.250000 0.022323
1 0.723856 0.769091 0.014706 0.011364
0 0.580148 0.745567 0.257351 0.022114
0 0.514706 0.834117 0.911765 0.021148
0 0.250000 0.739035 0.382353 0.035177
0 0.841913 0.745567 0.257351 0.022114
0 0.216913 0.783653 0.316178 0.022327
1 0.396652 0.783769 0.014706 0.011364
1 0.926064 0.496210 0.014706 0.011364
1 0.926064 0.695076 0.014706 0.011364