0 0.270628 0.134865 0.449756 0.021780
0 0.596812 0.134706 0.182598 0.021780
0 0.838568 0.135022 0.232286 0.021780
2 0.224457 0.155813 0.021106 0.016308
0 0.729269 0.185684 0.449757 0.021780
0 0.270117 0.242503 0.454659 0.021780
0 0.618975 0.242817 0.231619 0.021780
0 0.846099 0.242817 0.219364 0.021780
0 0.180249 0.322207 0.272060 0.021780
0 0.397775 0.322207 0.158088 0.021780
0 0.606721 0.317119 0.254904 0.037879
0 0.791158 0.322207 0.109069 0.021780
0 0.903904 0.321260 0.106618 0.021780
0 0.180249 0.350616 0.272060 0.021780
0 0.397775 0.350616 0.158088 0.021780
0 0.606721 0.346355 0.254904 0.037879
0 0.791158 0.350616 0.109069 0.021780
0 0.903904 0.349669 0.106618 0.021780
0 0.180878 0.379511 0.272061 0.021780
0 0.397775 0.379025 0.158088 0.021780
0 0.606721 0.373937 0.254904 0.037879
0 0.791158 0.379025 0.109069 0.021780
0 0.902647 0.378078 0.106618 0.021780
0 0.181506 0.406948 0.272060 0.021780
0 0.397775 0.407434 0.158088 0.021780
0 0.606721 0.401520 0.254904 0.037879
0 0.790529 0.407434 0.109069 0.021780
0 0.903904 0.406487 0.106618 0.021780
0 0.180249 0.435843 0.272060 0.021780
0 0.399031 0.435843 0.158088 0.021780
0 0.606721 0.429443 0.254904 0.037879
0 0.790529 0.435843 0.109069 0.021780
0 0.903904 0.434896 0.106618 0.021780
0 0.180249 0.464253 0.272060 0.021780
0 0.397775 0.464253 0.158088 0.021780
0 0.606721 0.459164 0.254904 0.037879
0 0.791158 0.462796 0.109069 0.021780
0 0.903275 0.462820 0.106618 0.021780
0 0.901404 0.499277 0.106618 0.021780
0 0.260517 0.571732 0.431374 0.021780
0 0.259904 0.595407 0.431374 0.021780
0 0.260533 0.614271 0.431375 0.021780
0 0.260721 0.638336 0.431374 0.021780
2 0.492791 0.591238 0.025098 0.018953
1 0.706320 0.589456 0.022059 0.017045
1 0.706318 0.612179 0.022060 0.017045
1 0.707355 0.636169 0.022059 0.017045
4 0.395721 0.774654 0.660248 0.027548
0 0.849181 0.774385 0.216539 0.021780
4 0.211051 0.832780 0.295186 0.022038
0 0.658466 0.833542 0.593938 0.022039
4 0.212036 0.866940 0.294474 0.023691
0 0.659951 0.867124 0.593938 0.022039
0 0.157872 0.926445 0.224602 0.018475
0 0.367467 0.926444 0.182598 0.021780
4 0.602494 0.925067 0.276649 0.020937
0 0.848751 0.925182 0.206776 0.018475
3 0.432949 0.951706 0.145833 0.017993
5 0.304100 0.982163 0.077451 0.029545
5 0.384984 0.982163 0.077451 0.029545
5 0.467140 0.982163 0.077451 0.029545
2 0.224605 0.173035 0.021106 0.016308
2 0.224605 0.190712 0.021106 0.016308
2 0.492369 0.613951 0.025098 0.019835