0 0.262379 0.131230 0.416127 0.022894
0 0.594141 0.131452 0.192577 0.022894
0 0.822558 0.131633 0.192577 0.022894
0 0.261023 0.168789 0.416127 0.022894
0 0.593011 0.168561 0.192580 0.023934
0 0.821590 0.168831 0.192578 0.022894
0 0.371264 0.221987 0.641025 0.052032
0 0.846845 0.202131 0.243752 0.022894
0 0.851690 0.237375 0.254783 0.022894
0 0.249560 0.296604 0.437674 0.022894
0 0.560921 0.297333 0.171394 0.022894
0 0.730435 0.297273 0.161603 0.022894
0 0.892056 0.296645 0.154871 0.022894
0 0.249653 0.327534 0.437675 0.022894
0 0.560971 0.327506 0.170168 0.022894
0 0.729874 0.327950 0.161605 0.022894
0 0.892721 0.327576 0.152417 0.022894
0 0.249653 0.357837 0.437675 0.022894
0 0.560971 0.357809 0.170168 0.022894
0 0.729874 0.357495 0.161605 0.022894
0 0.892721 0.357879 0.152417 0.022894
0 0.249653 0.388393 0.437675 0.022894
0 0.560971 0.388365 0.170168 0.022894
0 0.730487 0.388808 0.160379 0.022894
0 0.892761 0.388939 0.153644 0.022894
0 0.154446 0.462649 0.216817 0.022894
0 0.315637 0.462871 0.106141 0.022893
0 0.429044 0.463184 0.107121 0.022894
0 0.264202 0.523525 0.437675 0.078048
0 0.633800 0.462703 0.216819 0.022893
0 0.799729 0.462924 0.109082 0.022894
0 0.917547 0.462986 0.105163 0.022894
0 0.745842 0.524337 0.437678 0.078047
0 0.328169 0.617702 0.105041 0.022894
0 0.440025 0.617105 0.094270 0.022894
0 0.328129 0.671197 0.105042 0.022894
0 0.440618 0.670968 0.094268 0.022894
0 0.157813 0.766511 0.211430 0.022894
0 0.328388 0.754679 0.105044 0.022894
0 0.434639 0.755064 0.105042 0.022894
0 0.329130 0.809524 0.105041 0.022894
0 0.436093 0.810217 0.105043 0.022894
0 0.327765 0.848721 0.105042 0.022894
0 0.436147 0.848596 0.105042 0.022894
0 0.326993 0.886031 0.105042 0.022894
0 0.437781 0.885212 0.105042 0.022894
0 0.329112 0.916750 0.105041 0.022894
0 0.436183 0.916427 0.105042 0.022894
0 0.915786 0.614220 0.105043 0.022894
0 0.916288 0.640873 0.105043 0.022893
0 0.915014 0.661936 0.105041 0.022894
0 0.916001 0.684816 0.105041 0.022894
0 0.915212 0.708667 0.105044 0.022894
0 0.914420 0.735112 0.105043 0.022894
0 0.913632 0.760809 0.105043 0.022894
0 0.914188 0.784327 0.105039 0.022894
0 0.914743 0.806125 0.105043 0.022894
0 0.913954 0.842741 0.105039 0.022894
0 0.914224 0.880037 0.105043 0.022894
0 0.914943 0.912907 0.105043 0.022894