0 0.203476 0.096715 0.292060 0.017273
0 0.520983 0.095278 0.252364 0.017273
0 0.749029 0.095751 0.122712 0.017273
0 0.201917 0.144784 0.302047 0.017273
0 0.188263 0.174856 0.268699 0.015182
0 0.516618 0.158448 0.254979 0.040668
0 0.817636 0.143420 0.278425 0.014545
0 0.746532 0.174648 0.136358 0.015182
0 0.263428 0.223152 0.415373 0.039535
0 0.621406 0.206509 0.168953 0.015182
0 0.873390 0.206509 0.180239 0.015182
0 0.721193 0.235192 0.368526 0.015182
0 0.713400 0.269211 0.352941 0.015182
0 0.687377 0.300263 0.300895 0.015182
1 0.066528 0.268795 0.013072 0.010101
1 0.066528 0.284064 0.013072 0.010101
1 0.066533 0.300071 0.013072 0.010101
0 0.258578 0.280799 0.154405 0.014545
0 0.225267 0.297202 0.156087 0.014545
0 0.141873 0.343812 0.167252 0.015182
0 0.339492 0.341724 0.131124 0.015182
1 0.496858 0.339616 0.013072 0.010101
1 0.547902 0.339540 0.013072 0.010101
0 0.818139 0.394623 0.281353 0.097881
1 0.072261 0.386924 0.013072 0.010101
1 0.123304 0.386849 0.013072 0.010101
1 0.281163 0.386667 0.013072 0.010101
1 0.353709 0.386667 0.013072 0.010101
1 0.426503 0.386667 0.013072 0.010101
1 0.512140 0.387332 0.013072 0.010101
0 0.115600 0.441176 0.107252 0.015182
1 0.259204 0.418746 0.013072 0.010101
0 0.521330 0.410854 0.188235 0.015182
1 0.259699 0.431039 0.013072 0.010101
1 0.429500 0.429178 0.013072 0.010101
1 0.259464 0.443895 0.013072 0.010101
0 0.498070 0.441961 0.262353 0.014545
0 0.504714 0.489919 0.885899 0.044869
0 0.269527 0.563843 0.411587 0.072768
0 0.745993 0.535051 0.411116 0.015182
0 0.639364 0.570947 0.187430 0.014636
0 0.854274 0.570947 0.125820 0.014636
0 0.744004 0.598242 0.410714 0.015182
1 0.042868 0.654788 0.016340 0.012626
1 0.042868 0.678744 0.016340 0.012626
1 0.042868 0.702327 0.016340 0.012626
0 0.500185 0.744131 0.940240 0.021475
0 0.500185 0.803460 0.940240 0.021475
0 0.534938 0.843861 0.443111 0.021475
0 0.863400 0.843861 0.213812 0.021475
0 0.441176 0.692222 0.176471 0.015182
5 0.334588 0.933671 0.132353 0.020000
5 0.478123 0.933671 0.132353 0.020000
5 0.621660 0.932932 0.132353 0.021475