0 0.263140 0.149468 0.463582 0.025202
0 0.618522 0.149234 0.226459 0.024879
0 0.852913 0.149369 0.228908 0.024812
0 0.145936 0.298770 0.233915 0.020301
0 0.323042 0.298770 0.114739 0.020301
0 0.439849 0.298650 0.114283 0.020299
0 0.145807 0.326205 0.233915 0.020774
0 0.323042 0.326521 0.114739 0.020774
0 0.439951 0.326637 0.114895 0.021246
0 0.143765 0.353878 0.233915 0.020775
0 0.323042 0.354429 0.114739 0.021247
0 0.441381 0.354545 0.114895 0.020773
0 0.145807 0.382417 0.233915 0.021247
0 0.323451 0.382417 0.114739 0.021247
0 0.441789 0.382770 0.114895 0.020299
0 0.145807 0.411967 0.233915 0.021721
0 0.322940 0.412282 0.115351 0.021721
0 0.441585 0.412398 0.114895 0.021246
0 0.145426 0.439395 0.232845 0.020833
0 0.323042 0.439402 0.114739 0.020301
0 0.442606 0.439597 0.113670 0.020299
0 0.853242 0.299004 0.236311 0.020071
0 0.853447 0.325542 0.236721 0.020071
0 0.854264 0.354921 0.236721 0.020071
0 0.853855 0.384300 0.236721 0.020069
0 0.853650 0.411311 0.235493 0.019754
0 0.852833 0.439427 0.235493 0.021648
0 0.889247 0.506388 0.151752 0.019755
0 0.531209 0.942085 0.040441 0.019008
0 0.683456 0.941052 0.252288 0.019204
0 0.893981 0.941086 0.154338 0.019307
1 0.562704 0.297259 0.069860 0.019674
1 0.675858 0.440903 0.069859 0.020621
1 0.675858 0.297417 0.069859 0.019990
1 0.562704 0.326004 0.069860 0.020621
1 0.675858 0.326162 0.069859 0.020937
1 0.562704 0.355064 0.069860 0.020306
1 0.675858 0.355064 0.069859 0.020306
1 0.562704 0.382862 0.069860 0.020621
1 0.675858 0.382862 0.069859 0.020621
1 0.562704 0.412000 0.069860 0.020621
1 0.675858 0.412000 0.069859 0.020621
1 0.562704 0.440903 0.069860 0.020621
5 0.156857 0.974689 0.105883 0.035537
5 0.280388 0.974689 0.105881 0.035537
5 0.411769 0.974809 0.105884 0.035537
0 0.413603 0.934029 0.170180 0.040037