0 0.277140 0.364079 0.438273 0.025680
0 0.580921 0.363647 0.153707 0.025681
0 0.807718 0.363006 0.165132 0.025681
0 0.248796 0.402787 0.379075 0.035312
0 0.550830 0.409924 0.211866 0.025682
0 0.801537 0.404115 0.277296 0.035311
0 0.501063 0.450340 0.885893 0.035311
0 0.611282 0.546087 0.222335 0.025681
0 0.865530 0.545834 0.153707 0.025681
0 0.610628 0.568056 0.222335 0.025681
0 0.865530 0.567299 0.153707 0.025681
0 0.866184 0.590026 0.153707 0.025681
0 0.278275 0.690529 0.439215 0.045455
0 0.722391 0.690529 0.439214 0.045455
0 0.278275 0.737498 0.439215 0.045453
0 0.722391 0.737498 0.439214 0.045453
0 0.278275 0.784467 0.439215 0.045455
0 0.722391 0.784467 0.439214 0.045455
0 0.278275 0.830174 0.439215 0.045455
0 0.722391 0.828912 0.439214 0.045455
0 0.611609 0.875883 0.214743 0.021135
0 0.801491 0.875712 0.153707 0.021982
0 0.608667 0.954924 0.214743 0.021135
0 0.799844 0.955934 0.153708 0.020378
5 0.377410 0.982235 0.103856 0.024076
5 0.500136 0.982411 0.103856 0.024076
5 0.622590 0.982411 0.103856 0.024076