0 0.291768 0.265081 0.461441 0.043437
0 0.723548 0.247878 0.335286 0.018336
0 0.688012 0.280429 0.264211 0.018336
0 0.293610 0.354799 0.459410 0.071818
0 0.597573 0.323494 0.083333 0.018336
0 0.724636 0.323494 0.128430 0.018336
0 0.870212 0.323494 0.119546 0.018336
0 0.752475 0.360638 0.393136 0.018336
0 0.750514 0.392452 0.389214 0.018336
1 0.059283 0.433236 0.016340 0.012626
1 0.059283 0.455298 0.016340 0.012626
0 0.494634 0.546796 0.856752 0.037270
0 0.260913 0.598543 0.404900 0.018336
0 0.606623 0.598543 0.238260 0.018336
0 0.821442 0.598543 0.123472 0.018336
2 0.059283 0.645991 0.016340 0.012626
2 0.059283 0.674445 0.016340 0.012626
0 0.498704 0.755140 0.871137 0.064061
4 0.371441 0.815746 0.614748 0.018336
0 0.821347 0.815746 0.123472 0.018336
5 0.368477 0.943280 0.132353 0.020000
5 0.512011 0.943280 0.132353 0.020000
5 0.655544 0.942543 0.132353 0.021475