0 0.873341 0.941713 0.188747 0.017261
0 0.198529 0.435927 0.279412 0.018653
0 0.436178 0.435838 0.181176 0.018832
3 0.574819 0.437717 0.074343 0.022232
3 0.852740 0.435838 0.232029 0.018832
0 0.676024 0.436321 0.107842 0.017866
0 0.514706 0.472151 0.911765 0.018653
1 0.295915 0.388063 0.014706 0.011364
0 0.154412 0.387947 0.191176 0.022323
0 0.658090 0.387992 0.625000 0.022232
0 0.198529 0.648679 0.279412 0.018653
0 0.436178 0.648589 0.181176 0.018832
3 0.574819 0.650468 0.074343 0.022232
3 0.852740 0.648589 0.232029 0.018832
0 0.676024 0.649072 0.107842 0.017866
0 0.514706 0.684903 0.911765 0.018653
1 0.295915 0.600816 0.014706 0.011364
0 0.154412 0.600700 0.191176 0.022323
0 0.658087 0.600745 0.625000 0.022232
0 0.198529 0.787884 0.279412 0.018653
0 0.436178 0.787795 0.181176 0.018832
3 0.574819 0.789674 0.074343 0.022232
3 0.852740 0.787795 0.232029 0.018832
0 0.676024 0.788278 0.107842 0.017866
0 0.514706 0.824109 0.911765 0.018653
1 0.295915 0.740021 0.014706 0.011364
0 0.154412 0.739904 0.191176 0.022323
0 0.658087 0.739950 0.625000 0.022232
2 0.747279 0.502595 0.014706 0.011364
2 0.810405 0.502595 0.014706 0.011364
2 0.747279 0.164527 0.014706 0.011364
2 0.810405 0.164527 0.014706 0.011364
0 0.198529 0.299564 0.279412 0.018653
0 0.436178 0.299474 0.181176 0.018832
3 0.574819 0.301354 0.074343 0.022232
3 0.852740 0.299474 0.232029 0.018832
0 0.676024 0.299957 0.107842 0.017866
0 0.514706 0.335787 0.911765 0.018653
1 0.295915 0.251700 0.014706 0.011364
0 0.154412 0.251583 0.191176 0.022323
0 0.658090 0.251629 0.625000 0.022232