0 0.741508 0.734093 0.454709 0.101535
0 0.172896 0.764060 0.286462 0.022888
0 0.416957 0.763947 0.197761 0.021987
1 0.040959 0.804019 0.019608 0.015152
1 0.040953 0.826765 0.019608 0.015152
0 0.836346 0.933092 0.197760 0.021987
0 0.098694 0.255287 0.138027 0.038915
0 0.912163 0.573837 0.116340 0.017172
0 0.243105 0.251991 0.142717 0.017172
0 0.364348 0.254981 0.094742 0.039448
0 0.464373 0.254320 0.102260 0.038126
0 0.566752 0.254783 0.101722 0.038251
0 0.677864 0.251188 0.117649 0.017172
0 0.795511 0.251188 0.117647 0.017172
0 0.912178 0.251188 0.116340 0.017172
0 0.098500 0.294850 0.138027 0.038749
0 0.242877 0.288206 0.142717 0.017172
0 0.364119 0.294607 0.096405 0.038106
0 0.463639 0.294286 0.101428 0.038749
0 0.566850 0.294509 0.100892 0.038391
0 0.677635 0.286140 0.117649 0.017172
0 0.795283 0.286140 0.117647 0.017172
0 0.911949 0.286140 0.116340 0.017172
0 0.098648 0.333860 0.138024 0.038106
0 0.242877 0.327347 0.142717 0.017172
0 0.363900 0.333910 0.095572 0.038106
0 0.463399 0.333910 0.101426 0.038106
0 0.567056 0.333912 0.101724 0.038231
0 0.677635 0.325282 0.117649 0.017172
0 0.795283 0.325282 0.117647 0.017172
0 0.911949 0.325282 0.116340 0.017172
0 0.098436 0.374010 0.138857 0.039391
0 0.243708 0.367261 0.142717 0.017172
0 0.364283 0.374079 0.095573 0.039390
0 0.463813 0.374079 0.101426 0.039390
0 0.566819 0.374245 0.100892 0.038874
0 0.677635 0.366948 0.117649 0.017172
0 0.795283 0.366948 0.117647 0.017172
0 0.911949 0.366948 0.116340 0.017172
0 0.098319 0.414569 0.138025 0.038749
0 0.243708 0.408421 0.142717 0.017172
0 0.364131 0.414619 0.096405 0.039391
0 0.463962 0.414619 0.101426 0.039391
0 0.566667 0.414580 0.101722 0.038874
0 0.677635 0.409076 0.117649 0.017172
0 0.795283 0.409076 0.117647 0.017172
0 0.911949 0.409076 0.116340 0.017172
0 0.098020 0.455065 0.138025 0.039393
0 0.242877 0.447297 0.142717 0.017172
0 0.364398 0.455160 0.095574 0.039391
0 0.463636 0.455342 0.102258 0.039391
0 0.567176 0.455141 0.101724 0.039515
0 0.677635 0.450282 0.117649 0.017172
0 0.795283 0.450282 0.117647 0.017172
0 0.911949 0.450282 0.116340 0.017172
0 0.098234 0.496550 0.138025 0.039393
0 0.912163 0.491766 0.116340 0.017172
0 0.243091 0.488782 0.142717 0.017172
0 0.364612 0.496645 0.095573 0.039391
0 0.463850 0.496827 0.102260 0.039391
0 0.567390 0.496626 0.101724 0.039515
0 0.677849 0.491766 0.117649 0.017172
0 0.795497 0.491766 0.117647 0.017172
0 0.098234 0.538217 0.138025 0.039393
0 0.912163 0.533433 0.116340 0.017172
0 0.243091 0.531711 0.142717 0.017172
0 0.364612 0.538312 0.095573 0.039391
0 0.463850 0.538494 0.102260 0.039391
0 0.567390 0.538293 0.101724 0.039515
0 0.677849 0.533433 0.117649 0.017172
0 0.795497 0.533433 0.117647 0.017172
0 0.098234 0.579883 0.138025 0.039393
0 0.243091 0.572115 0.142717 0.017172
0 0.364612 0.579979 0.095573 0.039391
0 0.463850 0.580160 0.102260 0.039391
0 0.567390 0.579960 0.101724 0.039515
0 0.677849 0.573837 0.117649 0.017172
0 0.795497 0.573837 0.117647 0.017172