0 0.240909 0.147059 0.045455 0.023529
0 0.761364 0.147059 0.068182 0.023529
0 0.325000 0.205882 0.331818 0.023529
0 0.584091 0.205882 0.036364 0.023529
0 0.681818 0.205882 0.136364 0.023529
0 0.348864 0.261493 0.284091 0.023529
0 0.613636 0.264435 0.129205 0.020147
0 0.154545 0.371266 0.200000 0.030106
0 0.409544 0.371266 0.190909 0.030106
0 0.571662 0.370976 0.022727 0.030106
0 0.647727 0.371266 0.022727 0.030106
0 0.706818 0.371266 0.022727 0.030106
0 0.768182 0.371266 0.045455 0.030106
0 0.888636 0.371266 0.106477 0.020842
0 0.154545 0.408061 0.200000 0.030106
0 0.409544 0.408061 0.183750 0.020842
0 0.571662 0.407770 0.022727 0.030106
0 0.647727 0.408061 0.022727 0.030106
0 0.706818 0.408061 0.022727 0.030106
0 0.768182 0.408061 0.045455 0.030106
0 0.888636 0.408061 0.106477 0.020842
0 0.154545 0.444711 0.200000 0.030108
0 0.409544 0.444711 0.190909 0.030108
0 0.571662 0.444421 0.022727 0.030106
0 0.647727 0.444711 0.022727 0.030108
0 0.706818 0.444711 0.022727 0.030108
0 0.768182 0.444711 0.045455 0.030108
0 0.888636 0.444711 0.106477 0.020843
0 0.154545 0.481360 0.200000 0.030106
0 0.409544 0.481360 0.190909 0.030106
0 0.571662 0.481071 0.022727 0.030106
0 0.647727 0.481360 0.022727 0.030106
0 0.706818 0.481360 0.022727 0.030106
0 0.768182 0.481360 0.045455 0.030106
0 0.888636 0.481360 0.106477 0.020842
0 0.154545 0.518011 0.200000 0.030106
0 0.409544 0.518011 0.190909 0.030106
0 0.571662 0.517720 0.022727 0.030106
0 0.647727 0.518011 0.022727 0.030106
0 0.706818 0.518011 0.022727 0.030106
0 0.768182 0.518011 0.045455 0.030106
0 0.888636 0.518011 0.106477 0.020841
0 0.154545 0.554660 0.200000 0.030108
0 0.409544 0.554660 0.190909 0.030108
0 0.571662 0.554661 0.022727 0.030106
0 0.647727 0.554660 0.022727 0.030108
0 0.706818 0.554660 0.022727 0.030108
0 0.768182 0.554660 0.045455 0.030108
0 0.888636 0.554660 0.106477 0.020843
0 0.154545 0.591310 0.200000 0.030106
0 0.409544 0.591310 0.190909 0.030106
0 0.571662 0.591020 0.022727 0.030106
0 0.647727 0.591310 0.022727 0.030106
0 0.706818 0.591310 0.022727 0.030106
0 0.768182 0.591310 0.045455 0.030106
0 0.888636 0.591310 0.106477 0.020842
0 0.154545 0.627960 0.200000 0.030106
0 0.409544 0.627960 0.190909 0.030106
0 0.571662 0.627959 0.022727 0.030108
0 0.647727 0.627960 0.022727 0.030106
0 0.706818 0.627960 0.022727 0.030106
0 0.768182 0.627960 0.045455 0.030106
0 0.888636 0.627960 0.106477 0.020841
0 0.154545 0.664609 0.200000 0.030108
0 0.409544 0.664609 0.190909 0.030108
0 0.571662 0.664610 0.022727 0.030106
0 0.647727 0.664609 0.022727 0.030108
0 0.706818 0.664609 0.022727 0.030108
0 0.768182 0.664609 0.045455 0.030108
0 0.888636 0.664609 0.106477 0.020843
0 0.154545 0.701259 0.200000 0.030106
0 0.409544 0.701259 0.190909 0.030106
0 0.571662 0.700970 0.022727 0.030106
0 0.647727 0.701259 0.022727 0.030106
0 0.706818 0.701259 0.022727 0.030106
0 0.768182 0.701259 0.045455 0.030106
0 0.888636 0.701259 0.106477 0.020842
0 0.154545 0.737909 0.200000 0.030106
0 0.409544 0.737909 0.190909 0.030106
0 0.647727 0.737909 0.022727 0.030106
0 0.706818 0.737909 0.022727 0.030106
0 0.768182 0.737909 0.045455 0.030106
0 0.888636 0.737909 0.106477 0.020841
0 0.154545 0.774560 0.200000 0.030106
0 0.409544 0.774560 0.190909 0.030106
0 0.571662 0.774269 0.022727 0.030106
0 0.647727 0.774560 0.022727 0.030106
0 0.706818 0.774560 0.022727 0.030106
0 0.768182 0.774560 0.045455 0.030106
0 0.888636 0.774560 0.106477 0.020841
0 0.154545 0.811208 0.200000 0.030106
0 0.409544 0.811208 0.190909 0.030106
0 0.647727 0.811208 0.022727 0.030106
0 0.706818 0.811208 0.022727 0.030106
0 0.768182 0.811208 0.045455 0.030106
0 0.888636 0.811208 0.106477 0.020841
0 0.154545 0.847859 0.200000 0.030106
0 0.409544 0.847859 0.190909 0.030106
0 0.571662 0.847858 0.022727 0.030108
0 0.647727 0.847859 0.022727 0.030106
0 0.706818 0.847859 0.022727 0.030106
0 0.768182 0.847859 0.045455 0.030106
0 0.888636 0.847859 0.106477 0.020841
0 0.154545 0.884509 0.200000 0.030106
0 0.409544 0.884509 0.190909 0.030106
0 0.647727 0.884509 0.022727 0.030106
0 0.706818 0.884509 0.022727 0.030106
0 0.768182 0.884509 0.045455 0.030106
0 0.888636 0.884509 0.106477 0.020841
0 0.154545 0.922078 0.200000 0.030106
0 0.409544 0.922078 0.190909 0.030106
0 0.571662 0.921787 0.022727 0.030106
0 0.647727 0.922078 0.022727 0.030106
0 0.706818 0.922078 0.022727 0.030106
0 0.768182 0.922078 0.045455 0.030106
0 0.571662 0.811208 0.022727 0.030106
0 0.888636 0.922078 0.106477 0.020841
0 0.571662 0.737908 0.022727 0.030108
0 0.571662 0.884509 0.022727 0.030106
5 0.416460 0.968598 0.102273 0.025882
5 0.527372 0.968598 0.102273 0.025882
5 0.638289 0.967644 0.102273 0.027791