0 0.873341 0.941713 0.188747 0.017261
0 0.514706 0.582076 0.911765 0.154662
0 0.224266 0.331689 0.330884 0.022232
1 0.352534 0.368687 0.014706 0.011364
0 0.183824 0.368571 0.250000 0.022327
0 0.687501 0.331689 0.566175 0.022232
0 0.536766 0.368619 0.264706 0.022232
0 0.827205 0.368623 0.286766 0.022232
0 0.147059 0.417694 0.176471 0.022566
1 0.249593 0.419506 0.014706 0.011364
0 0.406251 0.418659 0.187498 0.020638
1 0.521654 0.419255 0.014706 0.011364
0 0.799632 0.411707 0.341913 0.034542
0 0.198529 0.464449 0.279412 0.018653
0 0.441077 0.464359 0.181176 0.018832
3 0.577647 0.466239 0.080000 0.022232
3 0.852740 0.464359 0.232029 0.018832
0 0.676024 0.464842 0.107842 0.017866
0 0.514706 0.155232 0.911765 0.022232
1 0.521652 0.403410 0.014706 0.011364
1 0.067810 0.201708 0.014706 0.011364
1 0.067810 0.224433 0.014706 0.011364
1 0.067810 0.254737 0.014706 0.011364
1 0.067810 0.285038 0.014706 0.011364
2 0.736252 0.178729 0.014706 0.011364
2 0.799304 0.178729 0.014706 0.011364