0 0.501256 0.133876 0.894276 0.010114
0 0.502414 0.168422 0.896593 0.013694
0 0.502414 0.185467 0.896593 0.013240
0 0.500229 0.232795 0.892222 0.011875
0 0.190699 0.274534 0.273163 0.013665
0 0.420611 0.274534 0.167912 0.013665
0 0.731299 0.274534 0.434716 0.013665
1 0.065098 0.383614 0.019608 0.015151
1 0.065098 0.444215 0.019608 0.015152
1 0.065098 0.498855 0.019608 0.015152
1 0.747714 0.498855 0.019608 0.015152
1 0.791428 0.498855 0.019608 0.015152
1 0.065098 0.539669 0.019608 0.015152
1 0.747714 0.539669 0.019608 0.015152
1 0.791428 0.539669 0.019608 0.015152
1 0.747714 0.575255 0.019608 0.015152
1 0.791428 0.575255 0.019608 0.015152
1 0.065098 0.611696 0.019608 0.015152
1 0.747714 0.611696 0.019608 0.015152
1 0.791428 0.611696 0.019608 0.015152
1 0.747714 0.646028 0.019608 0.015152
1 0.791428 0.646028 0.019608 0.015152
1 0.747714 0.673999 0.019608 0.015152
1 0.791428 0.673999 0.019608 0.015152
1 0.747714 0.703645 0.019608 0.015152
1 0.791428 0.703645 0.019608 0.015152
5 0.331855 0.940308 0.132353 0.020000
5 0.472069 0.940308 0.132353 0.020000
5 0.615605 0.941046 0.132353 0.021475