0 0.235919 0.313174 0.403908 0.020571
0 0.559024 0.313362 0.218856 0.020662
0 0.713350 0.312731 0.022694 0.022212
0 0.738315 0.312731 0.021181 0.022212
0 0.763278 0.312731 0.022693 0.022212
0 0.801100 0.312731 0.022694 0.022212
0 0.826065 0.312731 0.021181 0.022212
0 0.863888 0.312731 0.021181 0.022212
0 0.889609 0.312731 0.021181 0.022212
0 0.915328 0.312731 0.021181 0.022212
0 0.939535 0.312731 0.021181 0.022212
0 0.190020 0.364956 0.312110 0.043270
0 0.511278 0.363158 0.312111 0.043980
0 0.807590 0.349328 0.218856 0.019131
0 0.831852 0.381851 0.267381 0.018366
0 0.499835 0.433052 0.928068 0.060294
0 0.188643 0.557897 0.197364 0.019153
0 0.189643 0.578898 0.197070 0.019131
0 0.364893 0.558251 0.138613 0.019861
0 0.706234 0.546998 0.513227 0.078809
0 0.892115 0.727495 0.152433 0.021184
0 0.892115 0.759272 0.152433 0.015254
1 0.547222 0.751230 0.032899 0.022032
1 0.627277 0.751230 0.032900 0.022032
0 0.234681 0.857995 0.401370 0.021184
0 0.234681 0.897823 0.401370 0.021185
0 0.155262 0.941913 0.233584 0.020338
0 0.702945 0.814777 0.511034 0.022880
0 0.704678 0.877934 0.514324 0.066944
0 0.480963 0.935125 0.047155 0.017795
0 0.588982 0.934702 0.151337 0.016948
0 0.774020 0.935125 0.046059 0.017795
0 0.882882 0.934702 0.151335 0.016948
5 0.509216 0.979632 0.170443 0.026123
5 0.316235 0.979632 0.170444 0.026123
5 0.699380 0.979632 0.170443 0.026123