0 0.873341 0.941713 0.188747 0.017261
0 0.762730 0.504757 0.202618 0.018653
0 0.523414 0.504757 0.261436 0.018653
0 0.230597 0.504962 0.299426 0.018244
0 0.253679 0.540592 0.110296 0.022323
0 0.440485 0.540592 0.095582 0.022323
3 0.921118 0.506457 0.098114 0.022412
1 0.326799 0.543400 0.014706 0.011364
1 0.510621 0.543400 0.014706 0.011364
1 0.510623 0.527924 0.014706 0.011364
2 0.149211 0.540878 0.014706 0.011364
2 0.092869 0.540878 0.014706 0.011364
0 0.762730 0.575776 0.202618 0.018653
0 0.523414 0.575776 0.261436 0.018653
0 0.230597 0.575980 0.299426 0.018244
0 0.253679 0.611611 0.110296 0.022323
0 0.440485 0.611611 0.095582 0.022323
3 0.921118 0.577476 0.098114 0.022412
1 0.326799 0.614420 0.014706 0.011364
1 0.510621 0.614420 0.014706 0.011364
1 0.510623 0.598944 0.014706 0.011364
2 0.149211 0.611897 0.014706 0.011364
2 0.092869 0.611897 0.014706 0.011364
3 0.220588 0.802992 0.323529 0.022232
0 0.847629 0.803722 0.245095 0.023307
3 0.554461 0.802992 0.323529 0.022232
0 0.586605 0.177274 0.157258 0.022323
3 0.711989 0.177633 0.071038 0.021606
0 0.168958 0.177274 0.220908 0.022323
0 0.394793 0.177274 0.205910 0.022323
1 0.922386 0.175812 0.014706 0.011364
0 0.806031 0.177274 0.097359 0.022323
0 0.286605 0.226732 0.456203 0.022232
3 0.561077 0.226732 0.083729 0.022232
3 0.796720 0.226643 0.343436 0.022412
1 0.850668 0.465239 0.014706 0.011364
0 0.762730 0.646374 0.202618 0.018653
0 0.523414 0.646374 0.261436 0.018653
0 0.230597 0.646579 0.299426 0.018244
0 0.253679 0.682210 0.110296 0.022323
0 0.440485 0.682210 0.095582 0.022323
3 0.921118 0.648075 0.098114 0.022412
1 0.326799 0.685018 0.014706 0.011364
1 0.510621 0.685018 0.014706 0.011364
1 0.510623 0.669542 0.014706 0.011364
2 0.149211 0.682484 0.014706 0.011364
2 0.092869 0.682484 0.014706 0.011364
0 0.762730 0.717395 0.202618 0.018653
0 0.523414 0.717395 0.261436 0.018653
0 0.230597 0.717599 0.299426 0.018244
0 0.253679 0.753230 0.110296 0.022323
0 0.440485 0.753230 0.095582 0.022323
3 0.921118 0.719095 0.098114 0.022412
1 0.326799 0.756038 0.014706 0.011364
1 0.510621 0.756038 0.014706 0.011364
1 0.510623 0.740562 0.014706 0.011364
2 0.149211 0.753504 0.014706 0.011364
2 0.092869 0.753504 0.014706 0.011364
0 0.733167 0.439711 0.220593 0.022323
0 0.141185 0.438405 0.159448 0.019889
1 0.851304 0.442035 0.014706 0.011364
0 0.370422 0.438450 0.279417 0.019800
1 0.525650 0.442044 0.014706 0.011364
1 0.070062 0.394726 0.014706 0.011364
1 0.069743 0.294318 0.014706 0.011364
1 0.070062 0.328409 0.014706 0.011364
1 0.545556 0.294318 0.014706 0.011364
1 0.545556 0.276129 0.014706 0.011364
1 0.069743 0.276129 0.014706 0.011364
1 0.545560 0.361867 0.014706 0.011364
0 0.748816 0.389797 0.419616 0.037013
1 0.070062 0.369441 0.014706 0.011364
1 0.310261 0.276129 0.014706 0.011364
1 0.310261 0.320836 0.014706 0.011364
1 0.310261 0.339777 0.014706 0.011364
1 0.756348 0.276129 0.014706 0.011364
1 0.756348 0.294318 0.014706 0.011364
1 0.756348 0.325428 0.014706 0.011364
1 0.545556 0.325428 0.014706 0.011364