0 0.873341 0.941713 0.188747 0.017261
2 0.092866 0.232706 0.014706 0.011364
2 0.290033 0.232706 0.014706 0.011364
0 0.523896 0.289866 0.886031 0.018772
2 0.830609 0.313830 0.014706 0.011364
2 0.892371 0.313830 0.014706 0.011364
2 0.892371 0.339080 0.014706 0.011364
2 0.830627 0.339080 0.014706 0.011364
0 0.651917 0.377439 0.083242 0.022388
1 0.723858 0.381042 0.014706 0.011364
0 0.814499 0.377439 0.084877 0.022388
1 0.907629 0.361439 0.014706 0.011364
1 0.907629 0.379772 0.014706 0.011364
0 0.651936 0.415316 0.083242 0.022388
1 0.723877 0.418919 0.014706 0.011364
0 0.814519 0.415316 0.084877 0.022388
1 0.907629 0.399317 0.014706 0.011364
1 0.907629 0.417649 0.014706 0.011364
1 0.495915 0.362702 0.014706 0.011364
1 0.495915 0.400580 0.014706 0.011364
2 0.830609 0.462505 0.014706 0.011364
2 0.892371 0.462505 0.014706 0.011364
0 0.525738 0.497253 0.889708 0.018771