2 0.092884 0.169667 0.014706 0.011364
2 0.282701 0.169667 0.014706 0.011364
1 0.907242 0.298399 0.014706 0.011364
1 0.907242 0.316732 0.014706 0.011364
1 0.495935 0.299663 0.014706 0.011364
0 0.523914 0.226826 0.886031 0.018771
2 0.830629 0.250790 0.014706 0.011364
2 0.892390 0.250790 0.014706 0.011364
2 0.892390 0.276040 0.014706 0.011364
2 0.830647 0.276040 0.014706 0.011364
1 0.716523 0.318003 0.014706 0.011364
1 0.716541 0.355880 0.014706 0.011364
1 0.907242 0.336278 0.014706 0.011364
1 0.907242 0.354610 0.014706 0.011364
1 0.495935 0.337540 0.014706 0.011364
2 0.830629 0.399466 0.014706 0.011364
2 0.892390 0.399466 0.014706 0.011364
0 0.525752 0.434214 0.889707 0.018771
0 0.806404 0.314640 0.084877 0.022391
0 0.653648 0.314608 0.102636 0.022327
0 0.806404 0.351577 0.084877 0.022392
0 0.653648 0.351545 0.102636 0.022327
0 0.876805 0.949969 0.188747 0.017261