0 0.873341 0.941713 0.188747 0.017261
2 0.717678 0.102025 0.014706 0.011364
2 0.780180 0.102025 0.014706 0.011364
0 0.514706 0.831874 0.911765 0.021144
0 0.224266 0.706371 0.330884 0.022232
1 0.352534 0.743365 0.014706 0.011364
0 0.172795 0.743253 0.227943 0.022327
2 0.710516 0.434409 0.014706 0.011364
2 0.773018 0.434409 0.014706 0.011364
1 0.069444 0.460229 0.014706 0.011364
1 0.069446 0.491479 0.014706 0.011364
0 0.687501 0.706371 0.566175 0.022232
0 0.536766 0.743301 0.264706 0.022232
0 0.827205 0.743301 0.286766 0.022232
1 0.069446 0.606886 0.014706 0.011364
1 0.069446 0.627838 0.014706 0.011364
1 0.069446 0.659087 0.014706 0.011364
0 0.514706 0.410917 0.911765 0.022232
0 0.224266 0.780821 0.330884 0.023583
1 0.415031 0.779395 0.014706 0.011364
0 0.637867 0.780821 0.341913 0.023583
1 0.830472 0.782889 0.014706 0.011364
1 0.830471 0.767044 0.014706 0.011364
1 0.069446 0.522491 0.014706 0.011364
1 0.069444 0.553976 0.014706 0.011364
1 0.069446 0.584163 0.014706 0.011364