0 0.727124 0.172980 0.145935 0.014939
0 0.172753 0.391573 0.284363 0.021854
0 0.409181 0.390911 0.184103 0.021852
0 0.623678 0.390655 0.183124 0.021852
0 0.861731 0.391415 0.199054 0.021852
0 0.263799 0.523939 0.472836 0.021854
0 0.263800 0.556395 0.470639 0.045528
0 0.867862 0.533976 0.124544 0.014278
0 0.262861 0.612915 0.472837 0.021854
0 0.262609 0.645450 0.470639 0.045528
0 0.567061 0.614859 0.129090 0.016170
0 0.698480 0.614638 0.132266 0.016172
0 0.565860 0.659150 0.132142 0.016645
0 0.698213 0.659150 0.133368 0.016645
0 0.865533 0.624697 0.124544 0.014278
0 0.261563 0.701111 0.470999 0.021852
0 0.262419 0.735855 0.471000 0.045528
0 0.565292 0.705612 0.133369 0.015698
0 0.697610 0.705570 0.132877 0.015698
0 0.565769 0.750987 0.132756 0.016647
0 0.698899 0.750326 0.132757 0.016645
0 0.865913 0.716201 0.124544 0.013803
0 0.861111 0.776515 0.124546 0.014086
0 0.169473 0.858469 0.279208 0.021852
0 0.369842 0.859645 0.117444 0.021855
1 0.462420 0.851918 0.019608 0.015152
0 0.639974 0.858746 0.279209 0.021853
0 0.839117 0.858714 0.117443 0.021852
1 0.935284 0.852580 0.019608 0.015152
0 0.168372 0.892566 0.279209 0.021854
0 0.368740 0.892535 0.117444 0.021854
1 0.462420 0.885647 0.019608 0.015152
0 0.639057 0.892257 0.279209 0.021853
0 0.838813 0.892225 0.117443 0.021853
1 0.935284 0.886248 0.019608 0.015151
0 0.170229 0.926612 0.279208 0.021853
0 0.369371 0.927559 0.117444 0.021853
1 0.462420 0.921602 0.019608 0.015152
0 0.639198 0.927501 0.279209 0.021853
0 0.838749 0.927185 0.117443 0.021853
1 0.934546 0.921718 0.019608 0.015152