0 0.515299 0.594961 0.911765 0.154662
0 0.224859 0.344573 0.330884 0.022232
1 0.353127 0.381571 0.014706 0.011364
0 0.184417 0.381455 0.250000 0.022327
0 0.688094 0.344573 0.566175 0.022232
0 0.537359 0.381503 0.264706 0.022232
0 0.827798 0.381506 0.286766 0.022232
1 0.250186 0.432390 0.014706 0.011364
1 0.522247 0.432140 0.014706 0.011364
0 0.800225 0.424590 0.341913 0.034542
0 0.199123 0.477333 0.279412 0.018653
0 0.441670 0.477243 0.181176 0.018832
3 0.578240 0.479123 0.080000 0.022232
3 0.853333 0.477243 0.232029 0.018832
0 0.676617 0.477726 0.107842 0.017866
0 0.515299 0.168117 0.911765 0.022232
1 0.522245 0.416295 0.014706 0.011364
1 0.068404 0.214592 0.014706 0.011364
1 0.068404 0.237317 0.014706 0.011364
1 0.068404 0.267621 0.014706 0.011364
1 0.068404 0.297922 0.014706 0.011364
2 0.736845 0.191614 0.014706 0.011364
2 0.799897 0.191614 0.014706 0.011364
0 0.147652 0.431665 0.176471 0.020393
0 0.403166 0.431665 0.187498 0.020393
0 0.876805 0.949979 0.188747 0.017261