0 0.234309 0.281251 0.384808 0.017559
0 0.524464 0.280907 0.192863 0.017557
0 0.892859 0.279951 0.153645 0.017559
0 0.718413 0.280248 0.184039 0.017559
0 0.343105 0.646383 0.553434 0.017559
0 0.746005 0.646039 0.192863 0.017558
0 0.544771 0.929040 0.143843 0.017558
0 0.733333 0.929040 0.194824 0.017558
1 0.053596 0.685354 0.020200 0.014346
1 0.053105 0.701389 0.020200 0.014346
1 0.426471 0.701389 0.020199 0.015609
1 0.506536 0.701389 0.020199 0.015609
1 0.574346 0.701389 0.020199 0.015609
1 0.822712 0.701389 0.020199 0.015609
1 0.424837 0.744318 0.020199 0.015609
1 0.507353 0.744318 0.020199 0.015609
1 0.573529 0.744318 0.020199 0.015609
1 0.822712 0.744318 0.020199 0.015609
1 0.053599 0.802100 0.020199 0.015609
1 0.133388 0.802284 0.020199 0.015609
1 0.389054 0.802731 0.020199 0.015609
1 0.739229 0.801225 0.020199 0.015609
1 0.739408 0.817414 0.020199 0.015609
1 0.455342 0.884782 0.020201 0.014346
1 0.628782 0.885627 0.020201 0.014346
5 0.412253 0.971588 0.099020 0.031061
5 0.519281 0.971464 0.099020 0.031060
5 0.625817 0.971464 0.099020 0.031061