0 0.267873 0.132937 0.457107 0.017045
0 0.609172 0.133095 0.192810 0.016730
0 0.846508 0.133568 0.196078 0.017677
1 0.040481 0.162784 0.018975 0.011979
1 0.040483 0.177068 0.018975 0.012295
1 0.040687 0.191273 0.019383 0.012295
1 0.077043 0.245724 0.018975 0.012295
1 0.195098 0.245724 0.018974 0.012295
1 0.040687 0.268135 0.019792 0.012295
1 0.040687 0.282024 0.019792 0.012295
1 0.040687 0.296386 0.019792 0.012611
0 0.247141 0.296875 0.195261 0.012942
1 0.356863 0.163022 0.018974 0.011980
1 0.356863 0.177226 0.018974 0.011980
1 0.356863 0.191431 0.018974 0.011980
1 0.356863 0.205951 0.018974 0.011980
1 0.481863 0.163022 0.018974 0.011980
1 0.481658 0.176910 0.019382 0.011980
1 0.562745 0.162706 0.018974 0.011980
0 0.628472 0.183554 0.101716 0.032513
1 0.692239 0.176595 0.018974 0.011980
1 0.692136 0.191194 0.018975 0.011979
1 0.692239 0.205635 0.018974 0.011980
0 0.512766 0.234894 0.282680 0.017045
1 0.356516 0.282186 0.018975 0.011980
1 0.356618 0.296402 0.018977 0.012296
1 0.558824 0.282197 0.018977 0.012296
1 0.558824 0.296402 0.018977 0.012296
1 0.665441 0.282197 0.018977 0.012296
0 0.863665 0.281381 0.081699 0.015718
1 0.665441 0.296402 0.018977 0.012296
0 0.136133 0.326750 0.183006 0.016414
0 0.813101 0.326119 0.308186 0.017677
0 0.270230 0.370942 0.450287 0.018939
0 0.595801 0.370676 0.144261 0.018939
0 0.823962 0.370426 0.300309 0.020980
1 0.040441 0.495265 0.018975 0.011980
1 0.040441 0.480745 0.018975 0.011980
1 0.510621 0.433081 0.018977 0.011980
1 0.510621 0.418561 0.018977 0.011980
1 0.040441 0.432765 0.018975 0.011980
1 0.040441 0.418561 0.018975 0.011980
0 0.263514 0.922250 0.466821 0.048087
0 0.810664 0.871916 0.318462 0.025253
0 0.747451 0.807121 0.443670 0.096292
0 0.366131 0.877598 0.264804 0.019624
0 0.135165 0.876624 0.135318 0.019282
0 0.277377 0.845689 0.440514 0.018939
0 0.278041 0.814755 0.440373 0.017677
0 0.920446 0.728897 0.098039 0.032828
0 0.740341 0.678964 0.425569 0.018822
0 0.747382 0.608545 0.442036 0.095371
0 0.278561 0.677760 0.441414 0.018939
0 0.277895 0.646195 0.440082 0.018939
0 0.278048 0.614629 0.440083 0.019624
0 0.911512 0.492785 0.112034 0.017677
0 0.623404 0.492785 0.222093 0.017677
0 0.396338 0.492785 0.162569 0.017677
0 0.876381 0.446700 0.185564 0.018939
0 0.405676 0.447331 0.183694 0.017677
0 0.405581 0.415134 0.182688 0.018939
0 0.547590 0.957073 0.215833 0.021668