1 0.127941 0.202046 0.020588 0.015909
1 0.186765 0.233864 0.020588 0.015909
1 0.186765 0.276136 0.020588 0.015909
1 0.186765 0.319318 0.020588 0.015909
1 0.186765 0.362500 0.020588 0.015909
1 0.127941 0.426136 0.020588 0.015909
1 0.127941 0.504318 0.020588 0.015909
1 0.186765 0.536136 0.020588 0.015909
1 0.186765 0.579318 0.020588 0.015909
1 0.186765 0.622500 0.020588 0.015909
0 0.705882 0.713624 0.117647 0.023264
1 0.139706 0.792500 0.020588 0.015909
1 0.222059 0.792500 0.020588 0.015909
0 0.266471 0.857087 0.391765 0.023264
0 0.705882 0.857087 0.447059 0.023264
0 0.266471 0.913450 0.391765 0.023264
0 0.589412 0.913450 0.214118 0.023264
0 0.823529 0.913450 0.211765 0.023264