0 0.598725 0.118258 0.196667 0.024091
0 0.813137 0.119732 0.225882 0.021143
0 0.598725 0.152349 0.196667 0.024091
0 0.813137 0.152349 0.225882 0.024091
0 0.279411 0.227327 0.313301 0.090596
2 0.117924 0.538781 0.021587 0.016681
2 0.117924 0.556274 0.021587 0.016682
2 0.117924 0.620209 0.021587 0.016681
2 0.117924 0.640434 0.021587 0.016681
0 0.588235 0.798818 0.173261 0.023842
0 0.736660 0.799667 0.057219 0.023842
4 0.389227 0.890475 0.636471 0.033103
0 0.821117 0.892654 0.202603 0.030854
0 0.280065 0.937994 0.415686 0.028099
0 0.715567 0.937948 0.420676 0.028650