0 0.189951 0.230161 0.205882 0.023264
0 0.401765 0.321070 0.252941 0.023264
0 0.785340 0.321070 0.252941 0.023264
0 0.406127 0.375615 0.241176 0.023264
0 0.794164 0.375615 0.235294 0.023264
0 0.189951 0.561979 0.205882 0.023264
0 0.162941 0.587248 0.064706 0.018182
0 0.189951 0.652888 0.205882 0.023264
0 0.162941 0.678157 0.064706 0.018182
0 0.189951 0.725615 0.205882 0.023264
1 0.110294 0.761111 0.020588 0.015909
1 0.110294 0.792929 0.020588 0.015909
0 0.850000 0.791818 0.100000 0.018182
0 0.401765 0.843797 0.252941 0.023264
0 0.785340 0.843797 0.252941 0.023264
0 0.406127 0.898343 0.241176 0.023264
0 0.794164 0.898343 0.235294 0.023264