0 0.873341 0.941713 0.188747 0.017261
0 0.198529 0.271152 0.279412 0.018653
0 0.436175 0.271063 0.181176 0.018832
3 0.574819 0.272942 0.074343 0.022232
3 0.852740 0.271063 0.232029 0.018832
0 0.676024 0.271546 0.107842 0.017866
0 0.514706 0.307377 0.911765 0.018653
1 0.295915 0.223289 0.014706 0.011364
0 0.154412 0.223172 0.191176 0.022323
0 0.658087 0.223217 0.625000 0.022232
0 0.198529 0.407516 0.279412 0.018653
0 0.436175 0.407426 0.181176 0.018832
3 0.574819 0.409306 0.074343 0.022232
3 0.852740 0.407426 0.232029 0.018832
0 0.676024 0.407909 0.107842 0.017866
0 0.514706 0.443741 0.911765 0.018653
1 0.295915 0.359653 0.014706 0.011364
0 0.154412 0.359535 0.191176 0.022323
0 0.658087 0.359581 0.625000 0.022232
2 0.717868 0.104867 0.014706 0.011364
2 0.778845 0.104867 0.014706 0.011364