0 0.277686 0.067897 0.447102 0.021852
0 0.613094 0.067700 0.174727 0.021854
0 0.840225 0.068525 0.159717 0.021854
0 0.264237 0.174822 0.470793 0.021853
0 0.264356 0.204592 0.470794 0.021854
0 0.264356 0.232806 0.470794 0.021854
0 0.558103 0.174822 0.117036 0.021853
0 0.559291 0.203765 0.117036 0.021854
0 0.559291 0.232806 0.117036 0.021854
0 0.677852 0.175236 0.117766 0.021854
0 0.677346 0.203835 0.117765 0.021853
0 0.677346 0.232806 0.117765 0.021854
0 0.793360 0.175236 0.117766 0.021854
0 0.794994 0.204592 0.117766 0.021854
0 0.794994 0.232806 0.117766 0.021854
0 0.911007 0.175236 0.117034 0.021854
0 0.912641 0.204592 0.117034 0.021854
0 0.912641 0.232370 0.117034 0.021854
1 0.746345 0.270360 0.019608 0.015152
1 0.864766 0.270044 0.019608 0.015152
1 0.069905 0.378155 0.019608 0.015152
1 0.320109 0.378549 0.019608 0.015151
1 0.540289 0.372789 0.019608 0.015152
1 0.864735 0.372003 0.019608 0.015152
1 0.070110 0.428109 0.019608 0.015152
1 0.319905 0.428503 0.019608 0.015152
1 0.540289 0.429607 0.019608 0.015152
1 0.864023 0.429765 0.019608 0.015152
1 0.071597 0.530533 0.019608 0.015152
1 0.511735 0.530533 0.019608 0.015152
0 0.164613 0.597360 0.266768 0.021854
0 0.401433 0.597360 0.199013 0.021854
0 0.600554 0.597107 0.198157 0.021854
0 0.161433 0.630062 0.265055 0.021854
0 0.400576 0.630865 0.198155 0.021854
0 0.599269 0.630612 0.198155 0.021854
1 0.709263 0.581480 0.019608 0.015152
1 0.709018 0.598715 0.019608 0.015152
1 0.709140 0.615665 0.019608 0.015152
1 0.709074 0.632900 0.019608 0.015152
1 0.069439 0.667764 0.019608 0.015152
1 0.510696 0.667857 0.019608 0.015152
0 0.210441 0.704760 0.182070 0.021853
0 0.652654 0.704444 0.182070 0.021854
0 0.843831 0.704602 0.195704 0.021853
1 0.512270 0.769972 0.019608 0.015152
1 0.710265 0.769972 0.019608 0.015152
1 0.511735 0.815427 0.019608 0.015152
1 0.710547 0.814953 0.019608 0.015152
0 0.915033 0.877525 0.116046 0.021853