0 0.315730 0.134474 0.394787 0.067429
0 0.609645 0.109708 0.167665 0.019975
0 0.782502 0.109796 0.164583 0.020547
0 0.607517 0.138116 0.166181 0.016886
0 0.784421 0.137774 0.165894 0.015740
0 0.315167 0.191245 0.392160 0.018167
0 0.608860 0.186907 0.166181 0.035229
0 0.784524 0.186505 0.164356 0.034657
4 0.640377 0.245802 0.224835 0.016604
0 0.822842 0.244224 0.104495 0.016622
0 0.431850 0.285936 0.181003 0.014904
0 0.608240 0.286004 0.170722 0.015317
0 0.431567 0.300242 0.182101 0.014904
0 0.432160 0.315191 0.180320 0.015317
0 0.432176 0.329866 0.180825 0.014904
0 0.432533 0.343828 0.181895 0.015317
0 0.432533 0.357882 0.182964 0.015317
0 0.608194 0.358594 0.170065 0.015317
0 0.784569 0.358171 0.181773 0.015731
0 0.432295 0.384897 0.181361 0.015731
0 0.608336 0.384145 0.170835 0.015317
0 0.432561 0.403991 0.181489 0.023567
0 0.608335 0.404081 0.169660 0.024394
0 0.433230 0.423272 0.182044 0.015317
0 0.607642 0.422689 0.169294 0.015731
0 0.784511 0.423463 0.180645 0.015317
0 0.433110 0.460425 0.181982 0.015317
0 0.608242 0.460283 0.170065 0.015730
0 0.608448 0.479456 0.169745 0.024256
0 0.433201 0.497829 0.182493 0.012438
0 0.432958 0.521511 0.183350 0.015317
0 0.609528 0.522143 0.170748 0.014491
0 0.433417 0.536873 0.183913 0.014903
0 0.608295 0.536331 0.169351 0.015730
0 0.432230 0.551203 0.182252 0.014903
0 0.608588 0.551643 0.169294 0.014904
0 0.607792 0.570109 0.170373 0.023431
0 0.432868 0.589729 0.181745 0.015730
0 0.432957 0.615321 0.181567 0.014490
0 0.608081 0.615137 0.170067 0.015317
0 0.432942 0.630064 0.183322 0.016143
0 0.608792 0.629912 0.169353 0.015730
0 0.432680 0.643957 0.181951 0.014490
0 0.607961 0.644544 0.170958 0.015316
0 0.608251 0.663791 0.170371 0.024668
0 0.432779 0.683816 0.181923 0.016970
0 0.432961 0.709210 0.181569 0.014491
0 0.608084 0.709026 0.170067 0.015317
0 0.432946 0.723953 0.183320 0.016144
0 0.608797 0.723801 0.169353 0.015730
0 0.432684 0.737847 0.181953 0.014491
0 0.607965 0.738434 0.170956 0.015317
0 0.608256 0.757681 0.170371 0.024669
0 0.432783 0.777705 0.181925 0.016970
0 0.433656 0.792965 0.182786 0.014904
0 0.609069 0.792032 0.170778 0.014077
0 0.784021 0.792494 0.182307 0.015316
0 0.432468 0.807404 0.181894 0.015124
0 0.608712 0.807303 0.170065 0.015538
0 0.784127 0.807350 0.181565 0.015124