2 0.777284 0.112705 0.014706 0.011364
2 0.718461 0.112705 0.014706 0.011364
2 0.718461 0.141097 0.014706 0.011364
2 0.935381 0.141097 0.014706 0.011364
1 0.411621 0.268153 0.014706 0.011364
1 0.584742 0.254062 0.014706 0.011364
1 0.584743 0.271159 0.014706 0.011364
0 0.586214 0.384470 0.769935 0.022232
0 0.586214 0.437501 0.769935 0.022232
2 0.071402 0.438900 0.014706 0.011364
2 0.071402 0.421856 0.014706 0.011364
0 0.586214 0.503790 0.769935 0.022232
2 0.071402 0.504241 0.014706 0.011364
2 0.071402 0.487197 0.014706 0.011364
3 0.169711 0.258955 0.220588 0.032335
2 0.665627 0.254062 0.014706 0.011364
2 0.665627 0.271159 0.014706 0.011364
2 0.758763 0.254062 0.014706 0.011364
2 0.758763 0.271159 0.014706 0.011364
2 0.851905 0.254062 0.014706 0.011364
2 0.851904 0.271159 0.014706 0.011364
1 0.491609 0.321789 0.014706 0.011364
1 0.491609 0.304692 0.014706 0.011364
1 0.344551 0.304692 0.014706 0.011364
1 0.344549 0.321789 0.014706 0.011364
1 0.070038 0.321789 0.014706 0.011364
1 0.070038 0.304692 0.014706 0.011364
1 0.810541 0.304692 0.014706 0.011364
2 0.071402 0.384921 0.014706 0.011364
2 0.071402 0.367876 0.014706 0.011364
0 0.511691 0.266681 0.095582 0.022327
0 0.343504 0.266681 0.110296 0.022327
1 0.411621 0.622057 0.014706 0.011364
1 0.584742 0.607966 0.014706 0.011364
1 0.584743 0.625064 0.014706 0.011364
0 0.586214 0.738375 0.769935 0.022232
0 0.586214 0.791407 0.769935 0.022232
2 0.071402 0.792806 0.014706 0.011364
2 0.071402 0.775761 0.014706 0.011364
0 0.586214 0.857694 0.769935 0.022232
2 0.071402 0.858145 0.014706 0.011364
2 0.071402 0.841101 0.014706 0.011364
3 0.169711 0.612861 0.220588 0.032335
2 0.665627 0.607966 0.014706 0.011364
2 0.665627 0.625063 0.014706 0.011364
2 0.758763 0.607966 0.014706 0.011364
2 0.758763 0.625063 0.014706 0.011364
2 0.851905 0.607966 0.014706 0.011364
2 0.851904 0.625063 0.014706 0.011364
1 0.491609 0.675693 0.014706 0.011364
1 0.491609 0.658596 0.014706 0.011364
1 0.344551 0.658596 0.014706 0.011364
1 0.344549 0.675693 0.014706 0.011364
1 0.070038 0.675693 0.014706 0.011364
1 0.070038 0.658596 0.014706 0.011364
1 0.810541 0.658596 0.014706 0.011364
2 0.071402 0.738826 0.014706 0.011364
2 0.071402 0.721782 0.014706 0.011364
0 0.511691 0.620585 0.095582 0.022327
0 0.343504 0.620585 0.110296 0.022327
0 0.876805 0.949969 0.188747 0.017261