0 0.798402 0.141636 0.152176 0.017217
0 0.564933 0.447403 0.350706 0.017689
0 0.613861 0.745930 0.118288 0.017691
0 0.780382 0.745223 0.200306 0.017691
0 0.334924 0.782677 0.428661 0.019206
1 0.432257 0.408688 0.028083 0.021667
1 0.746821 0.408830 0.028900 0.021034
1 0.611609 0.408830 0.028900 0.021034
1 0.137946 0.508593 0.028083 0.021192
1 0.137948 0.531873 0.028492 0.020718
1 0.137946 0.554364 0.028492 0.020245
1 0.137946 0.642432 0.028900 0.021192
0 0.718443 0.782196 0.326333 0.019206
5 0.379003 0.969191 0.122549 0.031818
5 0.665114 0.968941 0.122549 0.031818
5 0.520998 0.968941 0.122547 0.031818