0 0.189952 0.137153 0.303923 0.021780
0 0.545958 0.137153 0.395835 0.021780
0 0.852944 0.137153 0.208333 0.021780
0 0.189952 0.167141 0.303923 0.021782
0 0.545958 0.167141 0.395835 0.021782
0 0.852944 0.167141 0.208333 0.021782
0 0.189952 0.197445 0.303923 0.021780
0 0.852944 0.197445 0.208333 0.021780
0 0.545958 0.197445 0.395835 0.021780
0 0.189952 0.227748 0.303923 0.021780
0 0.852944 0.227748 0.208333 0.021780
0 0.545958 0.227748 0.395835 0.021780
0 0.189952 0.258051 0.303923 0.021780
0 0.852944 0.258051 0.208333 0.021780
0 0.545958 0.258051 0.395835 0.021780
0 0.189952 0.288354 0.303923 0.021780
0 0.852944 0.288354 0.208333 0.021780
0 0.545958 0.288354 0.395835 0.021780
0 0.189952 0.318657 0.303923 0.021780
0 0.852944 0.318657 0.208333 0.021780
0 0.545958 0.318657 0.395835 0.021780
0 0.189952 0.348644 0.303923 0.021780
0 0.545958 0.348644 0.395835 0.021780
0 0.852944 0.348644 0.208333 0.021780
0 0.433823 0.517045 0.168139 0.021780
0 0.556986 0.516099 0.041913 0.021780
0 0.732640 0.515467 0.290688 0.021780
0 0.742646 0.562500 0.432845 0.024053
5 0.266666 0.931058 0.092155 0.027273
5 0.371569 0.948737 0.092157 0.027273
5 0.477124 0.963384 0.092157 0.027273