0 0.280052 0.171104 0.452072 0.114336
0 0.616475 0.102601 0.218392 0.023192
0 0.831828 0.102888 0.213199 0.022619
0 0.722849 0.148227 0.430557 0.024338
0 0.615503 0.215978 0.220618 0.024337
0 0.832114 0.216995 0.211716 0.024338
0 0.616395 0.262465 0.219134 0.023766
0 0.832851 0.262465 0.213199 0.023766
4 0.616395 0.337102 0.219134 0.024925
0 0.832330 0.337381 0.213941 0.024338
0 0.417964 0.428231 0.179817 0.024912
0 0.615587 0.428386 0.221358 0.024912
0 0.831663 0.428789 0.214683 0.024912
0 0.417297 0.452177 0.179074 0.023192
0 0.616259 0.451487 0.219132 0.023192
0 0.831443 0.451890 0.213941 0.023192
0 0.416926 0.496711 0.181299 0.023765
0 0.616621 0.496424 0.219876 0.023192
0 0.831814 0.496254 0.213199 0.023192
0 0.416926 0.519927 0.181299 0.023192
0 0.616250 0.519408 0.219134 0.023765
0 0.831964 0.519237 0.213199 0.023765
0 0.417808 0.542337 0.179815 0.023765
0 0.616621 0.542337 0.218392 0.022619
0 0.831072 0.542168 0.213199 0.022619
0 0.417297 0.565554 0.182041 0.023192
0 0.616400 0.565438 0.219134 0.023192
0 0.831593 0.565268 0.215425 0.023192
0 0.417105 0.588677 0.181299 0.023765
0 0.616771 0.588654 0.218392 0.023765
0 0.831964 0.588484 0.214683 0.023765
0 0.417284 0.611629 0.179817 0.023765
0 0.616621 0.611235 0.219876 0.024912
0 0.831964 0.611181 0.213199 0.023765
0 0.416926 0.633761 0.181299 0.024338
0 0.616621 0.634164 0.219876 0.023765
0 0.831964 0.633707 0.213199 0.023192
0 0.416555 0.657264 0.180557 0.022045
0 0.615879 0.656977 0.218392 0.022619
0 0.831222 0.657095 0.213199 0.023192
0 0.417297 0.679675 0.182041 0.023764
0 0.616250 0.679674 0.220618 0.023765
0 0.831222 0.679505 0.213199 0.023765
0 0.417517 0.703348 0.178332 0.023192
0 0.417807 0.748402 0.178333 0.023192
0 0.617212 0.748402 0.216909 0.022045
0 0.417958 0.771501 0.179817 0.022619
0 0.616771 0.771788 0.218392 0.023192
0 0.417066 0.793912 0.178332 0.023192
0 0.617142 0.793912 0.217650 0.023192