0 0.873341 0.941713 0.188747 0.017261
0 0.340071 0.193155 0.099263 0.022388
1 0.400328 0.197735 0.014706 0.011364
0 0.502296 0.193155 0.107536 0.022388
1 0.584149 0.180638 0.014706 0.011364
1 0.584150 0.197735 0.014706 0.011364
0 0.585621 0.311045 0.769935 0.022232
0 0.585621 0.364077 0.769935 0.022232
2 0.070809 0.365476 0.014706 0.011364
2 0.070809 0.348432 0.014706 0.011364
0 0.585621 0.430365 0.769935 0.022232
2 0.070809 0.430816 0.014706 0.011364
2 0.070809 0.413772 0.014706 0.011364
0 0.585621 0.483400 0.769935 0.022232
2 0.070809 0.483851 0.014706 0.011364
2 0.070809 0.466807 0.014706 0.011364
0 0.585621 0.536436 0.769935 0.022232
2 0.070809 0.536886 0.014706 0.011364
2 0.070809 0.519842 0.014706 0.011364
0 0.585621 0.597977 0.769935 0.022232
2 0.070809 0.598428 0.014706 0.011364
2 0.070809 0.581384 0.014706 0.011364
0 0.585621 0.658586 0.769935 0.022232
2 0.070809 0.661436 0.014706 0.011364
2 0.070809 0.644391 0.014706 0.011364
3 0.169118 0.185531 0.220588 0.032335
2 0.665034 0.180636 0.014706 0.011364
2 0.665034 0.197734 0.014706 0.011364
2 0.758170 0.180636 0.014706 0.011364
2 0.758170 0.197734 0.014706 0.011364
2 0.851312 0.180636 0.014706 0.011364
2 0.851310 0.197734 0.014706 0.011364
1 0.491016 0.248365 0.014706 0.011364
1 0.491016 0.231266 0.014706 0.011364
1 0.343957 0.231266 0.014706 0.011364
1 0.343956 0.248365 0.014706 0.011364
1 0.069444 0.248365 0.014706 0.011364
1 0.069444 0.231266 0.014706 0.011364
1 0.809948 0.231266 0.014706 0.011364
2 0.070809 0.311496 0.014706 0.011364
2 0.070809 0.294452 0.014706 0.011364