1 0.796977 0.095013 0.020199 0.015609
1 0.900735 0.095013 0.020199 0.015609
1 0.796977 0.127210 0.020199 0.015609
1 0.899918 0.127210 0.020199 0.015609
0 0.877574 0.168308 0.176471 0.015151
1 0.282271 0.199811 0.020199 0.015609
1 0.397467 0.199811 0.020199 0.015609
0 0.643913 0.200505 0.228758 0.015152
0 0.511152 0.234280 0.896242 0.017045
0 0.510743 0.255114 0.896242 0.032828
0 0.204371 0.295833 0.282680 0.015152
0 0.767977 0.465025 0.390523 0.050505
0 0.091624 0.511742 0.037582 0.015152
0 0.207148 0.512017 0.177335 0.014711
0 0.415971 0.511742 0.130719 0.015152
0 0.303921 0.539773 0.481210 0.018308
1 0.661192 0.673169 0.020201 0.015610
1 0.706944 0.673169 0.020201 0.015610
0 0.872508 0.672727 0.188562 0.036616
1 0.661192 0.711301 0.020201 0.015609
1 0.706617 0.711427 0.020201 0.016366
1 0.755636 0.711427 0.020201 0.016366
0 0.872508 0.710101 0.188562 0.036616
1 0.661519 0.747916 0.020201 0.015610
1 0.706780 0.748169 0.021181 0.015610
1 0.755963 0.748421 0.020201 0.015610
0 0.872508 0.746212 0.188562 0.036616
1 0.661519 0.784532 0.020201 0.015610
1 0.706780 0.783396 0.021181 0.016367
1 0.755963 0.783522 0.020201 0.015610
0 0.872018 0.782576 0.189542 0.036111
1 0.661519 0.823548 0.020201 0.015609
1 0.706780 0.822917 0.021181 0.015609
1 0.754493 0.822917 0.020199 0.015609
0 0.872508 0.823485 0.188562 0.046717
1 0.661765 0.870265 0.021016 0.015609
1 0.707108 0.869634 0.021016 0.015609
1 0.754493 0.869634 0.019382 0.015609
0 0.872508 0.869066 0.188562 0.045960
1 0.662173 0.912563 0.021016 0.015609
1 0.706291 0.911300 0.021016 0.015609
1 0.753676 0.911300 0.021016 0.015609
0 0.871691 0.911742 0.188889 0.041919
5 0.082516 0.964646 0.106209 0.040404
5 0.196078 0.964646 0.106209 0.040404
5 0.310458 0.964646 0.106209 0.040404