0 0.643678 0.273553 0.549114 0.023803
0 0.496234 0.297433 0.295768 0.021497
0 0.831762 0.297720 0.172946 0.020924
0 0.499020 0.336818 0.836863 0.031515
1 0.595043 0.363448 0.018283 0.016995
1 0.649399 0.363549 0.019026 0.016422
1 0.700294 0.364006 0.019026 0.016422
0 0.564672 0.387720 0.705642 0.020924
0 0.647016 0.431600 0.542438 0.024376
0 0.499020 0.481364 0.835686 0.048485
0 0.586185 0.518678 0.664100 0.025977
0 0.622164 0.606751 0.592142 0.023770
4 0.305041 0.642165 0.286641 0.040404
0 0.766822 0.644538 0.300866 0.046682
0 0.624761 0.699782 0.586948 0.023770
0 0.609553 0.724782 0.617364 0.023770
0 0.286484 0.748922 0.167069 0.025490
4 0.298735 0.784902 0.279964 0.040404