0 0.349675 0.125758 0.579087 0.023232
0 0.814946 0.125736 0.251905 0.024200
0 0.197386 0.170708 0.274511 0.022222
0 0.503923 0.171718 0.254903 0.022222
0 0.818957 0.171213 0.257517 0.021212
0 0.348367 0.216668 0.579087 0.023232
0 0.819712 0.217802 0.261436 0.021044
0 0.502616 0.283840 0.887585 0.054546
0 0.501309 0.399497 0.890199 0.120203
1 0.071085 0.512374 0.029412 0.022727
1 0.071216 0.535404 0.029412 0.022727
0 0.507214 0.521356 0.281861 0.028409
0 0.807541 0.521747 0.202560 0.029218
0 0.249825 0.602617 0.364609 0.030261
0 0.548939 0.603661 0.160698 0.030261
0 0.806190 0.604704 0.199859 0.030261
4 0.262756 0.685731 0.397916 0.040404
0 0.817669 0.681923 0.222816 0.030261
1 0.074795 0.879246 0.029412 0.022727
1 0.234420 0.878201 0.029412 0.022727
4 0.176703 0.921905 0.245098 0.040404
0 0.424848 0.920751 0.133082 0.027778
1 0.547655 0.877766 0.029412 0.022727
1 0.724774 0.878774 0.029412 0.022727
4 0.654446 0.922479 0.245098 0.040404
0 0.902816 0.921480 0.121211 0.027205
5 0.273457 0.982449 0.139091 0.026087
5 0.471966 0.982971 0.136391 0.025044
5 0.669125 0.982971 0.136391 0.025044