0 0.873341 0.941713 0.188747 0.017261
2 0.090743 0.437255 0.014706 0.011364
2 0.090743 0.420211 0.014706 0.011364
2 0.732573 0.103693 0.014706 0.011364
2 0.791397 0.103693 0.014706 0.011364
1 0.266338 0.204860 0.014706 0.011364
0 0.595588 0.434907 0.750000 0.022232
0 0.751103 0.247283 0.438971 0.021467
2 0.266338 0.270006 0.014706 0.011364
2 0.511438 0.270006 0.014706 0.011364
2 0.732026 0.270006 0.014706 0.011364
2 0.266338 0.288951 0.014706 0.011364
0 0.747427 0.288948 0.431619 0.021467
0 0.149574 0.371388 0.142029 0.023710
1 0.239381 0.372216 0.014706 0.011364
0 0.620100 0.371388 0.181376 0.023710
1 0.724675 0.372216 0.014706 0.011364
0 0.870097 0.370999 0.200982 0.024487
3 0.402781 0.368006 0.232029 0.017953
3 0.237744 0.562679 0.318629 0.023710
0 0.595588 0.625082 0.750000 0.022232
2 0.090743 0.626650 0.014706 0.011364
2 0.090743 0.609606 0.014706 0.011364
0 0.171732 0.514694 0.185948 0.023710
1 0.276343 0.515523 0.014706 0.011364
0 0.525639 0.562679 0.247359 0.023710
1 0.697709 0.563508 0.014706 0.011364
0 0.860194 0.562290 0.220788 0.024487
2 0.332521 0.500318 0.014706 0.011364
2 0.332521 0.516721 0.014706 0.011364
2 0.455069 0.500318 0.014706 0.011364
2 0.565361 0.500318 0.014706 0.011364
2 0.455069 0.516721 0.014706 0.011364
0 0.864293 0.500322 0.212590 0.021467
3 0.223038 0.792282 0.289217 0.023710
0 0.595588 0.856145 0.750000 0.022232
2 0.090743 0.857713 0.014706 0.011364
2 0.090743 0.840669 0.014706 0.011364
0 0.230556 0.691482 0.303595 0.022323
1 0.393791 0.692552 0.014706 0.011364
0 0.509805 0.792282 0.259806 0.023710
1 0.658497 0.793110 0.014706 0.011364
0 0.841911 0.791893 0.257355 0.024487
2 0.090196 0.727279 0.014706 0.011364
2 0.090196 0.743682 0.014706 0.011364
2 0.304263 0.727491 0.014706 0.011364
2 0.304263 0.743682 0.014706 0.011364
2 0.440363 0.727279 0.014706 0.011364
0 0.797054 0.727283 0.337268 0.021467
0 0.631126 0.691482 0.384807 0.022323
1 0.842322 0.692552 0.014706 0.011364
2 0.266371 0.229008 0.014706 0.011364
2 0.437941 0.229008 0.014706 0.011364
2 0.577649 0.229008 0.014706 0.011364
2 0.732059 0.229008 0.014706 0.011364
2 0.266371 0.247952 0.014706 0.011364
1 0.834967 0.204860 0.014706 0.011364
1 0.727121 0.204860 0.014706 0.011364
1 0.354573 0.204860 0.014706 0.011364