1 0.061275 0.075126 0.027778 0.021465
1 0.556373 0.059975 0.027778 0.021465
1 0.638072 0.059975 0.027778 0.021465
1 0.804739 0.059975 0.027778 0.021465
1 0.061275 0.110480 0.027778 0.021465
0 0.469771 0.169823 0.142157 0.031566
0 0.765523 0.212121 0.387255 0.095960
2 0.394608 0.197601 0.027778 0.021465
2 0.486111 0.197601 0.027778 0.021465
2 0.394608 0.250631 0.027778 0.021465
2 0.484477 0.250631 0.027778 0.021465
2 0.183007 0.273359 0.026144 0.021465
2 0.483660 0.273359 0.026144 0.021465
2 0.758170 0.273359 0.026144 0.021465
0 0.181373 0.338384 0.254902 0.027778
0 0.370098 0.338384 0.102941 0.027778
0 0.487745 0.338384 0.112745 0.027778
0 0.181373 0.368687 0.254902 0.027778
0 0.370098 0.368687 0.102941 0.027778
0 0.487745 0.368687 0.112745 0.027778
0 0.181373 0.398990 0.254902 0.027778
0 0.370098 0.398990 0.102941 0.027778
0 0.487745 0.398990 0.112745 0.027778
0 0.656046 0.338384 0.174837 0.027778
0 0.799837 0.338384 0.102941 0.027778
0 0.910131 0.338384 0.107843 0.027778
0 0.656046 0.368687 0.174837 0.027778
0 0.799837 0.368687 0.102941 0.027778
0 0.910131 0.368687 0.107843 0.027778
0 0.656046 0.398990 0.174837 0.027778
0 0.799837 0.398990 0.102941 0.027778
0 0.910131 0.398990 0.107843 0.027778