1 0.066096 0.083500 0.016340 0.012626
1 0.066096 0.097831 0.016340 0.012626
1 0.066096 0.112133 0.016340 0.012626
1 0.066096 0.126479 0.016340 0.012626
1 0.398686 0.083951 0.016340 0.012626
1 0.398686 0.102842 0.016340 0.012626
1 0.398686 0.122542 0.016340 0.012626
0 0.488536 0.276503 0.894627 0.183715
0 0.488536 0.512778 0.894627 0.218755
0 0.265886 0.676629 0.449328 0.016106
0 0.730817 0.676629 0.450176 0.016106
0 0.488536 0.831155 0.894627 0.236184
0 0.794673 0.129474 0.111487 0.013242
0 0.560162 0.129474 0.111487 0.013242