0 0.838211 0.299013 0.251637 0.017047
0 0.820350 0.347938 0.301275 0.020638
1 0.297980 0.350486 0.014706 0.011364
1 0.614155 0.350486 0.014706 0.011364
0 0.585057 0.492289 0.771866 0.018771
0 0.834732 0.637084 0.251637 0.017047
0 0.581580 0.830359 0.771866 0.018771
2 0.827724 0.747630 0.014706 0.011364
2 0.889485 0.747630 0.014706 0.011364
2 0.889487 0.776037 0.014706 0.011364
2 0.827743 0.776037 0.014706 0.011364
2 0.066559 0.834232 0.014706 0.011364
2 0.066562 0.817186 0.014706 0.011364
0 0.511721 0.722403 0.911565 0.018772
2 0.747873 0.112328 0.014706 0.011364
2 0.805337 0.112328 0.014706 0.011364
2 0.831203 0.409558 0.014706 0.011364
2 0.892964 0.409558 0.014706 0.011364
2 0.831221 0.437966 0.014706 0.011364
2 0.892964 0.437966 0.014706 0.011364
2 0.070041 0.478364 0.014706 0.011364
2 0.070038 0.495410 0.014706 0.011364
0 0.515199 0.384331 0.911565 0.018771
0 0.820350 0.686330 0.301275 0.020638
1 0.297980 0.688879 0.014706 0.011364
1 0.614155 0.688879 0.014706 0.011364
2 0.071601 0.211886 0.014706 0.011364
2 0.071601 0.233669 0.014706 0.011364
2 0.071601 0.255451 0.014706 0.011364
2 0.520332 0.255451 0.014706 0.011364
2 0.520332 0.211886 0.014706 0.011364
2 0.520332 0.233669 0.014706 0.011364
2 0.071601 0.277230 0.014706 0.011364
2 0.520332 0.277230 0.014706 0.011364
2 0.071601 0.299013 0.014706 0.011364
2 0.520332 0.299013 0.014706 0.011364
2 0.068123 0.549957 0.014706 0.011364
2 0.068123 0.571740 0.014706 0.011364
2 0.068123 0.593522 0.014706 0.011364
2 0.516853 0.593522 0.014706 0.011364
2 0.516853 0.549957 0.014706 0.011364
2 0.516853 0.571740 0.014706 0.011364
2 0.068123 0.615301 0.014706 0.011364
2 0.516853 0.615301 0.014706 0.011364
2 0.068123 0.637083 0.014706 0.011364
2 0.516853 0.637083 0.014706 0.011364
0 0.474280 0.684866 0.257351 0.024643
0 0.169909 0.685167 0.227943 0.024040
0 0.474525 0.350076 0.257351 0.024643
0 0.174047 0.350378 0.227943 0.024040
0 0.876805 0.949979 0.188747 0.017261