0 0.873341 0.941713 0.188747 0.017261
2 0.070809 0.251918 0.014706 0.011364
2 0.148882 0.251918 0.014706 0.011364
0 0.154412 0.160227 0.191176 0.022388
1 0.282681 0.159378 0.014706 0.011364
0 0.628679 0.158450 0.595590 0.018653
0 0.189340 0.208201 0.261033 0.018771
0 0.433667 0.208112 0.205567 0.018951
3 0.583748 0.209991 0.074343 0.022351
3 0.857605 0.208121 0.225966 0.018933
0 0.685815 0.208595 0.107804 0.017985
0 0.308823 0.306174 0.448531 0.018653
0 0.209557 0.356433 0.250000 0.017255
0 0.439183 0.355585 0.194539 0.018951
3 0.583748 0.357465 0.074343 0.022351
3 0.857605 0.354891 0.225966 0.020340
0 0.685815 0.356068 0.107804 0.017985
0 0.758340 0.306174 0.424497 0.018653
0 0.308823 0.411292 0.448531 0.018653
0 0.209557 0.461551 0.250000 0.017255
0 0.439183 0.460703 0.194539 0.018951
3 0.583748 0.462582 0.074343 0.022351
3 0.857605 0.460010 0.225966 0.020340
0 0.685815 0.461186 0.107804 0.017985
0 0.758340 0.411292 0.424497 0.018653
2 0.070809 0.608256 0.014706 0.011364
2 0.148882 0.608256 0.014706 0.011364
0 0.154412 0.516565 0.191176 0.022388
1 0.282681 0.515716 0.014706 0.011364
0 0.628679 0.514789 0.595590 0.018653
0 0.189340 0.564540 0.261033 0.018771
0 0.433667 0.564450 0.205567 0.018951
3 0.583748 0.566330 0.074343 0.022351
3 0.857605 0.564459 0.225966 0.018933
0 0.685815 0.564933 0.107804 0.017985
0 0.308823 0.662512 0.448531 0.018653
0 0.209557 0.712772 0.250000 0.017255
0 0.439183 0.711924 0.194539 0.018951
3 0.583748 0.713803 0.074343 0.022351
3 0.857605 0.711229 0.225966 0.020340
0 0.685815 0.712407 0.107804 0.017985
0 0.758340 0.662512 0.424497 0.018653
0 0.308823 0.767631 0.448531 0.018653
0 0.209557 0.817890 0.250000 0.017255
0 0.439183 0.817042 0.194539 0.018951
3 0.583748 0.818922 0.074343 0.022351
3 0.857605 0.816348 0.225966 0.020340
0 0.685815 0.817525 0.107804 0.017985
0 0.758340 0.767631 0.424497 0.018653