0 0.873341 0.941713 0.188747 0.017261
2 0.732573 0.104867 0.014706 0.011364
2 0.798761 0.105115 0.014706 0.011364
0 0.183824 0.297366 0.250000 0.018832
3 0.348855 0.299245 0.055554 0.022232
3 0.620471 0.297366 0.261441 0.018832
0 0.434047 0.297849 0.088680 0.017866
0 0.139706 0.247982 0.161765 0.022323
1 0.253270 0.250938 0.014706 0.011364
3 0.914015 0.199331 0.112747 0.019886
0 0.737831 0.199814 0.215521 0.018920
0 0.197837 0.199421 0.278026 0.019707
0 0.481619 0.199331 0.272059 0.019886
0 0.128677 0.508179 0.139708 0.022323
1 0.216503 0.508000 0.014706 0.011364
0 0.342343 0.508179 0.140565 0.022323
1 0.430605 0.492198 0.014706 0.011364
1 0.430603 0.509263 0.014706 0.011364
0 0.283622 0.592405 0.449596 0.022232
0 0.741038 0.590526 0.452663 0.018832
1 0.253270 0.233894 0.014706 0.011364
0 0.197837 0.345608 0.278026 0.018653
0 0.436178 0.345518 0.181176 0.018832
3 0.575871 0.347398 0.078209 0.022232
3 0.852541 0.345518 0.232029 0.018832
0 0.675824 0.346001 0.107842 0.017866
0 0.197837 0.457898 0.278026 0.018653
0 0.437814 0.457809 0.181176 0.018832
3 0.577507 0.459688 0.078209 0.022232
3 0.854176 0.457809 0.232029 0.018832
0 0.678919 0.458292 0.107842 0.017866
1 0.858655 0.421410 0.014706 0.011364
0 0.197837 0.554244 0.278026 0.018653
0 0.437814 0.554155 0.181176 0.018832
3 0.577507 0.556034 0.078209 0.022232
0 0.678919 0.554638 0.107842 0.017866
1 0.858658 0.368987 0.014706 0.011364
3 0.183824 0.398129 0.250000 0.022232
3 0.437498 0.398129 0.235294 0.022232
0 0.709557 0.395246 0.279412 0.021140