1 0.201237 0.189226 0.014706 0.011364
1 0.377229 0.173428 0.014706 0.011364
1 0.377225 0.190494 0.014706 0.011364
0 0.208211 0.249212 0.293928 0.018653
0 0.454030 0.249122 0.183011 0.018832
3 0.592673 0.251001 0.069118 0.022232
0 0.691767 0.249605 0.107841 0.017866
0 0.171441 0.541711 0.220389 0.022323
0 0.321672 0.541756 0.062093 0.022232
1 0.071871 0.510870 0.014706 0.011364
1 0.071871 0.495403 0.014706 0.011364
0 0.479342 0.541711 0.222224 0.022323
0 0.631301 0.542495 0.062093 0.020755
0 0.782861 0.541711 0.214882 0.022323
0 0.938094 0.541756 0.066175 0.022232
1 0.378855 0.510870 0.014706 0.011364
1 0.378855 0.495403 0.014706 0.011364
1 0.686044 0.510870 0.014706 0.011364
1 0.686044 0.495403 0.014706 0.011364
2 0.468727 0.173929 0.014706 0.011364
2 0.468721 0.192455 0.014706 0.011364
2 0.591791 0.174605 0.014706 0.011364
2 0.591789 0.192455 0.014706 0.011364
0 0.876995 0.191254 0.188372 0.015207
3 0.864563 0.249122 0.213237 0.018832
0 0.601501 0.422590 0.183825 0.017136
0 0.171446 0.421831 0.220399 0.018653
0 0.398466 0.421742 0.207531 0.018832
3 0.740380 0.423621 0.067819 0.022232
1 0.071869 0.461274 0.014706 0.011364
1 0.172373 0.461274 0.014706 0.011364
1 0.256542 0.461274 0.014706 0.011364
1 0.357046 0.461274 0.014706 0.011364
1 0.519186 0.461274 0.014706 0.011364
0 0.840788 0.457590 0.260786 0.017888
0 0.208211 0.624871 0.293928 0.018653
0 0.454035 0.624781 0.183011 0.018832
3 0.592673 0.626660 0.069118 0.022232
3 0.864563 0.624781 0.213237 0.018832
0 0.693203 0.625264 0.107841 0.017866
0 0.328303 0.577674 0.534113 0.022323
1 0.613881 0.578736 0.014706 0.011364
1 0.926662 0.424029 0.014706 0.011364
0 0.218426 0.322573 0.270217 0.018653
0 0.453217 0.322483 0.181386 0.018832
3 0.592673 0.324362 0.069118 0.022232
3 0.864563 0.321692 0.213237 0.017250
0 0.345261 0.370948 0.314340 0.018653
0 0.602423 0.370858 0.185670 0.018832
3 0.789806 0.372737 0.166670 0.022232
0 0.926242 0.370948 0.089879 0.018653
0 0.691767 0.322966 0.107841 0.017866
0 0.218426 0.699076 0.270217 0.018653
0 0.453217 0.698987 0.181386 0.018832
3 0.592673 0.700866 0.069118 0.022232
3 0.864563 0.698196 0.213237 0.017250
0 0.691767 0.699470 0.107841 0.017866
0 0.345261 0.747444 0.314340 0.018653
0 0.602423 0.747354 0.185670 0.018832
3 0.789806 0.749234 0.166670 0.022232
0 0.926242 0.747444 0.089879 0.018653
2 0.093051 0.734081 0.014706 0.011364
2 0.093051 0.750527 0.014706 0.011364
2 0.093051 0.360751 0.014706 0.011364
2 0.093051 0.376546 0.014706 0.011364
0 0.308993 0.189050 0.110296 0.022327
0 0.119061 0.189050 0.110296 0.022327
0 0.842663 0.423574 0.108180 0.022327
0 0.876805 0.949969 0.188747 0.017261