0 0.314180 0.162690 0.410389 0.017537
0 0.314174 0.193454 0.410342 0.017537
0 0.314165 0.222730 0.410359 0.017537
0 0.314070 0.253525 0.410168 0.017537
0 0.701379 0.162778 0.245101 0.017581
0 0.701379 0.193934 0.245101 0.017581
0 0.702413 0.224298 0.247170 0.017581
0 0.246990 0.520770 0.413673 0.035176
0 0.506917 0.527169 0.109680 0.017581
0 0.614537 0.527052 0.106570 0.017581
0 0.246780 0.551266 0.413672 0.035176
0 0.506708 0.555140 0.109680 0.017581
0 0.614327 0.555023 0.106569 0.017581
0 0.247018 0.581900 0.413672 0.035177
0 0.507926 0.588301 0.109681 0.017581
0 0.615546 0.588183 0.106569 0.017582
0 0.247169 0.612619 0.413672 0.035175
0 0.505665 0.618681 0.109680 0.017581
0 0.614325 0.618933 0.107549 0.017581
0 0.246515 0.643427 0.413672 0.035175
0 0.506319 0.648731 0.109680 0.017581
0 0.614162 0.648731 0.108529 0.017581
0 0.247169 0.673478 0.413672 0.035175
0 0.507136 0.679539 0.108046 0.017581
0 0.613835 0.679413 0.108529 0.017581
0 0.495098 0.767321 0.914239 0.127212
1 0.711295 0.522573 0.081825 0.026484
1 0.805762 0.522533 0.084355 0.026482
1 0.902166 0.522438 0.084123 0.025537
1 0.711475 0.551554 0.082047 0.026484
1 0.805830 0.551514 0.084356 0.026482
1 0.902234 0.551892 0.084124 0.026484
1 0.711148 0.581857 0.082047 0.026484
1 0.805503 0.581817 0.084356 0.026482
1 0.901907 0.582195 0.084124 0.026484
1 0.710634 0.612160 0.081673 0.026484
1 0.805176 0.612120 0.084356 0.026482
1 0.901580 0.612498 0.084124 0.026484
1 0.710879 0.642715 0.080856 0.026484
1 0.805830 0.642675 0.084356 0.026483
1 0.902234 0.643054 0.084123 0.026484
1 0.710552 0.672766 0.080856 0.026484
1 0.805503 0.672725 0.084356 0.026484
1 0.901908 0.673104 0.084122 0.026484