0 0.211763 0.971095 0.272810 0.020615
0 0.685082 0.970806 0.125776 0.020615
0 0.895190 0.970806 0.156686 0.020615
0 0.499317 0.157534 0.870831 0.027778
0 0.200558 0.207553 0.273315 0.027778
2 0.431520 0.199632 0.017740 0.013708
2 0.431520 0.218227 0.017740 0.013708
0 0.812389 0.208540 0.245098 0.027778
2 0.100001 0.271763 0.021750 0.016807
2 0.172728 0.271763 0.021750 0.016807
0 0.495582 0.354405 0.889918 0.073949
0 0.500976 0.426229 0.875809 0.027778
0 0.195164 0.471117 0.294061 0.027778
0 0.645792 0.470476 0.584521 0.027778
0 0.492678 0.517289 0.887429 0.027778
4 0.283547 0.641918 0.464188 0.028220
0 0.736248 0.641697 0.408585 0.027778
2 0.085491 0.723946 0.022183 0.017141
2 0.085491 0.742955 0.022183 0.017141
0 0.330570 0.735376 0.245098 0.021992
0 0.717200 0.725458 0.444740 0.055878
0 0.495582 0.831834 0.886598 0.104090