0 0.279212 0.559290 0.441176 0.017566
0 0.738363 0.558657 0.464052 0.018832
0 0.544115 0.595545 0.235289 0.022323
0 0.699754 0.595591 0.062093 0.022232
0 0.202007 0.643994 0.286765 0.018653
0 0.443330 0.643905 0.181176 0.018832
3 0.577889 0.645784 0.080882 0.022232
3 0.854376 0.643905 0.232029 0.018832
0 0.678947 0.644388 0.107842 0.017866
0 0.202007 0.707420 0.286765 0.018653
0 0.443330 0.707766 0.181176 0.018832
3 0.577889 0.709645 0.080882 0.022232
3 0.854376 0.707766 0.232029 0.018832
0 0.676074 0.708761 0.107842 0.017866
1 0.806103 0.597544 0.014706 0.011364
1 0.747279 0.597544 0.014706 0.011364
1 0.747279 0.580966 0.014706 0.011364
0 0.202382 0.364324 0.286765 0.018653
0 0.443706 0.364234 0.181176 0.018832
3 0.578265 0.366114 0.080882 0.022232
3 0.854573 0.364234 0.232029 0.018832
0 0.676450 0.364717 0.107842 0.017866
0 0.873341 0.941713 0.188747 0.017261
0 0.180499 0.402742 0.242649 0.022323
0 0.343488 0.402788 0.062093 0.022232
1 0.394690 0.388974 0.014706 0.011364
1 0.394690 0.405705 0.014706 0.011364
1 0.449837 0.405705 0.014706 0.011364
0 0.238971 0.595984 0.360296 0.021446
1 0.335515 0.580966 0.014706 0.011364
0 0.832721 0.203128 0.268379 0.051138
1 0.356211 0.316926 0.014706 0.011364
1 0.438456 0.316926 0.014706 0.011364
1 0.438456 0.297037 0.014706 0.011364
0 0.108544 0.312173 0.099088 0.025068
1 0.176064 0.316926 0.014706 0.011364
1 0.356214 0.297037 0.014706 0.011364
0 0.295956 0.312173 0.099268 0.025068
0 0.805146 0.317073 0.330884 0.022323
0 0.805146 0.280194 0.330884 0.022323
2 0.070809 0.135683 0.014706 0.011364
2 0.070809 0.160780 0.014706 0.011364
2 0.070809 0.185876 0.014706 0.011364
2 0.070809 0.210970 0.014706 0.011364
2 0.383310 0.135683 0.014706 0.011364
2 0.383310 0.160777 0.014706 0.011364
2 0.383310 0.185875 0.014706 0.011364
2 0.383310 0.203869 0.014706 0.011364
2 0.688456 0.135683 0.014706 0.011364
2 0.688456 0.160777 0.014706 0.011364
0 0.217833 0.475891 0.270217 0.018653
0 0.452624 0.475801 0.181386 0.018832
3 0.592080 0.477681 0.069118 0.022232
3 0.863970 0.475010 0.213237 0.017250
0 0.344668 0.522763 0.314340 0.018653
0 0.601830 0.522674 0.185670 0.018832
3 0.789212 0.524553 0.166670 0.022232
0 0.925649 0.522763 0.089879 0.018653
0 0.691174 0.476284 0.107842 0.017866
2 0.092430 0.512530 0.014706 0.011364
2 0.092430 0.526624 0.014706 0.011364