0 0.873341 0.941713 0.188747 0.017261
1 0.302091 0.660984 0.014706 0.011364
1 0.507570 0.660984 0.014706 0.011364
1 0.070261 0.660984 0.014706 0.011364
1 0.070261 0.679294 0.014706 0.011364
1 0.302091 0.679294 0.014706 0.011364
1 0.302091 0.719380 0.014706 0.011364
1 0.507570 0.719380 0.014706 0.011364
1 0.070261 0.718106 0.014706 0.011364
1 0.070261 0.736112 0.014706 0.011364
0 0.829532 0.736112 0.275175 0.021467
1 0.507570 0.736112 0.014706 0.011364
1 0.302091 0.736112 0.014706 0.011364
0 0.228757 0.783318 0.339866 0.018410
1 0.425454 0.784985 0.014706 0.011364
0 0.202206 0.847806 0.286765 0.018653
0 0.444433 0.847717 0.176850 0.018832
3 0.578413 0.849596 0.078281 0.022232
3 0.854046 0.847717 0.232029 0.018832
0 0.677329 0.848199 0.107841 0.017866
1 0.879082 0.814686 0.014706 0.011364
0 0.733775 0.679294 0.466688 0.021467
2 0.070809 0.898009 0.014706 0.011364
2 0.070809 0.882819 0.014706 0.011364
2 0.070809 0.913196 0.014706 0.011364
0 0.582621 0.906578 0.771866 0.021990
0 0.224363 0.623938 0.331078 0.022323
1 0.424418 0.624370 0.014706 0.011364
0 0.637409 0.623938 0.317485 0.022323
1 0.821479 0.610798 0.014706 0.011364
1 0.821477 0.625640 0.014706 0.011364
1 0.070062 0.189383 0.014706 0.011364
1 0.070261 0.171193 0.014706 0.011364
1 0.717320 0.171193 0.014706 0.011364
1 0.275949 0.189383 0.014706 0.011364
1 0.496732 0.171193 0.014706 0.011364
1 0.496732 0.202314 0.014706 0.011364
1 0.275949 0.171193 0.014706 0.011364
1 0.302091 0.301684 0.014706 0.011364
1 0.507570 0.301684 0.014706 0.011364
1 0.070261 0.301684 0.014706 0.011364
1 0.070261 0.319995 0.014706 0.011364
1 0.302091 0.319995 0.014706 0.011364
1 0.302091 0.356309 0.014706 0.011364
1 0.507570 0.356309 0.014706 0.011364
1 0.070261 0.355966 0.014706 0.011364
1 0.070261 0.373042 0.014706 0.011364
0 0.829532 0.373042 0.275175 0.021467
1 0.507570 0.373042 0.014706 0.011364
1 0.302091 0.373042 0.014706 0.011364
0 0.228757 0.420247 0.339866 0.018410
1 0.425454 0.421914 0.014706 0.011364
0 0.202206 0.483253 0.286765 0.018653
0 0.444433 0.483164 0.176850 0.018832
3 0.578413 0.485043 0.078281 0.022232
3 0.854046 0.483164 0.232029 0.018832
0 0.677329 0.483646 0.107841 0.017866
1 0.879082 0.450133 0.014706 0.011364
0 0.735510 0.319996 0.470157 0.021467
2 0.070809 0.546897 0.014706 0.011364
2 0.070809 0.516799 0.014706 0.011364
2 0.070809 0.531850 0.014706 0.011364
0 0.582621 0.543414 0.771866 0.022054
0 0.563721 0.267316 0.166665 0.021955
1 0.663557 0.265708 0.014706 0.011364
1 0.901830 0.247388 0.014706 0.011364
1 0.901830 0.264438 0.014706 0.011364
0 0.799303 0.267316 0.167240 0.021955
0 0.848895 0.206422 0.235289 0.036016
0 0.147680 0.267316 0.177712 0.021955
1 0.428462 0.265554 0.014706 0.011364
0 0.329812 0.266852 0.175559 0.021722