0 0.342320 0.203914 0.563725 0.016414
0 0.801471 0.202652 0.292484 0.016414
0 0.188725 0.233760 0.253268 0.017328
0 0.487745 0.234275 0.276144 0.016066
0 0.800654 0.234217 0.294118 0.016414
0 0.276961 0.294827 0.151961 0.018932
2 0.055556 0.301768 0.032680 0.025253
2 0.055556 0.330808 0.032680 0.025253
1 0.495098 0.280934 0.032680 0.026515
1 0.495098 0.309344 0.032680 0.025253
0 0.815359 0.333965 0.261438 0.018939
2 0.055556 0.541667 0.032680 0.025253
2 0.055556 0.570707 0.032680 0.025253
0 0.802288 0.571970 0.287582 0.015152
2 0.055556 0.599748 0.032680 0.025253
0 0.258170 0.773990 0.428105 0.017677
0 0.147059 0.804293 0.205882 0.015152
0 0.366013 0.804293 0.212418 0.015152
0 0.258987 0.834596 0.429739 0.015152
0 0.714052 0.777147 0.464052 0.071970
0 0.714869 0.834596 0.462418 0.015152
0 0.723039 0.902147 0.488562 0.089647