0 0.190588 0.176515 0.285882 0.030303
0 0.393725 0.176515 0.112941 0.030303
0 0.522549 0.176515 0.137255 0.030303
0 0.644510 0.176515 0.099216 0.030303
0 0.752255 0.176515 0.108824 0.030303
0 0.879804 0.176515 0.138823 0.030303
0 0.190588 0.209015 0.285882 0.030455
0 0.393725 0.209015 0.112941 0.030455
0 0.522549 0.209015 0.137255 0.030455
0 0.644510 0.209015 0.099216 0.030455
0 0.752255 0.209015 0.108824 0.030455
0 0.879804 0.209015 0.138823 0.030455
0 0.190588 0.240606 0.285882 0.028485
0 0.393725 0.240606 0.112941 0.028485
0 0.522549 0.240606 0.137255 0.028485
0 0.644510 0.240606 0.099216 0.028485
0 0.752255 0.240606 0.108824 0.028485
0 0.879804 0.240606 0.138823 0.028485
0 0.636667 0.278737 0.245098 0.027778
1 0.309989 0.299357 0.029412 0.022727
1 0.420768 0.299357 0.029412 0.022727
1 0.298954 0.326739 0.029412 0.022727
1 0.359515 0.326739 0.029412 0.022727
4 0.255379 0.845857 0.245097 0.032427
0 0.674520 0.845660 0.245098 0.027778