0 0.614563 0.168099 0.227940 0.017566
0 0.855373 0.167465 0.231616 0.018832
1 0.426662 0.170833 0.014706 0.011364
1 0.426663 0.155841 0.014706 0.011364
1 0.217096 0.170833 0.014706 0.011364
0 0.198132 0.216305 0.277828 0.018832
0 0.448132 0.216305 0.189593 0.018832
3 0.584804 0.218184 0.065882 0.022232
3 0.853134 0.216305 0.232029 0.018832
0 0.676417 0.216788 0.107842 0.017866
0 0.136623 0.266679 0.154413 0.022323
0 0.256641 0.266725 0.062093 0.022232
1 0.305116 0.251807 0.014706 0.011364
1 0.305116 0.267297 0.014706 0.011364
1 0.363940 0.267297 0.014706 0.011364
0 0.512633 0.456720 0.904024 0.018653
1 0.071585 0.686744 0.013072 0.010101
1 0.071585 0.639657 0.013072 0.010101
1 0.071585 0.596346 0.013072 0.010101
1 0.071585 0.564900 0.013072 0.010101
0 0.466790 0.692516 0.316377 0.031736
0 0.467098 0.647116 0.316994 0.035250
0 0.467098 0.603200 0.316994 0.031751
0 0.467098 0.561647 0.316994 0.022323
1 0.930333 0.564148 0.014706 0.011364
1 0.930333 0.607792 0.014706 0.011364
1 0.930333 0.698317 0.014706 0.011364
1 0.930333 0.653636 0.014706 0.011364
0 0.432584 0.851604 0.702214 0.022323
0 0.432584 0.814942 0.702214 0.022412
1 0.930333 0.811023 0.014706 0.011364
1 0.930333 0.848184 0.014706 0.011364
0 0.854145 0.851580 0.117647 0.022371
0 0.854145 0.814962 0.117647 0.022371
0 0.854145 0.886301 0.117647 0.022371
0 0.854145 0.923234 0.117647 0.022371
0 0.432584 0.923258 0.702214 0.022323
0 0.432581 0.886280 0.702214 0.022412
1 0.930333 0.882361 0.014706 0.011364
1 0.930333 0.919838 0.014706 0.011364
2 0.071402 0.777761 0.014706 0.011364
2 0.134528 0.777761 0.014706 0.011364
0 0.218426 0.346782 0.270217 0.018653
0 0.453217 0.346693 0.181386 0.018832
3 0.586422 0.348572 0.069118 0.022232
3 0.853534 0.345902 0.235294 0.017250
0 0.345261 0.393653 0.314340 0.018653
0 0.602423 0.393564 0.185670 0.018832
3 0.789806 0.395443 0.166670 0.022232
0 0.926242 0.393653 0.089879 0.018653
0 0.676417 0.347176 0.107842 0.017866
2 0.093023 0.382937 0.014706 0.011364
2 0.093023 0.397030 0.014706 0.011364
0 0.338331 0.169273 0.144433 0.021346
0 0.131202 0.169273 0.144433 0.021346
0 0.780007 0.699135 0.279412 0.018500
0 0.780007 0.653689 0.279412 0.022105
0 0.781359 0.609818 0.279412 0.018515
0 0.781359 0.561859 0.279412 0.021899
2 0.449814 0.508946 0.014706 0.011364
2 0.512944 0.508950 0.014706 0.011364
0 0.876805 0.949969 0.188747 0.017261