0 0.264054 0.151768 0.463581 0.025202
0 0.619435 0.151533 0.226459 0.024879
0 0.853828 0.151669 0.228910 0.024812
0 0.146850 0.302332 0.233914 0.020301
0 0.323956 0.302332 0.114739 0.020301
0 0.440762 0.302212 0.114283 0.020299
0 0.146721 0.325032 0.233914 0.020774
0 0.323956 0.325032 0.114739 0.020774
0 0.440864 0.325148 0.114895 0.021246
0 0.147130 0.347969 0.233914 0.020774
0 0.323956 0.347890 0.114739 0.021247
0 0.440660 0.348006 0.114895 0.020773
0 0.146721 0.370511 0.233914 0.021247
0 0.323956 0.370511 0.114739 0.021247
0 0.440660 0.370391 0.114895 0.021246
0 0.146721 0.393117 0.233914 0.021721
0 0.323854 0.393117 0.115351 0.021721
0 0.440864 0.393233 0.114895 0.021246
0 0.146721 0.415975 0.233914 0.021247
0 0.323956 0.415975 0.114739 0.021247
0 0.441069 0.415854 0.113670 0.021246
1 0.540131 0.301498 0.069562 0.020306
1 0.616623 0.301498 0.069757 0.019674
1 0.695619 0.301498 0.069859 0.019674
1 0.772825 0.301655 0.069859 0.019990
0 0.892147 0.302250 0.157879 0.020071
1 0.539823 0.323929 0.069972 0.020621
1 0.616723 0.323929 0.070165 0.020621
1 0.695619 0.323929 0.069859 0.020621
1 0.772825 0.324087 0.069859 0.020937
0 0.892351 0.325000 0.158287 0.020071
1 0.539926 0.346677 0.069971 0.020306
1 0.616623 0.346677 0.069757 0.020306
1 0.695619 0.346677 0.069859 0.020306
1 0.772825 0.346677 0.069859 0.020306
0 0.892351 0.347750 0.158287 0.020071
1 0.539926 0.369427 0.069971 0.020306
1 0.616623 0.369427 0.069757 0.020306
1 0.695619 0.369424 0.069859 0.020621
1 0.772825 0.369424 0.069859 0.020621
0 0.892351 0.370501 0.158287 0.020069
1 0.539722 0.392177 0.070379 0.020306
1 0.616828 0.392177 0.070165 0.020306
1 0.695619 0.392249 0.069859 0.020621
1 0.772825 0.392249 0.069859 0.020621
0 0.892351 0.393409 0.158287 0.019754
1 0.539722 0.414927 0.070379 0.020306
1 0.616828 0.414927 0.070165 0.020306
1 0.695619 0.414838 0.069859 0.020621
1 0.772825 0.414838 0.069859 0.020621
0 0.892351 0.416159 0.158287 0.019754
0 0.893837 0.472228 0.151752 0.013125
0 0.461861 0.941859 0.040441 0.019008
0 0.572497 0.940826 0.169065 0.019204
0 0.899011 0.940860 0.146108 0.019307
5 0.082634 0.975545 0.105884 0.035537
5 0.206165 0.975545 0.105883 0.035537
5 0.337546 0.975665 0.105882 0.035537
0 0.742036 0.933714 0.165389 0.036249