5 0.272059 0.018939 0.233660 0.020202
5 0.537582 0.018308 0.235294 0.021465
5 0.802288 0.017677 0.235294 0.022727
0 0.282137 0.110270 0.416125 0.013468
0 0.618464 0.110480 0.178105 0.013889
0 0.854575 0.110480 0.192810 0.013889
0 0.280229 0.157197 0.413399 0.046717
0 0.620915 0.140152 0.179739 0.012626
0 0.854575 0.139520 0.192810 0.013889
0 0.618303 0.176768 0.177778 0.014142
2 0.738562 0.179293 0.019608 0.015152
2 0.856209 0.179293 0.019608 0.015152
1 0.055556 0.218434 0.019608 0.015152
2 0.217320 0.229798 0.019608 0.015152
2 0.370915 0.229798 0.019608 0.015152
2 0.217320 0.247475 0.019608 0.015152
2 0.511438 0.247475 0.019608 0.015152
2 0.738562 0.247475 0.019608 0.015152
0 0.068627 0.281566 0.032680 0.015152
0 0.524510 0.281566 0.032680 0.015152
2 0.818627 0.272096 0.032680 0.011364
2 0.818627 0.286616 0.032680 0.012626
0 0.067810 0.321338 0.031046 0.016414
0 0.524510 0.321970 0.032680 0.015152
2 0.818627 0.311237 0.032680 0.011364
2 0.818627 0.326389 0.032680 0.011364
0 0.272872 0.397721 0.398687 0.050504
0 0.742636 0.404666 0.426464 0.013889
0 0.620920 0.433505 0.178651 0.013468
0 0.858394 0.434768 0.196080 0.012626
2 0.084967 0.468434 0.019608 0.015152
2 0.084967 0.497475 0.019608 0.015152
2 0.114379 0.520202 0.019608 0.015152
2 0.114379 0.542929 0.019608 0.015152
2 0.114379 0.565657 0.019608 0.015152
0 0.310458 0.577020 0.352941 0.012626
1 0.562091 0.530934 0.019608 0.013889
1 0.562091 0.547980 0.019608 0.015152
0 0.854575 0.546717 0.055556 0.012626
0 0.854575 0.560606 0.055556 0.012626
1 0.562091 0.577020 0.019608 0.015152
0 0.854575 0.574495 0.055556 0.012626
0 0.854575 0.589015 0.055556 0.011364
1 0.605392 0.656566 0.017974 0.015152
1 0.649510 0.656566 0.017974 0.015152
1 0.695261 0.656566 0.017974 0.015152
1 0.833333 0.657197 0.016340 0.013889
1 0.877451 0.657197 0.016340 0.013889
1 0.921569 0.657197 0.016340 0.013889
1 0.605392 0.713384 0.017974 0.015152
1 0.649510 0.714015 0.017974 0.013889
1 0.693627 0.714015 0.017974 0.013889
1 0.834150 0.714015 0.017974 0.013889
1 0.878268 0.714015 0.017974 0.013889
1 0.922386 0.714015 0.017974 0.013889
0 0.219452 0.712809 0.286903 0.013214
0 0.446626 0.711285 0.104576 0.015152
2 0.055556 0.763889 0.019608 0.015152
2 0.055556 0.780934 0.019608 0.013889
2 0.055556 0.797980 0.019608 0.015152
0 0.250547 0.813558 0.352944 0.012626
1 0.511438 0.763889 0.019608 0.015152
2 0.584967 0.763889 0.019608 0.015152
2 0.702614 0.763889 0.019608 0.015152
2 0.820261 0.763889 0.019608 0.015152
1 0.511438 0.781566 0.019608 0.015152
1 0.511438 0.797980 0.019608 0.015152
0 0.793288 0.794811 0.027777 0.013889
0 0.794105 0.809962 0.026143 0.011363
1 0.511438 0.827020 0.019608 0.015152
0 0.794105 0.823851 0.026143 0.011363
0 0.794105 0.837740 0.026143 0.011363
0 0.279303 0.888259 0.418004 0.046982
0 0.741957 0.903675 0.423704 0.013214
0 0.168847 0.936034 0.189544 0.015152
0 0.617652 0.936034 0.178651 0.013468
0 0.855115 0.936442 0.196077 0.012626