0 0.873341 0.941713 0.188747 0.017261
0 0.187600 0.416818 0.257552 0.018653
0 0.430347 0.416728 0.198528 0.018832
3 0.578435 0.418607 0.078824 0.022232
3 0.852940 0.416728 0.232029 0.018832
0 0.676223 0.417211 0.107842 0.017866
0 0.218546 0.455681 0.319046 0.022323
0 0.415646 0.456585 0.062093 0.020515
1 0.468136 0.442385 0.014706 0.011364
1 0.468067 0.459093 0.014706 0.011364
1 0.526792 0.459093 0.014706 0.011364
0 0.720591 0.366271 0.499505 0.018880
1 0.400328 0.355032 0.014706 0.011364
0 0.131484 0.368813 0.144895 0.022388
1 0.214552 0.369875 0.014706 0.011364
0 0.325484 0.368813 0.121093 0.022388
1 0.400327 0.371145 0.014706 0.011364
2 0.422173 0.479477 0.014706 0.011364
2 0.484871 0.479477 0.014706 0.011364
0 0.832510 0.479849 0.276157 0.022975
2 0.747279 0.102025 0.014706 0.011364
2 0.807392 0.102025 0.014706 0.011364
0 0.187400 0.239355 0.257552 0.018653
0 0.430148 0.239266 0.198528 0.018832
3 0.578235 0.241145 0.078824 0.022232
3 0.852740 0.239266 0.232029 0.018832
0 0.676024 0.239749 0.107842 0.017866
0 0.218346 0.278219 0.319046 0.022323
0 0.415447 0.279123 0.062093 0.020515
1 0.467873 0.264923 0.014706 0.011364
1 0.467868 0.281635 0.014706 0.011364
1 0.526593 0.281635 0.014706 0.011364
0 0.720391 0.189323 0.499505 0.017860
1 0.400328 0.177570 0.014706 0.011364
0 0.131286 0.191350 0.144895 0.022388
1 0.214353 0.192413 0.014706 0.011364
0 0.325385 0.191350 0.121292 0.022388
1 0.400327 0.193683 0.014706 0.011364
2 0.422173 0.302014 0.014706 0.011364
2 0.484871 0.302014 0.014706 0.011364
0 0.830470 0.302385 0.280237 0.022975