0 0.873341 0.941713 0.188747 0.017261
0 0.308668 0.182761 0.500310 0.037899
0 0.514551 0.369702 0.912075 0.037126
0 0.514551 0.440335 0.912075 0.037899
2 0.747279 0.104867 0.014706 0.011364
2 0.810405 0.104867 0.014706 0.011364
1 0.907735 0.176482 0.014706 0.011364
0 0.641545 0.189321 0.136031 0.022388
1 0.720180 0.191325 0.014706 0.011364
0 0.834650 0.189321 0.125196 0.022388
1 0.907678 0.192595 0.014706 0.011364
0 0.308979 0.253782 0.500310 0.037899
1 0.908124 0.247501 0.014706 0.011364
0 0.641855 0.260342 0.136031 0.022388
1 0.720490 0.262345 0.014706 0.011364
0 0.834951 0.260342 0.125196 0.022388
1 0.907989 0.263615 0.014706 0.011364
2 0.776691 0.286689 0.014706 0.011364
2 0.839817 0.286689 0.014706 0.011364